Accession ID	Collection date	Submission date	Location
EPI_ISL_1966198	2021-03-09	2021-05-08	South America / Brazil / Sao Paulo
EPI_ISL_1495037	2021-03-09	2021-04-07	South America / Brazil / Minas Gerais / Belo Horizonte
EPI_ISL_1495036	2021-03-12	2021-04-07	South America / Brazil / Minas Gerais / Belo Horizonte
EPI_ISL_1495026	2021-03-03	2021-04-07	South America / Brazil / Minas Gerais / Belo Horizonte
EPI_ISL_1495016	2021-03-03	2021-04-07	South America / Brazil / Minas Gerais / Belo Horizonte
EPI_ISL_1495014	2021-03-03	2021-04-07	South America / Brazil / Minas Gerais / Belo Horizonte
EPI_ISL_1495011	2021-03-05	2021-04-07	South America / Brazil / Minas Gerais / Belo Horizonte
EPI_ISL_1493579	2021-02-25	2021-04-06	South America / Brazil / Rondonia / Porto Velho
EPI_ISL_984619	2021-02-03	2021-02-13	South America / Brazil / Rio Grande do Sul
EPI_ISL_1494977	2021-02-26	2021-04-07	South America / Brazil / Minas Gerais / Belo Horizonte
EPI_ISL_1498917	2021-02-01	2021-04-07	South America / Brazil / Sao Paulo / Mirandopolis
EPI_ISL_2245185	2021-02-09	2021-05-24	South America / Brazil / Sao Paulo / Araraquara
EPI_ISL_2249397	2021-03-09	2021-05-25	South America / Brazil / Minas Gerais / Ibirite
EPI_ISL_1520129	2021-02-19	2021-04-09	South America / Brazil / Sao Paulo / Mococa
EPI_ISL_1520136	2021-02-19	2021-04-09	South America / Brazil / Sao Paulo / Mococa
EPI_ISL_1520130	2021-02-19	2021-04-09	South America / Brazil / Sao Paulo / Mococa
EPI_ISL_1533725	2021-03-03	2021-04-10	South America / Brazil / Sao Paulo / Guarulhos
EPI_ISL_1533722	2021-03-09	2021-04-10	South America / Brazil / Sao Paulo / Piracaia
EPI_ISL_1533723	2021-03-08	2021-04-10	South America / Brazil / Sao Paulo / Itaquaquecetuba
EPI_ISL_1533706	2021-02-23	2021-04-10	South America / Brazil / Sao Paulo / Sao Paulo
EPI_ISL_1533701	2021-02-15	2021-04-10	South America / Brazil / Sao Paulo / Sao Paulo
EPI_ISL_1533719	2021-03-07	2021-04-10	South America / Brazil / Sao Paulo / Holambra
EPI_ISL_1533714	2021-03-06	2021-04-10	South America / Brazil / Sao Paulo / Osasco
EPI_ISL_1533711	2021-02-24	2021-04-10	South America / Brazil / Sao Paulo / Sao Paulo
EPI_ISL_1533713	2021-03-08	2021-04-10	South America / Brazil / Sao Paulo / Hortolandia
EPI_ISL_1533996	2021-02-01	2021-04-10	South America / Brazil / Santa Catarina / Sao Jose
EPI_ISL_1534000	2021-02-19	2021-04-10	South America / Brazil / Parana / Londrina
EPI_ISL_1534002	2021-02-23	2021-04-10	South America / Brazil / Santa Catarina / Joinville
EPI_ISL_1534008	2021-02-26	2021-04-10	South America / Brazil / Santa Catarina / Joinville
EPI_ISL_1533690	2021-02-19	2021-04-10	South America / Brazil / Sao Paulo / Mococa
EPI_ISL_1533699	2021-02-10	2021-04-10	South America / Brazil / Sao Paulo / Biritiba Mirim
EPI_ISL_1534011	2021-03-11	2021-04-10	South America / Brazil / Rio de Janeiro / Niteroi
EPI_ISL_1534013	2021-03-15	2021-04-10	South America / Brazil / Rio Grande do Sul / Porto Xavier
EPI_ISL_1534014	2021-03-16	2021-04-10	South America / Brazil / Rio de Janeiro / Rio de Janeiro
EPI_ISL_1060991	2021-01-08	2021-02-23	South America / Brazil / Amazonas / Manaus
EPI_ISL_1067733	2021-01-23	2021-02-24	South America / Brazil / Bahia
EPI_ISL_1068261	2021-01-05	2021-02-25	South America / Brazil / Amazonas / Manaus
EPI_ISL_1068289	2021-01-05	2021-02-25	South America / Brazil / Amazonas / Presidente Figueiredo
EPI_ISL_1068275	2021-01-08	2021-02-25	South America / Brazil / Amazonas / Manaus
EPI_ISL_1068269	2021-01-08	2021-02-25	South America / Brazil / Amazonas / Manaus
EPI_ISL_1068291	2021-01-07	2021-02-25	South America / Brazil / Amazonas / Careiro
EPI_ISL_1060943	2020-12-17	2021-02-23	South America / Brazil / Amazonas / Manaus
EPI_ISL_1061026	2021-01-05	2021-02-23	South America / Brazil / Amazonas / Manaus
EPI_ISL_1060931	2020-12-28	2021-02-23	South America / Brazil / Amazonas / Manaus
EPI_ISL_1060932	2021-01-04	2021-02-23	South America / Brazil / Amazonas / Manaus
EPI_ISL_1061021	2020-12-18	2021-02-23	South America / Brazil / Amazonas / Manaus
EPI_ISL_1786560	2021-03-03	2021-04-29	South America / Brazil / Sao Paulo / Santos
EPI_ISL_1060877	2020-12-07	2021-02-23	South America / Brazil / Amazonas / Manaus
EPI_ISL_1578740	2021-03-31	2021-04-13	South America / Brazil / Sao Paulo / Cesario Lange
EPI_ISL_1578453	2021-03-31	2021-04-13	South America / Brazil / Sao Paulo / Taquarituba
EPI_ISL_1580502	2021-04-02	2021-04-13	South America / Brazil / Sao Paulo / Botucatu
EPI_ISL_1583663	2021-02-12	2021-04-14	South America / Brazil / Bahia
EPI_ISL_1583674	2021-02-08	2021-04-14	South America / Brazil / Bahia
EPI_ISL_1583725	2021-03-01	2021-04-14	South America / Brazil / Bahia
EPI_ISL_1583672	2021-03-02	2021-04-14	South America / Brazil / Bahia
EPI_ISL_1583679	2021-03-04	2021-04-14	South America / Brazil / Bahia
EPI_ISL_1583650	2021-02-04	2021-04-14	South America / Brazil / Bahia
EPI_ISL_1583682	2021-02-08	2021-04-14	South America / Brazil / Bahia
EPI_ISL_1583680	2021-02-19	2021-04-14	South America / Brazil / Bahia
EPI_ISL_1583683	2021-02-12	2021-04-14	South America / Brazil / Bahia
EPI_ISL_1608170	2021-02-23	2021-04-15	South America / Brazil / Bahia / Salvador
EPI_ISL_1608168	2021-02-13	2021-04-15	South America / Brazil / Bahia / Salvador
EPI_ISL_1608161	2021-02-07	2021-04-15	South America / Brazil / Bahia / Salvador
EPI_ISL_1608164	2021-02-16	2021-04-15	South America / Brazil / Bahia / Salvador
EPI_ISL_1608166	2021-02-17	2021-04-15	South America / Brazil / Bahia / Salvador
EPI_ISL_1608167	2021-02-12	2021-04-15	South America / Brazil / Bahia / Salvador
EPI_ISL_985312	2021-01-19	2021-02-15	South America / Brazil / Goias / Aparecida de Goiania
EPI_ISL_985307	2021-01-19	2021-02-15	South America / Brazil / Goias / Aparecida de Goiania
EPI_ISL_985314	2021-01-19	2021-02-15	South America / Brazil / Goias / Aparecida de Goiania
EPI_ISL_985306	2021-01-19	2021-02-15	South America / Brazil / Goias / Aparecida de Goiania
EPI_ISL_1625984	2021-02-18	2021-04-16	South America / Brazil / Sao Paulo / Araras
EPI_ISL_1625976	2021-03-08	2021-04-16	South America / Brazil / Sao Paulo / Divinolandia
EPI_ISL_1625975	2021-03-07	2021-04-16	South America / Brazil / Sao Paulo / Sumare
EPI_ISL_1625974	2021-03-15	2021-04-16	South America / Brazil / Sao Paulo / Aracatuba
EPI_ISL_1625978	2021-02-15	2021-04-16	South America / Brazil / Sao Paulo / Rio Claro
EPI_ISL_1625972	2021-03-12	2021-04-16	South America / Brazil / Sao Paulo / Sao Paulo
EPI_ISL_1625999	2021-02-26	2021-04-16	South America / Brazil / Sao Paulo / Rio Claro
EPI_ISL_1625990	2021-02-21	2021-04-16	South America / Brazil / Sao Paulo / Leme
EPI_ISL_1625995	2021-02-26	2021-04-16	South America / Brazil / Sao Paulo / Rio Claro
EPI_ISL_1625994	2021-02-26	2021-04-16	South America / Brazil / Sao Paulo / Leme
EPI_ISL_1625992	2021-02-24	2021-04-16	South America / Brazil / Sao Paulo / Limeira
EPI_ISL_2241325	2021-05-13	2021-05-24	South America / Brazil / Sao Paulo
EPI_ISL_1626606	2021-02-27	2021-04-16	South America / Brazil / Sao Paulo / Rio Claro
EPI_ISL_985318	2021-01-08	2021-02-15	South America / Brazil / Santa Catarina / Florianopolis
EPI_ISL_1628372	2021-03-15	2021-04-17	South America / Brazil / Sao Paulo / Morro Agudo
EPI_ISL_1628373	2021-03-22	2021-04-17	South America / Brazil / Sao Paulo / Bebedouro
EPI_ISL_1628376	2021-03-19	2021-04-17	South America / Brazil / Sao Paulo / Guariba
EPI_ISL_1628378	2021-03-21	2021-04-17	South America / Brazil / Sao Paulo / Jardinopolis
EPI_ISL_1628361	2021-03-17	2021-04-17	South America / Brazil / Sao Paulo / Pedro de Toledo
EPI_ISL_1628362	2021-03-17	2021-04-17	South America / Brazil / Sao Paulo / Pariquera-Acu
EPI_ISL_1628364	2021-03-16	2021-04-17	South America / Brazil / Goias / Goiania
EPI_ISL_1628365	2021-03-17	2021-04-17	South America / Brazil / Goias / Goiania
EPI_ISL_1628366	2021-03-18	2021-04-17	South America / Brazil / Sao Paulo / Patrocinio Paulista
EPI_ISL_1628367	2021-03-18	2021-04-17	South America / Brazil / Sao Paulo / Guaira
EPI_ISL_1628354	2021-03-14	2021-04-17	South America / Brazil / Sao Paulo / Jacupiranga
EPI_ISL_1628355	2021-03-17	2021-04-17	South America / Brazil / Sao Paulo / Cajati
EPI_ISL_1628347	2021-03-13	2021-04-17	South America / Brazil / Sao Paulo / Registro
EPI_ISL_1628349	2021-03-13	2021-04-17	South America / Brazil / Sao Paulo / Registro
EPI_ISL_1630158	2020-11-30	2021-04-18	South America / Brazil / Rio Grande do Sul / Campo Bom
EPI_ISL_1000673	2021-01-22	2021-02-15	South America / Brazil / Sao Paulo / Sao Jose dos Campos
EPI_ISL_1664201	2021-03-27	2021-04-21	South America / Brazil / Rio de Janeiro / Sao Pedro da Aldeia
EPI_ISL_1664200	2021-03-27	2021-04-21	South America / Brazil / Rio de Janeiro / Sao Pedro da Aldeia
EPI_ISL_1664119	2021-03-24	2021-04-21	South America / Brazil / Rio de Janeiro / Petropolis
EPI_ISL_1664114	2021-03-24	2021-04-21	South America / Brazil / Rio de Janeiro / Petropolis
EPI_ISL_1664113	2021-03-25	2021-04-21	South America / Brazil / Rio de Janeiro / Bom Jardim
EPI_ISL_1664116	2021-03-24	2021-04-21	South America / Brazil / Rio de Janeiro / Petropolis
EPI_ISL_1664115	2021-03-24	2021-04-21	South America / Brazil / Rio de Janeiro / Petropolis
EPI_ISL_1664193	2021-03-26	2021-04-21	South America / Brazil / Rio de Janeiro / Paraiba do Sul
EPI_ISL_1664192	2021-03-26	2021-04-21	South America / Brazil / Rio de Janeiro / Aperibe
EPI_ISL_1664191	2021-03-26	2021-04-21	South America / Brazil / Rio de Janeiro / Aperibe
EPI_ISL_1664198	2021-03-27	2021-04-21	South America / Brazil / Rio de Janeiro / Sao Pedro da Aldeia
EPI_ISL_1664196	2021-03-27	2021-04-21	South America / Brazil / Rio de Janeiro / Paraiba do Sul
EPI_ISL_1664190	2021-03-26	2021-04-21	South America / Brazil / Rio de Janeiro / Aperibe
EPI_ISL_1664199	2021-03-27	2021-04-21	South America / Brazil / Rio de Janeiro / Sao Pedro da Aldeia
EPI_ISL_1664183	2021-03-26	2021-04-21	South America / Brazil / Rio de Janeiro / Mangaratiba
EPI_ISL_1664182	2021-03-26	2021-04-21	South America / Brazil / Rio de Janeiro / Mangaratiba
EPI_ISL_1664180	2021-03-26	2021-04-21	South America / Brazil / Rio de Janeiro / Macae
EPI_ISL_1664189	2021-03-26	2021-04-21	South America / Brazil / Rio de Janeiro / Mangaratiba
EPI_ISL_1664188	2021-03-26	2021-04-21	South America / Brazil / Rio de Janeiro / Duas Barras
EPI_ISL_1664172	2021-03-25	2021-04-21	South America / Brazil / Rio de Janeiro / Conceicao de Macabu
EPI_ISL_1664171	2021-03-25	2021-04-21	South America / Brazil / Rio de Janeiro / Conceicao de Macabu
EPI_ISL_1664174	2021-03-26	2021-04-21	South America / Brazil / Rio de Janeiro / Volta Redonda
EPI_ISL_1664173	2021-03-25	2021-04-21	South America / Brazil / Rio de Janeiro / Conceicao de Macabu
EPI_ISL_1664178	2021-03-27	2021-04-21	South America / Brazil / Rio de Janeiro / Volta Redonda
EPI_ISL_1664177	2021-03-27	2021-04-21	South America / Brazil / Rio de Janeiro / Volta Redonda
EPI_ISL_1664161	2021-03-26	2021-04-21	South America / Brazil / Rio de Janeiro / Rio Claro
EPI_ISL_1664163	2021-03-26	2021-04-21	South America / Brazil / Rio de Janeiro / Rio Claro
EPI_ISL_1664162	2021-03-26	2021-04-21	South America / Brazil / Rio de Janeiro / Rio Claro
EPI_ISL_1664169	2021-03-25	2021-04-21	South America / Brazil / Rio de Janeiro / Conceicao de Macabu
EPI_ISL_1664168	2021-03-25	2021-04-21	South America / Brazil / Rio de Janeiro / Conceicao de Macabu
EPI_ISL_1664150	2021-03-24	2021-04-21	South America / Brazil / Rio de Janeiro / Petropolis
EPI_ISL_1664154	2021-03-24	2021-04-21	South America / Brazil / Rio de Janeiro / Petropolis
EPI_ISL_1664153	2021-03-24	2021-04-21	South America / Brazil / Rio de Janeiro / Petropolis
EPI_ISL_1664151	2021-03-24	2021-04-21	South America / Brazil / Rio de Janeiro / Petropolis
EPI_ISL_1664156	2021-03-24	2021-04-21	South America / Brazil / Rio de Janeiro / Petropolis
EPI_ISL_1664155	2021-03-24	2021-04-21	South America / Brazil / Rio de Janeiro / Petropolis
EPI_ISL_1664159	2021-03-26	2021-04-21	South America / Brazil / Rio de Janeiro / Paty do Alferes
EPI_ISL_1664143	2021-03-26	2021-04-21	South America / Brazil / Rio de Janeiro / Resende
EPI_ISL_1664142	2021-03-26	2021-04-21	South America / Brazil / Rio de Janeiro / Resende
EPI_ISL_1664146	2021-03-26	2021-04-21	South America / Brazil / Rio de Janeiro / Resende
EPI_ISL_1664145	2021-03-26	2021-04-21	South America / Brazil / Rio de Janeiro / Resende
EPI_ISL_1664144	2021-03-26	2021-04-21	South America / Brazil / Rio de Janeiro / Resende
EPI_ISL_1664149	2021-03-24	2021-04-21	South America / Brazil / Rio de Janeiro / Petropolis
EPI_ISL_1664131	2021-03-26	2021-04-21	South America / Brazil / Rio de Janeiro / Volta Redonda
EPI_ISL_1664136	2021-03-26	2021-04-21	South America / Brazil / Rio de Janeiro / Rio das Flores
EPI_ISL_1664135	2021-03-26	2021-04-21	South America / Brazil / Rio de Janeiro / Rio das Flores
EPI_ISL_1664139	2021-03-26	2021-04-21	South America / Brazil / Rio de Janeiro / Resende
EPI_ISL_1664137	2021-03-26	2021-04-21	South America / Brazil / Rio de Janeiro / Rio das Flores
EPI_ISL_1664120	2021-03-24	2021-04-21	South America / Brazil / Rio de Janeiro / Petropolis
EPI_ISL_1664125	2021-03-26	2021-04-21	South America / Brazil / Rio de Janeiro / Rio das Ostras
EPI_ISL_1664124	2021-03-26	2021-04-21	South America / Brazil / Rio de Janeiro / Rio das Ostras
EPI_ISL_1664122	2021-03-24	2021-04-21	South America / Brazil / Rio de Janeiro / Petropolis
EPI_ISL_1664128	2021-03-26	2021-04-21	South America / Brazil / Rio de Janeiro / Volta Redonda
EPI_ISL_1664127	2021-03-26	2021-04-21	South America / Brazil / Rio de Janeiro / Rio das Ostras
EPI_ISL_1716442	2021-03-04	2021-04-25	South America / Brazil / Goias / Goiania
EPI_ISL_1715144	2021-03-16	2021-04-25	South America / Brazil / Sao Paulo / Robeirao Preto
EPI_ISL_1715149	2021-04-03	2021-04-25	South America / Brazil / Sao Paulo / Sorocaba
EPI_ISL_1715142	2021-03-22	2021-04-25	South America / Brazil / Sao Paulo / Patrocinio Paulista
EPI_ISL_1715156	2021-04-05	2021-04-25	South America / Brazil / Sao Paulo / Capao Bonito
EPI_ISL_1716488	2021-02-06	2021-04-25	South America / Brazil / Goias / Montes Claros de Goias
EPI_ISL_1715154	2021-04-05	2021-04-25	South America / Brazil / Sao Paulo / Salto
EPI_ISL_1715155	2021-04-05	2021-04-25	South America / Brazil / Sao Paulo / Porto Feliz
EPI_ISL_1715158	2021-04-05	2021-04-25	South America / Brazil / Sao Paulo / Itapevi
EPI_ISL_1715153	2021-04-02	2021-04-25	South America / Brazil / Sao Paulo / Sorocaba
EPI_ISL_1715150	2021-04-03	2021-04-25	South America / Brazil / Sao Paulo / Sorocaba
EPI_ISL_1715151	2021-04-03	2021-04-25	South America / Brazil / Sao Paulo / Sorocaba
EPI_ISL_1716454	2021-03-04	2021-04-25	South America / Brazil / Goias / Goiania
EPI_ISL_1716452	2021-03-04	2021-04-25	South America / Brazil / Goias / Goiania
EPI_ISL_1715134	2021-03-10	2021-04-25	South America / Brazil / Sao Paulo / Ibitinga
EPI_ISL_1715135	2021-03-09	2021-04-25	South America / Brazil / Sao Paulo / Ituverava
EPI_ISL_1716463	2021-02-12	2021-04-25	South America / Brazil / Goias / Catalao
EPI_ISL_1715138	2021-03-15	2021-04-25	South America / Brazil / Sao Paulo / Cravinhos
EPI_ISL_1715139	2021-03-09	2021-04-25	South America / Brazil / Sao Paulo / Taquaritinga
EPI_ISL_1715136	2021-03-07	2021-04-25	South America / Brazil / Sao Paulo / Ituverava
EPI_ISL_1715137	2021-03-16	2021-04-25	South America / Brazil / Sao Paulo / Itapolis
EPI_ISL_1716403	2021-03-04	2021-04-25	South America / Brazil / Goias / Goiania
EPI_ISL_1716438	2021-03-05	2021-04-25	South America / Brazil / Goias / Goiania
EPI_ISL_1716439	2021-03-05	2021-04-25	South America / Brazil / Goias / Goiania
EPI_ISL_1716432	2021-03-04	2021-04-25	South America / Brazil / Goias / Goiania
EPI_ISL_1716433	2021-03-04	2021-04-25	South America / Brazil / Goias / Goiania
EPI_ISL_1716430	2021-03-04	2021-04-25	South America / Brazil / Goias / Goiania
EPI_ISL_1716431	2021-03-04	2021-04-25	South America / Brazil / Goias / Goiania
EPI_ISL_1716436	2021-03-05	2021-04-25	South America / Brazil / Goias / Goiania
EPI_ISL_1716437	2021-03-05	2021-04-25	South America / Brazil / Goias / Goiania
EPI_ISL_1716434	2021-03-05	2021-04-25	South America / Brazil / Goias / Goiania
EPI_ISL_1716435	2021-03-05	2021-04-25	South America / Brazil / Goias / Goiania
EPI_ISL_1716449	2021-03-04	2021-04-25	South America / Brazil / Goias / Goiania
EPI_ISL_1716443	2021-03-05	2021-04-25	South America / Brazil / Goias / Goiania
EPI_ISL_1716444	2021-03-05	2021-04-25	South America / Brazil / Goias / Goiania
EPI_ISL_1716447	2021-03-04	2021-04-25	South America / Brazil / Goias / Goiania
EPI_ISL_1716446	2021-03-04	2021-04-25	South America / Brazil / Goias / Goiania
EPI_ISL_1716440	2021-03-04	2021-04-25	South America / Brazil / Goias / Goiania
EPI_ISL_1716418	2021-03-04	2021-04-25	South America / Brazil / Goias / Goiania
EPI_ISL_1716419	2021-03-04	2021-04-25	South America / Brazil / Goias / Goiania
EPI_ISL_1716416	2021-03-04	2021-04-25	South America / Brazil / Goias / Goiania
EPI_ISL_1716417	2021-03-04	2021-04-25	South America / Brazil / Goias / Goiania
EPI_ISL_1716410	2021-03-05	2021-04-25	South America / Brazil / Goias / Goiania
EPI_ISL_1716411	2021-03-04	2021-04-25	South America / Brazil / Goias / Goiania
EPI_ISL_1716414	2021-03-04	2021-04-25	South America / Brazil / Goias / Goiania
EPI_ISL_1716413	2021-03-04	2021-04-25	South America / Brazil / Goias / Goiania
EPI_ISL_1716429	2021-03-04	2021-04-25	South America / Brazil / Goias / Goiania
EPI_ISL_1716427	2021-03-04	2021-04-25	South America / Brazil / Goias / Goiania
EPI_ISL_1716428	2021-03-04	2021-04-25	South America / Brazil / Goias / Goiania
EPI_ISL_1716422	2021-03-04	2021-04-25	South America / Brazil / Goias / Goiania
EPI_ISL_1716420	2021-03-04	2021-04-25	South America / Brazil / Goias / Goiania
EPI_ISL_1716423	2021-03-04	2021-04-25	South America / Brazil / Goias / Goiania
EPI_ISL_1716424	2021-03-04	2021-04-25	South America / Brazil / Goias / Goiania
EPI_ISL_1716474	2021-02-26	2021-04-25	South America / Brazil / Goias / Iaciara
EPI_ISL_1716472	2021-02-15	2021-04-25	South America / Brazil / Goias / Morrinhos
EPI_ISL_1716471	2021-02-22	2021-04-25	South America / Brazil / Goias / Quirinopolis
EPI_ISL_1716487	2021-02-11	2021-04-25	South America / Brazil / Goias / Faina
EPI_ISL_1716485	2021-02-03	2021-04-25	South America / Brazil / Goias / Rio Verde
EPI_ISL_1716480	2021-02-27	2021-04-25	South America / Brazil / Goias / Trindade
EPI_ISL_1716484	2021-02-06	2021-04-25	South America / Brazil / Goias / Abadia de Goias
EPI_ISL_1716481	2021-02-27	2021-04-25	South America / Brazil / Goias / Trindade
EPI_ISL_1716482	2021-02-19	2021-04-25	South America / Brazil / Goias / Goiania
EPI_ISL_1716455	2021-03-04	2021-04-25	South America / Brazil / Goias / Goiania
EPI_ISL_1716453	2021-03-04	2021-04-25	South America / Brazil / Goias / Goiania
EPI_ISL_1716459	2021-02-18	2021-04-25	South America / Brazil / Goias / Mundo Novo
EPI_ISL_1716456	2021-03-05	2021-04-25	South America / Brazil / Goias / Goiania
EPI_ISL_1716457	2021-02-18	2021-04-25	South America / Brazil / Goias / Bom Jesus de Goias
EPI_ISL_1716451	2021-03-04	2021-04-25	South America / Brazil / Goias / Goiania
EPI_ISL_1716464	2021-02-12	2021-04-25	South America / Brazil / Goias / Catalao
EPI_ISL_1716467	2021-02-16	2021-04-25	South America / Brazil / Goias / Jussara
EPI_ISL_1716468	2021-02-12	2021-04-25	South America / Brazil / Goias / Itapaci
EPI_ISL_1716462	2021-02-12	2021-04-25	South America / Brazil / Goias / Catalao
EPI_ISL_1716460	2021-02-26	2021-04-25	South America / Brazil / Goias / Turvania
EPI_ISL_1716498	2021-02-10	2021-04-25	South America / Brazil / Goias / Davinopolis
EPI_ISL_1716496	2021-02-09	2021-04-25	South America / Brazil / Goias / Sao Luis de Montes Belos
EPI_ISL_1716497	2021-02-09	2021-04-25	South America / Brazil / Goias / Jussara
EPI_ISL_1716490	2021-02-08	2021-04-25	South America / Brazil / Goias / Davinopolis
EPI_ISL_1716491	2021-02-08	2021-04-25	South America / Brazil / Goias / Catalao
EPI_ISL_1716407	2021-03-04	2021-04-25	South America / Brazil / Goias / Goiania
EPI_ISL_1716406	2021-03-04	2021-04-25	South America / Brazil / Goias / Goiania
EPI_ISL_1716409	2021-03-04	2021-04-25	South America / Brazil / Goias / Goiania
EPI_ISL_1716400	2021-03-04	2021-04-25	South America / Brazil / Goias / Goiania
EPI_ISL_1716404	2021-03-04	2021-04-25	South America / Brazil / Goias / Goiania
EPI_ISL_1716401	2021-03-04	2021-04-25	South America / Brazil / Goias / Goiania
EPI_ISL_1716402	2021-03-05	2021-04-25	South America / Brazil / Goias / Goiania
EPI_ISL_1716510	2021-02-15	2021-04-25	South America / Brazil / Goias / Bom Jesus de Goias
EPI_ISL_1716513	2021-02-16	2021-04-25	South America / Brazil / Goias / Sao Luis de Montes Belos
EPI_ISL_1716512	2021-02-16	2021-04-25	South America / Brazil / Goias / Damolandia
EPI_ISL_1716506	2021-02-14	2021-04-25	South America / Brazil / Goias / Sao Luis de Montes Belos
EPI_ISL_1716507	2021-02-15	2021-04-25	South America / Brazil / Goias / Catalao
EPI_ISL_1716504	2021-02-10	2021-04-25	South America / Brazil / Goias / Santa Fe de Goias
EPI_ISL_1716508	2021-02-15	2021-04-25	South America / Brazil / Goias / Catalao
EPI_ISL_1716509	2021-02-15	2021-04-25	South America / Brazil / Goias / Ceres
EPI_ISL_1716503	2021-02-10	2021-04-25	South America / Brazil / Goias / Santa Fe de Goias
EPI_ISL_1716501	2021-02-11	2021-04-25	South America / Brazil / Goias / Itumbiara
EPI_ISL_1731604	2021-03-31	2021-04-26	South America / Brazil / Sao Paulo / Sao Paulo
EPI_ISL_1731605	2021-04-03	2021-04-26	South America / Brazil / Sao Paulo / Taubate
EPI_ISL_1731607	2021-04-03	2021-04-26	South America / Brazil / Sao Paulo / Guaratingueta
EPI_ISL_1731598	2021-03-23	2021-04-26	South America / Brazil / Sao Paulo / Sao Paulo
EPI_ISL_1731591	2021-04-05	2021-04-26	South America / Brazil / Sao Paulo / Sao Roque
EPI_ISL_1731585	2021-04-03	2021-04-26	South America / Brazil / Sao Paulo / Sorocaba
EPI_ISL_1731586	2021-04-03	2021-04-26	South America / Brazil / Sao Paulo / Sorocaba
EPI_ISL_1731583	2021-04-03	2021-04-26	South America / Brazil / Sao Paulo / Sorocaba
EPI_ISL_1731576	2021-03-07	2021-04-26	South America / Brazil / Sao Paulo / Ribeirao Preto
EPI_ISL_1734883	2021-04-05	2021-04-26	South America / Brazil / Sao Paulo / Araraquara
EPI_ISL_1734880	2021-04-05	2021-04-26	South America / Brazil / Sao Paulo / Araraquara
EPI_ISL_1734878	2021-04-05	2021-04-26	South America / Brazil / Sao Paulo / Araraquara
EPI_ISL_1734871	2021-04-03	2021-04-26	South America / Brazil / Sao Paulo / Porto Ferreira
EPI_ISL_1734861	2021-04-05	2021-04-26	South America / Brazil / Sao Paulo / Ibitinga
EPI_ISL_1734857	2021-04-05	2021-04-26	South America / Brazil / Sao Paulo / Rincao
EPI_ISL_1734852	2021-04-05	2021-04-26	South America / Brazil / Sao Paulo / Boa Esperanca do Sul
EPI_ISL_1734853	2021-04-05	2021-04-26	South America / Brazil / Sao Paulo / Boa Esperanca do Sul
EPI_ISL_1734850	2021-04-05	2021-04-26	South America / Brazil / Sao Paulo / Dourado
EPI_ISL_1734843	2021-04-03	2021-04-26	South America / Brazil / Sao Paulo / Dourado
EPI_ISL_1734844	2021-04-03	2021-04-26	South America / Brazil / Sao Paulo / Descalvado
EPI_ISL_1734849	2021-04-03	2021-04-26	South America / Brazil / Sao Paulo / Gaviao Peixoto
EPI_ISL_1716483	2021-02-26	2021-04-25	South America / Brazil / Goias / Goiania
EPI_ISL_1716398	2021-03-04	2021-04-25	South America / Brazil / Goias / Goiania
EPI_ISL_1716450	2021-03-04	2021-04-25	South America / Brazil / Goias / Goiania
EPI_ISL_1716461	2021-02-17	2021-04-25	South America / Brazil / Goias / Ouvidor
EPI_ISL_1039692	2021-01-19	2021-02-20	South America / Brazil / Goias / Aparecida de Goiania
EPI_ISL_1752651	2021-03-16	2021-04-27	South America / Brazil / Sao Paulo / Sao Paulo
EPI_ISL_1752653	2021-03-16	2021-04-27	South America / Brazil / Sao Paulo / Sao Paulo
EPI_ISL_1752652	2021-03-16	2021-04-27	South America / Brazil / Sao Paulo / Sao Paulo
EPI_ISL_1752654	2021-03-17	2021-04-27	South America / Brazil / Sao Paulo / Sao Paulo
EPI_ISL_1752657	2021-03-17	2021-04-27	South America / Brazil / Sao Paulo / Sao Paulo
EPI_ISL_1752656	2021-03-18	2021-04-27	South America / Brazil / Sao Paulo / Sao Paulo
EPI_ISL_1752662	2021-03-17	2021-04-27	South America / Brazil / Sao Paulo / Sao Paulo
EPI_ISL_1752664	2021-03-18	2021-04-27	South America / Brazil / Sao Paulo / Sao Paulo
EPI_ISL_1752666	2021-03-21	2021-04-27	South America / Brazil / Sao Paulo / Sao Paulo
EPI_ISL_1752667	2021-03-21	2021-04-27	South America / Brazil / Sao Paulo / Sao Paulo
EPI_ISL_1752660	2021-03-18	2021-04-27	South America / Brazil / Sao Paulo / Sao Paulo
EPI_ISL_1752640	2021-04-05	2021-04-27	South America / Brazil / Sao Paulo / Aracoiaba da Serra
EPI_ISL_1752642	2021-04-05	2021-04-27	South America / Brazil / Sao Paulo / Itapeva
EPI_ISL_1752646	2021-04-05	2021-04-27	South America / Brazil / Sao Paulo / Salto
EPI_ISL_1752645	2021-04-05	2021-04-27	South America / Brazil / Sao Paulo / Itapetininga
EPI_ISL_1752648	2021-03-18	2021-04-27	South America / Brazil / Sao Paulo / Sao Paulo
EPI_ISL_1752649	2021-03-17	2021-04-27	South America / Brazil / Sao Paulo / Sao Paulo
EPI_ISL_1786563	2021-03-06	2021-04-29	South America / Brazil / Sao Paulo / Santos
EPI_ISL_1786561	2021-03-04	2021-04-29	South America / Brazil / Sao Paulo / Santos
EPI_ISL_1795223	2021-03-20	2021-04-29	South America / Brazil / Sao Paulo / Itapetininga
EPI_ISL_1795221	2021-03-20	2021-04-29	South America / Brazil / Sao Paulo / Itapetininga
EPI_ISL_1795220	2021-03-20	2021-04-29	South America / Brazil / Sao Paulo / Capao Bonito
EPI_ISL_1795226	2021-03-22	2021-04-29	South America / Brazil / Sao Paulo / Barretos
EPI_ISL_1795225	2021-03-22	2021-04-29	South America / Brazil / Sao Paulo / Barretos
EPI_ISL_1795230	2021-03-22	2021-04-29	South America / Brazil / Sao Paulo / Guaira
EPI_ISL_1795234	2021-03-24	2021-04-29	South America / Brazil / Sao Paulo / Balsamo
EPI_ISL_1795233	2021-03-21	2021-04-29	South America / Brazil / Sao Paulo / Urupes
EPI_ISL_1795238	2021-03-24	2021-04-29	South America / Brazil / Sao Paulo / Balsamo
EPI_ISL_1795235	2021-03-24	2021-04-29	South America / Brazil / Sao Paulo / Balsamo
EPI_ISL_1795208	2021-03-21	2021-04-29	South America / Brazil / Sao Paulo / Tambau
EPI_ISL_1795206	2021-03-21	2021-04-29	South America / Brazil / Sao Paulo / Mogi Mirim
EPI_ISL_1795082	2021-03-21	2021-04-29	South America / Brazil / Sao Paulo / Jundiai
EPI_ISL_1795081	2021-03-22	2021-04-29	South America / Brazil / Sao Paulo / Santa Cruz Das Palmeiras
EPI_ISL_1795093	2021-03-22	2021-04-29	South America / Brazil / Sao Paulo / Promissao
EPI_ISL_1795097	2021-03-21	2021-04-29	South America / Brazil / Sao Paulo / Pindamonhangaba
EPI_ISL_1795099	2021-03-30	2021-04-29	South America / Brazil / Sao Paulo / Piracicaba
EPI_ISL_1795061	2021-03-21	2021-04-29	South America / Brazil / Sao Paulo / Jundiai
EPI_ISL_1795205	2021-03-21	2021-04-29	South America / Brazil / Sao Paulo / Mogi Mirim
EPI_ISL_1795263	2021-03-24	2021-04-29	South America / Brazil / Sao Paulo / Icem
EPI_ISL_1795261	2021-03-24	2021-04-29	South America / Brazil / Sao Paulo / Icem
EPI_ISL_1795260	2021-03-24	2021-04-29	South America / Brazil / Sao Paulo / Icem
EPI_ISL_1795265	2021-03-24	2021-04-29	South America / Brazil / Sao Paulo / Icem
EPI_ISL_1795273	2021-03-24	2021-04-29	South America / Brazil / Sao Paulo / Uchoa
EPI_ISL_1795272	2021-03-23	2021-04-29	South America / Brazil / Sao Paulo / Uchoa
EPI_ISL_1795278	2021-03-23	2021-04-29	South America / Brazil / Sao Paulo / Palestina
EPI_ISL_1795241	2021-03-24	2021-04-29	South America / Brazil / Sao Paulo / Balsamo
EPI_ISL_1795242	2021-03-23	2021-04-29	South America / Brazil / Sao Paulo / Urupes
EPI_ISL_1795249	2021-03-23	2021-04-29	South America / Brazil / Sao Paulo / Tanabi
EPI_ISL_1795247	2021-03-23	2021-04-29	South America / Brazil / Sao Paulo / Nova Granada
EPI_ISL_1795252	2021-03-23	2021-04-29	South America / Brazil / Sao Paulo / Tanabi
EPI_ISL_1795251	2021-03-23	2021-04-29	South America / Brazil / Sao Paulo / Tanabi
EPI_ISL_1795255	2021-03-23	2021-04-29	South America / Brazil / Sao Paulo / Tanabi
EPI_ISL_1795254	2021-03-23	2021-04-29	South America / Brazil / Sao Paulo / Tanabi
EPI_ISL_1795259	2021-03-24	2021-04-29	South America / Brazil / Sao Paulo / Icem
EPI_ISL_1795258	2021-03-24	2021-04-29	South America / Brazil / Sao Paulo / Planalto
EPI_ISL_1795257	2021-03-23	2021-04-29	South America / Brazil / Sao Paulo / Tanabi
EPI_ISL_1795229	2021-03-22	2021-04-29	South America / Brazil / Sao Paulo / Olimpia
EPI_ISL_1795228	2021-03-22	2021-04-29	South America / Brazil / Sao Paulo / Olimpia
EPI_ISL_1795349	2021-03-21	2021-04-29	South America / Brazil / Sao Paulo / Pindamonhangaba
EPI_ISL_1795219	2021-03-20	2021-04-29	South America / Brazil / Sao Paulo / Guarei
EPI_ISL_1795212	2021-03-21	2021-04-29	South America / Brazil / Sao Paulo / Monte Azul Paulista
EPI_ISL_1795216	2021-03-22	2021-04-29	South America / Brazil / Sao Paulo / Severinia
EPI_ISL_1795215	2021-03-22	2021-04-29	South America / Brazil / Sao Paulo / Severinia
EPI_ISL_1795213	2021-03-22	2021-04-29	South America / Brazil / Sao Paulo / Severinia
EPI_ISL_1795343	2021-03-26	2021-04-29	South America / Brazil / Sao Paulo / Cajati
EPI_ISL_1795342	2021-03-26	2021-04-29	South America / Brazil / Sao Paulo / Cajati
EPI_ISL_1795341	2021-03-26	2021-04-29	South America / Brazil / Sao Paulo / Cajati
EPI_ISL_1795280	2021-03-22	2021-04-29	South America / Brazil / Sao Paulo / Palestina
EPI_ISL_1795284	2021-03-23	2021-04-29	South America / Brazil / Sao Paulo / Palestina
EPI_ISL_1795283	2021-03-22	2021-04-29	South America / Brazil / Sao Paulo / Palestina
EPI_ISL_1795282	2021-03-22	2021-04-29	South America / Brazil / Sao Paulo / Palestina
EPI_ISL_1795287	2021-03-24	2021-04-29	South America / Brazil / Sao Paulo / Bady Bassitt
EPI_ISL_1795286	2021-03-22	2021-04-29	South America / Brazil / Sao Paulo / Palestina
EPI_ISL_1795290	2021-03-22	2021-04-29	South America / Brazil / Sao Paulo / Mogi Guacu
EPI_ISL_1795296	2021-03-22	2021-04-29	South America / Brazil / Sao Paulo / Santa Cruz Das Palmeiras
EPI_ISL_1795297	2021-03-22	2021-04-29	South America / Brazil / Sao Paulo / Santa Cruz Das Palmeiras
EPI_ISL_1795348	2021-03-21	2021-04-29	South America / Brazil / Sao Paulo / Pindamonhangaba
EPI_ISL_1795346	2021-03-21	2021-04-29	South America / Brazil / Sao Paulo / Pindamonhangaba
EPI_ISL_1795142	2021-03-21	2021-04-29	South America / Brazil / Sao Paulo / Jundiai
EPI_ISL_1795141	2021-03-21	2021-04-29	South America / Brazil / Sao Paulo / Jundiai
EPI_ISL_1795140	2021-03-22	2021-04-29	South America / Brazil / Sao Paulo / Vista Alegre do Alto
EPI_ISL_1795146	2021-03-21	2021-04-29	South America / Brazil / Sao Paulo / Jundiai
EPI_ISL_1795145	2021-03-21	2021-04-29	South America / Brazil / Sao Paulo / Jundiai
EPI_ISL_1795144	2021-03-21	2021-04-29	South America / Brazil / Sao Paulo / Jundiai
EPI_ISL_1795143	2021-03-21	2021-04-29	South America / Brazil / Sao Paulo / Jundiai
EPI_ISL_1795148	2021-03-21	2021-04-29	South America / Brazil / Sao Paulo / Jundiai
EPI_ISL_1795147	2021-03-21	2021-04-29	South America / Brazil / Sao Paulo / Jundiai
EPI_ISL_1795152	2021-03-21	2021-04-29	South America / Brazil / Sao Paulo / Jundiai
EPI_ISL_1795159	2021-03-21	2021-04-29	South America / Brazil / Sao Paulo / Jundiai
EPI_ISL_1795120	2021-03-22	2021-04-29	South America / Brazil / Sao Paulo / Cajobi
EPI_ISL_1795129	2021-03-21	2021-04-29	South America / Brazil / Sao Paulo / Sao Joaquim Da Barra
EPI_ISL_1795124	2021-03-21	2021-04-29	South America / Brazil / Sao Paulo / Sao Joaquim Da Barra
EPI_ISL_1795123	2021-03-21	2021-04-29	South America / Brazil / Sao Paulo / Sao Joaquim Da Barra
EPI_ISL_1795128	2021-03-21	2021-04-29	South America / Brazil / Sao Paulo / Sao Joaquim Da Barra
EPI_ISL_1795126	2021-03-22	2021-04-29	South America / Brazil / Sao Paulo / Sales Oliveira
EPI_ISL_1795131	2021-03-21	2021-04-29	South America / Brazil / Sao Paulo / Sao Joaquim Da Barra
EPI_ISL_1795130	2021-03-21	2021-04-29	South America / Brazil / Sao Paulo / Sao Joaquim Da Barra
EPI_ISL_1795133	2021-03-21	2021-04-29	South America / Brazil / Sao Paulo / Sao Joaquim Da Barra
EPI_ISL_1795132	2021-03-21	2021-04-29	South America / Brazil / Sao Paulo / Sao Joaquim Da Barra
EPI_ISL_1795139	2021-03-22	2021-04-29	South America / Brazil / Sao Paulo / Vista Alegre do Alto
EPI_ISL_1795108	2021-03-24	2021-04-29	South America / Brazil / Sao Paulo / Sao Pedro
EPI_ISL_1795107	2021-03-24	2021-04-29	South America / Brazil / Sao Paulo / Iracemapolis
EPI_ISL_1795101	2021-04-01	2021-04-29	South America / Brazil / Sao Paulo / Piracicaba
EPI_ISL_1795100	2021-03-29	2021-04-29	South America / Brazil / Sao Paulo / Piracicaba
EPI_ISL_1795103	2021-04-03	2021-04-29	South America / Brazil / Sao Paulo / Piracicaba
EPI_ISL_1795118	2021-03-21	2021-04-29	South America / Brazil / Sao Paulo / Luis Antonio
EPI_ISL_1795113	2021-03-22	2021-04-29	South America / Brazil / Sao Paulo / Guariba
EPI_ISL_1795110	2021-03-21	2021-04-29	South America / Brazil / Sao Paulo / Barretos
EPI_ISL_1795117	2021-03-21	2021-04-29	South America / Brazil / Sao Paulo / Luis Antonio
EPI_ISL_1795116	2021-03-21	2021-04-29	South America / Brazil / Sao Paulo / Luis Antonio
EPI_ISL_1795115	2021-03-22	2021-04-29	South America / Brazil / Sao Paulo / Borborema
EPI_ISL_1795114	2021-03-22	2021-04-29	South America / Brazil / Sao Paulo / Borborema
EPI_ISL_1795182	2021-03-21	2021-04-29	South America / Brazil / Sao Paulo / Socorro
EPI_ISL_1795180	2021-03-21	2021-04-29	South America / Brazil / Sao Paulo / Jundiai
EPI_ISL_1795186	2021-03-20	2021-04-29	South America / Brazil / Sao Paulo / Jundiai
EPI_ISL_1795184	2021-03-21	2021-04-29	South America / Brazil / Sao Paulo / Jundiai
EPI_ISL_1795189	2021-03-21	2021-04-29	South America / Brazil / Sao Paulo / Sumare
EPI_ISL_1795188	2021-03-21	2021-04-29	South America / Brazil / Sao Paulo / Jundiai
EPI_ISL_1795191	2021-03-21	2021-04-29	South America / Brazil / Sao Paulo / Jundiai
EPI_ISL_1795197	2021-03-21	2021-04-29	South America / Brazil / Sao Paulo / Mogi Mirim
EPI_ISL_1795196	2021-03-21	2021-04-29	South America / Brazil / Sao Paulo / Mogi Mirim
EPI_ISL_1795195	2021-03-21	2021-04-29	South America / Brazil / Sao Paulo / Mogi Mirim
EPI_ISL_1795194	2021-03-21	2021-04-29	South America / Brazil / Sao Paulo / Mogi Mirim
EPI_ISL_1795199	2021-03-21	2021-04-29	South America / Brazil / Sao Paulo / Mogi Mirim
EPI_ISL_1795160	2021-03-22	2021-04-29	South America / Brazil / Sao Paulo / Ourinhos
EPI_ISL_1795164	2021-03-23	2021-04-29	South America / Brazil / Sao Paulo / Galia
EPI_ISL_1795162	2021-03-23	2021-04-29	South America / Brazil / Sao Paulo / Galia
EPI_ISL_1795161	2021-03-22	2021-04-29	South America / Brazil / Sao Paulo / Ourinhos
EPI_ISL_1795166	2021-03-23	2021-04-29	South America / Brazil / Sao Paulo / Galia
EPI_ISL_1795165	2021-03-22	2021-04-29	South America / Brazil / Sao Paulo / Alvaro de Carvalho
EPI_ISL_1795171	2021-03-23	2021-04-29	South America / Brazil / Sao Paulo / Oscar Bressane
EPI_ISL_1795174	2021-03-21	2021-04-29	South America / Brazil / Sao Paulo / Sumare
EPI_ISL_1795172	2021-03-22	2021-04-29	South America / Brazil / Sao Paulo / Maracai
EPI_ISL_1795179	2021-03-21	2021-04-29	South America / Brazil / Sao Paulo / Jundiai
EPI_ISL_1795177	2021-03-21	2021-04-29	South America / Brazil / Sao Paulo / Jundiai
EPI_ISL_1795380	2021-03-22	2021-04-29	South America / Brazil / Sao Paulo / Itapui
EPI_ISL_1795384	2021-03-21	2021-04-29	South America / Brazil / Sao Paulo / Sumare
EPI_ISL_1795383	2021-03-21	2021-04-29	South America / Brazil / Sao Paulo / Pindamonhangaba
EPI_ISL_1795381	2021-03-22	2021-04-29	South America / Brazil / Sao Paulo / Macatuba
EPI_ISL_1795385	2021-03-21	2021-04-29	South America / Brazil / Sao Paulo / Sao Joaquim Da Barra
EPI_ISL_1795389	2021-03-24	2021-04-29	South America / Brazil / Sao Paulo / Balsamo
EPI_ISL_1795362	2021-03-23	2021-04-29	South America / Brazil / Sao Paulo / Piquete
EPI_ISL_1795361	2021-03-26	2021-04-29	South America / Brazil / Sao Paulo / Ubatuba
EPI_ISL_1795366	2021-03-22	2021-04-29	South America / Brazil / Sao Paulo / Pindamonhangaba
EPI_ISL_1795363	2021-03-22	2021-04-29	South America / Brazil / Sao Paulo / Piquete
EPI_ISL_1795369	2021-03-22	2021-04-29	South America / Brazil / Sao Paulo / Agudos
EPI_ISL_1795367	2021-03-22	2021-04-29	South America / Brazil / Sao Paulo / Agudos
EPI_ISL_1795373	2021-03-22	2021-04-29	South America / Brazil / Sao Paulo / Pederneiras
EPI_ISL_1795370	2021-03-22	2021-04-29	South America / Brazil / Sao Paulo / Promissao
EPI_ISL_1795377	2021-03-22	2021-04-29	South America / Brazil / Sao Paulo / Mineiros do Tiete
EPI_ISL_1795376	2021-03-22	2021-04-29	South America / Brazil / Sao Paulo / Mineiros do Tiete
EPI_ISL_1795375	2021-03-21	2021-04-29	South America / Brazil / Sao Paulo / Dois Corregos
EPI_ISL_1795374	2021-03-21	2021-04-29	South America / Brazil / Sao Paulo / Dois Corregos
EPI_ISL_1795379	2021-03-22	2021-04-29	South America / Brazil / Sao Paulo / Bauru
EPI_ISL_1795378	2021-03-22	2021-04-29	South America / Brazil / Sao Paulo / Mineiros do Tiete
EPI_ISL_1795340	2021-03-26	2021-04-29	South America / Brazil / Sao Paulo / Cajati
EPI_ISL_1795351	2021-03-21	2021-04-29	South America / Brazil / Sao Paulo / Pindamonhangaba
EPI_ISL_1795352	2021-03-21	2021-04-29	South America / Brazil / Sao Paulo / Pindamonhangaba
EPI_ISL_1795359	2021-03-21	2021-04-29	South America / Brazil / Sao Paulo / Pindamonhangaba
EPI_ISL_1795357	2021-03-21	2021-04-29	South America / Brazil / Sao Paulo / Pindamonhangaba
EPI_ISL_1795329	2021-03-24	2021-04-29	South America / Brazil / Sao Paulo / Rosana
EPI_ISL_1795328	2021-03-24	2021-04-29	South America / Brazil / Sao Paulo / Mirante do Paranapanema
EPI_ISL_1795327	2021-03-23	2021-04-29	South America / Brazil / Sao Paulo / Junqueiropolis
EPI_ISL_1795322	2021-03-23	2021-04-29	South America / Brazil / Sao Paulo / Franca
EPI_ISL_1795321	2021-03-23	2021-04-29	South America / Brazil / Sao Paulo / Franca
EPI_ISL_1795320	2021-03-22	2021-04-29	South America / Brazil / Sao Paulo / Franca
EPI_ISL_1795326	2021-03-24	2021-04-29	South America / Brazil / Sao Paulo / Regente Feijo
EPI_ISL_1795325	2021-03-24	2021-04-29	South America / Brazil / Sao Paulo / Rosana
EPI_ISL_1795323	2021-03-23	2021-04-29	South America / Brazil / Sao Paulo / Franca
EPI_ISL_1795339	2021-03-26	2021-04-29	South America / Brazil / Sao Paulo / Cajati
EPI_ISL_1795331	2021-03-23	2021-04-29	South America / Brazil / Sao Paulo / Junqueiropolis
EPI_ISL_1795330	2021-03-24	2021-04-29	South America / Brazil / Sao Paulo / Mirante do Paranapanema
EPI_ISL_1795337	2021-03-26	2021-04-29	South America / Brazil / Sao Paulo / Cajati
EPI_ISL_1795336	2021-03-22	2021-04-29	South America / Brazil / Sao Paulo / Teodoro Sampaio
EPI_ISL_1795306	2021-03-22	2021-04-29	South America / Brazil / Sao Paulo / Franca
EPI_ISL_1795304	2021-03-22	2021-04-29	South America / Brazil / Sao Paulo / Tambau
EPI_ISL_1795303	2021-03-22	2021-04-29	South America / Brazil / Sao Paulo / Franca
EPI_ISL_1795302	2021-03-22	2021-04-29	South America / Brazil / Sao Paulo / Tambau
EPI_ISL_1795301	2021-03-22	2021-04-29	South America / Brazil / Sao Paulo / Tambau
EPI_ISL_1795318	2021-03-22	2021-04-29	South America / Brazil / Sao Paulo / Franca
EPI_ISL_1795317	2021-03-22	2021-04-29	South America / Brazil / Sao Paulo / Franca
EPI_ISL_1795316	2021-03-22	2021-04-29	South America / Brazil / Sao Paulo / Franca
EPI_ISL_1795311	2021-03-22	2021-04-29	South America / Brazil / Sao Paulo / Franca
EPI_ISL_1795310	2021-03-22	2021-04-29	South America / Brazil / Sao Paulo / Franca
EPI_ISL_1795315	2021-03-23	2021-04-29	South America / Brazil / Sao Paulo / Franca
EPI_ISL_1795314	2021-03-22	2021-04-29	South America / Brazil / Sao Paulo / Franca
EPI_ISL_1068266	2021-01-07	2021-02-25	South America / Brazil / Amazonas / Manaus
EPI_ISL_1068151	2020-12-21	2021-02-25	South America / Brazil / Amazonas / Manaus
EPI_ISL_1068156	2020-12-27	2021-02-25	South America / Brazil / Amazonas / Manaus
EPI_ISL_1068263	2021-01-06	2021-02-25	South America / Brazil / Amazonas / Manaus
EPI_ISL_1068287	2021-01-05	2021-02-25	South America / Brazil / Amazonas / Iranduba
EPI_ISL_1068285	2021-01-04	2021-02-25	South America / Brazil / Amazonas / Anori
EPI_ISL_1821204	2021-03-09	2021-04-30	South America / Brazil / Sao Paulo / Cravinhos
EPI_ISL_1821209	2021-03-19	2021-04-30	South America / Brazil / Sao Paulo / Sao Jose do Rio Preto
EPI_ISL_1821208	2020-11-03	2021-04-30	South America / Brazil / Sao Paulo / Bauru
EPI_ISL_1821207	2021-03-14	2021-04-30	South America / Brazil / Sao Paulo / Lins
EPI_ISL_1821214	2021-04-01	2021-04-30	South America / Brazil / Sao Paulo / Valparaiso
EPI_ISL_1821213	2021-03-07	2021-04-30	South America / Brazil / Sao Paulo / Piracicaba
EPI_ISL_1821219	2021-03-31	2021-04-30	South America / Brazil / Sao Paulo / Andradina
EPI_ISL_1821218	2021-03-31	2021-04-30	South America / Brazil / Sao Paulo / Ilha Solteira
EPI_ISL_1821217	2021-03-31	2021-04-30	South America / Brazil / Sao Paulo / Ilha Solteira
EPI_ISL_1821210	2021-03-10	2021-04-30	South America / Brazil / Sao Paulo / Marilia
EPI_ISL_1821224	2021-03-31	2021-04-30	South America / Brazil / Sao Paulo / Aracatuba
EPI_ISL_1821237	2021-03-17	2021-04-30	South America / Brazil / Sao Paulo / Oswaldo Cruz
EPI_ISL_1821235	2021-02-22	2021-04-30	South America / Brazil / Sao Paulo / Assis
EPI_ISL_1821239	2021-03-18	2021-04-30	South America / Brazil / Sao Paulo / Santa Cruz do Rio Pardo
EPI_ISL_1821248	2021-04-01	2021-04-30	South America / Brazil / Sao Paulo / Ribeirao Preto
EPI_ISL_1821247	2021-03-31	2021-04-30	South America / Brazil / Sao Paulo / Viradouro
EPI_ISL_1821246	2021-04-01	2021-04-30	South America / Brazil / Sao Paulo / Barretos
EPI_ISL_1821245	2021-03-15	2021-04-30	South America / Brazil / Sao Paulo / Marilia
EPI_ISL_1821244	2021-03-11	2021-04-30	South America / Brazil / Sao Paulo / Marilia
EPI_ISL_1821242	2021-03-22	2021-04-30	South America / Brazil / Sao Paulo / Ourinhos
EPI_ISL_1821259	2021-03-30	2021-04-30	South America / Brazil / Sao Paulo / Bebedouro
EPI_ISL_1821252	2021-03-29	2021-04-30	South America / Brazil / Sao Paulo / Pitangueiras
EPI_ISL_1821250	2021-03-24	2021-04-30	South America / Brazil / Sao Paulo / Joboticabel
EPI_ISL_1821255	2021-03-31	2021-04-30	South America / Brazil / Sao Paulo / Guaira
EPI_ISL_1821268	2021-04-03	2021-04-30	South America / Brazil / Sao Paulo / Sorocaba
EPI_ISL_1821261	2021-03-29	2021-04-30	South America / Brazil / Sao Paulo / Morro Agudo
EPI_ISL_1821265	2021-03-24	2021-04-30	South America / Brazil / Sao Paulo / Guariba
EPI_ISL_1821264	2021-03-30	2021-04-30	South America / Brazil / Sao Paulo / Guaira
EPI_ISL_1821273	2021-04-02	2021-04-30	South America / Brazil / Sao Paulo / Sorocaba
EPI_ISL_1821272	2021-04-02	2021-04-30	South America / Brazil / Sao Paulo / Sorocaba
EPI_ISL_1821271	2021-04-02	2021-04-30	South America / Brazil / Sao Paulo / Sorocaba
EPI_ISL_1795294	2021-03-22	2021-04-29	South America / Brazil / Sao Paulo / Itobi
EPI_ISL_1795288	2021-03-24	2021-04-29	South America / Brazil / Sao Paulo / Nipoa
EPI_ISL_1795102	2021-04-04	2021-04-29	South America / Brazil / Sao Paulo / Piracicaba
EPI_ISL_1786567	2021-03-06	2021-04-29	South America / Brazil / Sao Paulo / Santos
EPI_ISL_1795332	2021-03-24	2021-04-29	South America / Brazil / Sao Paulo / Rancharia
EPI_ISL_1795270	2021-03-23	2021-04-29	South America / Brazil / Sao Paulo / Uchoa
EPI_ISL_1795222	2021-03-20	2021-04-29	South America / Brazil / Sao Paulo / Aracoiaba da Serra
EPI_ISL_1795218	2021-03-21	2021-04-29	South America / Brazil / Sao Paulo / Aracariguama
EPI_ISL_1795232	2021-03-23	2021-04-29	South America / Brazil / Sao Paulo / Urupes
EPI_ISL_1795236	2021-03-24	2021-04-29	South America / Brazil / Sao Paulo / Balsamo
EPI_ISL_1795324	2021-03-24	2021-04-29	South America / Brazil / Sao Paulo / Narandiba
EPI_ISL_1795291	2021-03-21	2021-04-29	South America / Brazil / Sao Paulo / Mogi Mirim
EPI_ISL_1795134	2021-03-21	2021-04-29	South America / Brazil / Sao Paulo / Sao Joaquim Da Barra
EPI_ISL_1795207	2021-03-21	2021-04-29	South America / Brazil / Sao Paulo / Mogi Mirim
EPI_ISL_1795193	2021-03-21	2021-04-29	South America / Brazil / Sao Paulo / Sumare
EPI_ISL_1858952	2021-03-25	2021-05-04	South America / Brazil / Rio de Janeiro / Rio de Janeiro
EPI_ISL_1858998	2021-03-25	2021-05-04	South America / Brazil / Rio de Janeiro / Rio de Janeiro
EPI_ISL_1858295	2021-04-07	2021-05-04	South America / Brazil / Rio de Janeiro / Sao Pedro da Aldeia
EPI_ISL_1858275	2021-04-10	2021-05-04	South America / Brazil / Rio de Janeiro / Rio das Flores
EPI_ISL_1821241	2021-03-19	2021-04-30	South America / Brazil / Sao Paulo / Garca
EPI_ISL_1858767	2021-03-25	2021-05-04	South America / Brazil / Rio de Janeiro / Rio de Janeiro
EPI_ISL_1858796	2021-03-25	2021-05-04	South America / Brazil / Rio de Janeiro / Rio de Janeiro
EPI_ISL_1821216	2021-03-31	2021-04-30	South America / Brazil / Sao Paulo / Pereira Barreto
EPI_ISL_1858836	2021-03-25	2021-05-04	South America / Brazil / Rio de Janeiro / Rio de Janeiro
EPI_ISL_1821240	2021-03-19	2021-04-30	South America / Brazil / Sao Paulo / Assis
EPI_ISL_1859008	2021-03-25	2021-05-04	South America / Brazil / Rio de Janeiro / Sao Goncalo
EPI_ISL_1858361	2021-04-09	2021-05-04	South America / Brazil / Rio de Janeiro / Duas Barras
EPI_ISL_2274121	2021-03-16	2021-05-25	South America / Brazil / Rio Grande do Sul / Nonoai
EPI_ISL_2274129	2021-03-29	2021-05-25	South America / Brazil / Rio Grande do Sul / Tunas
EPI_ISL_1858922	2021-03-25	2021-05-04	South America / Brazil / Rio de Janeiro / Rio de Janeiro
EPI_ISL_1858926	2021-03-25	2021-05-04	South America / Brazil / Rio de Janeiro / Rio de Janeiro
EPI_ISL_1858930	2021-03-25	2021-05-04	South America / Brazil / Rio de Janeiro / Rio de Janeiro
EPI_ISL_1858933	2021-03-25	2021-05-04	South America / Brazil / Rio de Janeiro / Rio de Janeiro
EPI_ISL_1858934	2021-03-25	2021-05-04	South America / Brazil / Rio de Janeiro / Rio de Janeiro
EPI_ISL_1858936	2021-03-25	2021-05-04	South America / Brazil / Rio de Janeiro / Rio de Janeiro
EPI_ISL_1858938	2021-03-26	2021-05-04	South America / Brazil / Rio de Janeiro / Rio de Janeiro
EPI_ISL_1858908	2021-03-26	2021-05-04	South America / Brazil / Rio de Janeiro / Rio de Janeiro
EPI_ISL_1858904	2021-03-25	2021-05-04	South America / Brazil / Rio de Janeiro / Rio de Janeiro
EPI_ISL_1858906	2021-03-26	2021-05-04	South America / Brazil / Rio de Janeiro / Rio de Janeiro
EPI_ISL_1858918	2021-03-25	2021-05-04	South America / Brazil / Rio de Janeiro / Rio de Janeiro
EPI_ISL_1858910	2021-03-26	2021-05-04	South America / Brazil / Rio de Janeiro / Rio de Janeiro
EPI_ISL_1858912	2021-03-26	2021-05-04	South America / Brazil / Rio de Janeiro / Rio de Janeiro
EPI_ISL_1858916	2021-03-26	2021-05-04	South America / Brazil / Rio de Janeiro / Rio de Janeiro
EPI_ISL_1858960	2021-03-26	2021-05-04	South America / Brazil / Rio de Janeiro / Rio de Janeiro
EPI_ISL_1858964	2021-03-26	2021-05-04	South America / Brazil / Rio de Janeiro / Rio de Janeiro
EPI_ISL_1858963	2021-03-26	2021-05-04	South America / Brazil / Rio de Janeiro / Rio de Janeiro
EPI_ISL_1858966	2021-03-26	2021-05-04	South America / Brazil / Rio de Janeiro / Rio de Janeiro
EPI_ISL_1858975	2021-03-25	2021-05-04	South America / Brazil / Rio de Janeiro / Rio de Janeiro
EPI_ISL_1858942	2021-03-26	2021-05-04	South America / Brazil / Rio de Janeiro / Rio de Janeiro
EPI_ISL_1858944	2021-03-25	2021-05-04	South America / Brazil / Rio de Janeiro / Rio de Janeiro
EPI_ISL_1858950	2021-03-25	2021-05-04	South America / Brazil / Rio de Janeiro / Nova Iguacu
EPI_ISL_1858958	2021-03-26	2021-05-04	South America / Brazil / Rio de Janeiro / Rio de Janeiro
EPI_ISL_1858986	2021-03-25	2021-05-04	South America / Brazil / Rio de Janeiro / Rio de Janeiro
EPI_ISL_1858992	2021-03-25	2021-05-04	South America / Brazil / Rio de Janeiro / Rio de Janeiro
EPI_ISL_1858994	2021-03-25	2021-05-04	South America / Brazil / Rio de Janeiro / Rio de Janeiro
EPI_ISL_2274102	2021-03-15	2021-05-25	South America / Brazil / Rio de Janeiro / Rio de Janeiro
EPI_ISL_2274047	2021-04-14	2021-05-25	South America / Brazil / Alagoas / Girau do Ponciano
EPI_ISL_2274054	2021-04-08	2021-05-25	South America / Brazil / Alagoas / Maceio
EPI_ISL_1858288	2021-04-11	2021-05-04	South America / Brazil / Rio de Janeiro / Rio das Ostras
EPI_ISL_1858297	2021-04-07	2021-05-04	South America / Brazil / Rio de Janeiro / Sao Pedro da Aldeia
EPI_ISL_1858299	2021-04-07	2021-05-04	South America / Brazil / Rio de Janeiro / Sao Pedro da Aldeia
EPI_ISL_2274061	2021-04-08	2021-05-25	South America / Brazil / Alagoas / Maceio
EPI_ISL_1858724	2021-04-14	2021-05-04	South America / Brazil / Rio de Janeiro / Sumidouro
EPI_ISL_1858732	2021-04-14	2021-05-04	South America / Brazil / Rio de Janeiro / Sao Joao Da Barra
EPI_ISL_1858703	2021-04-13	2021-05-04	South America / Brazil / Rio de Janeiro / Barra Mansa
EPI_ISL_1858705	2021-04-13	2021-05-04	South America / Brazil / Rio de Janeiro / Barra Mansa
EPI_ISL_1858711	2021-04-14	2021-05-04	South America / Brazil / Rio de Janeiro / Santo Antonio de Padua
EPI_ISL_1858715	2021-04-14	2021-05-04	South America / Brazil / Rio de Janeiro / Bom Jesus do Itabapoana
EPI_ISL_1858769	2021-03-25	2021-05-04	South America / Brazil / Rio de Janeiro / Rio de Janeiro
EPI_ISL_1858771	2021-03-25	2021-05-04	South America / Brazil / Rio de Janeiro / Rio de Janeiro
EPI_ISL_1858779	2021-03-25	2021-05-04	South America / Brazil / Rio de Janeiro / Rio de Janeiro
EPI_ISL_1858743	2021-04-12	2021-05-04	South America / Brazil / Rio de Janeiro / Miracema
EPI_ISL_1858752	2021-04-14	2021-05-04	South America / Brazil / Rio de Janeiro / Mangaratiba
EPI_ISL_1858794	2021-03-25	2021-05-04	South America / Brazil / Rio de Janeiro / Rio de Janeiro
EPI_ISL_1858798	2021-03-25	2021-05-04	South America / Brazil / Rio de Janeiro / Rio de Janeiro
EPI_ISL_2274078	2021-03-12	2021-05-25	South America / Brazil / Maranhao / Sao Luis
EPI_ISL_2274084	2021-03-07	2021-05-25	South America / Brazil / Maranhao / Sao Luis
EPI_ISL_2274088	2021-03-09	2021-05-25	South America / Brazil / Maranhao / Sao Luis
EPI_ISL_2274091	2021-02-26	2021-05-25	South America / Brazil / Mato Grosso do Sul / Campo Grande
EPI_ISL_1858809	2021-03-25	2021-05-04	South America / Brazil / Rio de Janeiro / Rio de Janeiro
EPI_ISL_1858800	2021-03-25	2021-05-04	South America / Brazil / Rio de Janeiro / Rio de Janeiro
EPI_ISL_1858805	2021-03-26	2021-05-04	South America / Brazil / Rio de Janeiro / Rio de Janeiro
EPI_ISL_1858807	2021-03-25	2021-05-04	South America / Brazil / Rio de Janeiro / Duque de Caxias
EPI_ISL_1858814	2021-03-25	2021-05-04	South America / Brazil / Rio de Janeiro / Rio de Janeiro
EPI_ISL_1858816	2021-03-24	2021-05-04	South America / Brazil / Rio de Janeiro / Rio de Janeiro
EPI_ISL_1858818	2021-03-26	2021-05-04	South America / Brazil / Rio de Janeiro / Rio de Janeiro
EPI_ISL_1858843	2021-03-25	2021-05-04	South America / Brazil / Rio de Janeiro / Rio de Janeiro
EPI_ISL_1858842	2021-03-25	2021-05-04	South America / Brazil / Rio de Janeiro / Rio de Janeiro
EPI_ISL_1858847	2021-03-25	2021-05-04	South America / Brazil / Rio de Janeiro / Rio de Janeiro
EPI_ISL_1858846	2021-03-25	2021-05-04	South America / Brazil / Rio de Janeiro / Rio de Janeiro
EPI_ISL_1858850	2021-03-25	2021-05-04	South America / Brazil / Rio de Janeiro / Rio de Janeiro
EPI_ISL_1858852	2021-03-25	2021-05-04	South America / Brazil / Rio de Janeiro / Rio de Janeiro
EPI_ISL_1858853	2021-03-25	2021-05-04	South America / Brazil / Rio de Janeiro / Rio de Janeiro
EPI_ISL_1858856	2021-03-25	2021-05-04	South America / Brazil / Rio de Janeiro / Rio de Janeiro
EPI_ISL_1858832	2021-03-25	2021-05-04	South America / Brazil / Rio de Janeiro / Rio de Janeiro
EPI_ISL_1858838	2021-03-25	2021-05-04	South America / Brazil / Rio de Janeiro / Rio de Janeiro
EPI_ISL_1858884	2021-03-25	2021-05-04	South America / Brazil / Rio de Janeiro / Rio de Janeiro
EPI_ISL_1858886	2021-03-25	2021-05-04	South America / Brazil / Rio de Janeiro / Rio de Janeiro
EPI_ISL_1858888	2021-03-25	2021-05-04	South America / Brazil / Rio de Janeiro / Rio de Janeiro
EPI_ISL_1858892	2021-03-25	2021-05-04	South America / Brazil / Rio de Janeiro / Rio de Janeiro
EPI_ISL_1858894	2021-03-25	2021-05-04	South America / Brazil / Rio de Janeiro / Rio de Janeiro
EPI_ISL_1858862	2021-03-25	2021-05-04	South America / Brazil / Rio de Janeiro / Rio de Janeiro
EPI_ISL_1858520	2021-04-10	2021-05-04	South America / Brazil / Rio de Janeiro / Iguaba Grande
EPI_ISL_1858524	2021-04-07	2021-05-04	South America / Brazil / Rio de Janeiro / Arraial do Cabo
EPI_ISL_1858532	2021-04-12	2021-05-04	South America / Brazil / Rio de Janeiro / Macae
EPI_ISL_1858534	2021-04-12	2021-05-04	South America / Brazil / Rio de Janeiro / Macae
EPI_ISL_1858536	2021-04-12	2021-05-04	South America / Brazil / Rio de Janeiro / Itaocara
EPI_ISL_1858504	2021-04-12	2021-05-04	South America / Brazil / Rio de Janeiro / Bom Jesus do Itabapoana
EPI_ISL_1858508	2021-04-11	2021-05-04	South America / Brazil / Rio de Janeiro / Bom Jesus do Itabapoana
EPI_ISL_1858512	2021-04-11	2021-05-04	South America / Brazil / Rio de Janeiro / Araruama
EPI_ISL_1858514	2021-04-10	2021-05-04	South America / Brazil / Rio de Janeiro / Araruama
EPI_ISL_1858569	2021-04-14	2021-05-04	South America / Brazil / Rio de Janeiro / Saquarema
EPI_ISL_1858577	2021-04-15	2021-05-04	South America / Brazil / Rio de Janeiro / Rio Claro
EPI_ISL_1858554	2021-04-08	2021-05-04	South America / Brazil / Rio de Janeiro / Vassouras
EPI_ISL_1858582	2021-04-13	2021-05-04	South America / Brazil / Rio de Janeiro / Tres Rios
EPI_ISL_1858594	2021-04-16	2021-05-04	South America / Brazil / Rio de Janeiro / Carmo
EPI_ISL_1858596	2021-04-15	2021-05-04	South America / Brazil / Rio de Janeiro / Cabo Frio
EPI_ISL_1858598	2021-04-14	2021-05-04	South America / Brazil / Rio de Janeiro / Cabo Frio
EPI_ISL_1858599	2021-04-15	2021-05-04	South America / Brazil / Rio de Janeiro / Cabo Frio
EPI_ISL_1858590	2021-04-16	2021-05-04	South America / Brazil / Rio de Janeiro / Bom Jesus do Itabapoana
EPI_ISL_1858592	2021-04-16	2021-05-04	South America / Brazil / Rio de Janeiro / Carmo
EPI_ISL_1859002	2021-03-25	2021-05-04	South America / Brazil / Rio de Janeiro / Rio de Janeiro
EPI_ISL_1859005	2021-03-25	2021-05-04	South America / Brazil / Rio de Janeiro / Sao Goncalo
EPI_ISL_1859000	2021-03-25	2021-05-04	South America / Brazil / Rio de Janeiro / Rio de Janeiro
EPI_ISL_1858602	2021-04-13	2021-05-04	South America / Brazil / Rio de Janeiro / Sao Pedro da Aldeia
EPI_ISL_1858606	2021-04-13	2021-05-04	South America / Brazil / Rio de Janeiro / Sao Pedro da Aldeia
EPI_ISL_1858610	2021-04-13	2021-05-04	South America / Brazil / Rio de Janeiro / Sao Pedro da Aldeia
EPI_ISL_1858613	2021-04-13	2021-05-04	South America / Brazil / Rio de Janeiro / Sao Pedro da Aldeia
EPI_ISL_1858615	2021-04-13	2021-05-04	South America / Brazil / Rio de Janeiro / Sao Pedro da Aldeia
EPI_ISL_1858617	2021-04-15	2021-05-04	South America / Brazil / Rio de Janeiro / Sao Pedro da Aldeia
EPI_ISL_1858619	2021-04-15	2021-05-04	South America / Brazil / Rio de Janeiro / Sao Pedro da Aldeia
EPI_ISL_1858627	2021-04-16	2021-05-04	South America / Brazil / Rio de Janeiro / Sao Francisco de Itabapoana
EPI_ISL_1858639	2021-04-15	2021-05-04	South America / Brazil / Rio de Janeiro / Conceicao de Macabu
EPI_ISL_1858680	2021-04-15	2021-05-04	South America / Brazil / Rio de Janeiro / Carmo
EPI_ISL_1858693	2021-04-12	2021-05-04	South America / Brazil / Rio de Janeiro / Barra Mansa
EPI_ISL_1858668	2021-04-15	2021-05-04	South America / Brazil / Rio de Janeiro / Santa Maria Madalena
EPI_ISL_1858672	2021-04-15	2021-05-04	South America / Brazil / Rio de Janeiro / Santa Maria Madalena
EPI_ISL_1858677	2021-04-14	2021-05-04	South America / Brazil / Rio de Janeiro / Carmo
EPI_ISL_1858323	2021-04-10	2021-05-04	South America / Brazil / Rio de Janeiro / Paty do Alferes
EPI_ISL_1858325	2021-04-10	2021-05-04	South America / Brazil / Rio de Janeiro / Paty do Alferes
EPI_ISL_1858331	2021-04-07	2021-05-04	South America / Brazil / Rio de Janeiro / Sao Pedro da Aldeia
EPI_ISL_1858333	2021-04-07	2021-05-04	South America / Brazil / Rio de Janeiro / Sao Pedro da Aldeia
EPI_ISL_1858306	2021-04-08	2021-05-04	South America / Brazil / Rio de Janeiro / Mangaratiba
EPI_ISL_1858310	2021-04-08	2021-05-04	South America / Brazil / Rio de Janeiro / Vassouras
EPI_ISL_1858319	2021-04-10	2021-05-04	South America / Brazil / Rio de Janeiro / Paty do Alferes
EPI_ISL_1858369	2021-04-07	2021-05-04	South America / Brazil / Rio de Janeiro / Conceicao de Macabu
EPI_ISL_1858375	2021-04-08	2021-05-04	South America / Brazil / Rio de Janeiro / Conceicao de Macabu
EPI_ISL_1858377	2021-04-08	2021-05-04	South America / Brazil / Rio de Janeiro / Conceicao de Macabu
EPI_ISL_1858379	2021-04-08	2021-05-04	South America / Brazil / Rio de Janeiro / Conceicao de Macabu
EPI_ISL_1858371	2021-04-08	2021-05-04	South America / Brazil / Rio de Janeiro / Conceicao de Macabu
EPI_ISL_1858348	2021-04-09	2021-05-04	South America / Brazil / Rio de Janeiro / Rio das Ostras
EPI_ISL_1858340	2021-04-09	2021-05-04	South America / Brazil / Rio de Janeiro / Mangaratiba
EPI_ISL_1858359	2021-04-09	2021-05-04	South America / Brazil / Rio de Janeiro / Bom Jardim
EPI_ISL_1858350	2021-04-12	2021-05-04	South America / Brazil / Rio de Janeiro / Santo Antonio de Padua
EPI_ISL_1858389	2021-04-09	2021-05-04	South America / Brazil / Rio de Janeiro / Rio das Ostras
EPI_ISL_1858397	2021-04-09	2021-05-04	South America / Brazil / Rio de Janeiro / Rio das Ostras
EPI_ISL_1858399	2021-04-08	2021-05-04	South America / Brazil / Rio de Janeiro / Porto Real
EPI_ISL_1858391	2021-04-09	2021-05-04	South America / Brazil / Rio de Janeiro / Rio das Ostras
EPI_ISL_1858395	2021-04-09	2021-05-04	South America / Brazil / Rio de Janeiro / Rio das Ostras
EPI_ISL_1858403	2021-04-09	2021-05-04	South America / Brazil / Rio de Janeiro / Pirai
EPI_ISL_1858405	2021-04-09	2021-05-04	South America / Brazil / Rio de Janeiro / Pirai
EPI_ISL_1858414	2021-04-08	2021-05-04	South America / Brazil / Rio de Janeiro / Italva
EPI_ISL_1858440	2021-04-09	2021-05-04	South America / Brazil / Rio de Janeiro / Resende
EPI_ISL_1858442	2021-04-09	2021-05-04	South America / Brazil / Rio de Janeiro / Resende
EPI_ISL_1858444	2021-04-09	2021-05-04	South America / Brazil / Rio de Janeiro / Resende
EPI_ISL_1858446	2021-04-09	2021-05-04	South America / Brazil / Rio de Janeiro / Resende
EPI_ISL_1858449	2021-04-09	2021-05-04	South America / Brazil / Rio de Janeiro / Resende
EPI_ISL_1858451	2021-04-09	2021-05-04	South America / Brazil / Rio de Janeiro / Resende
EPI_ISL_1858453	2021-04-09	2021-05-04	South America / Brazil / Rio de Janeiro / Resende
EPI_ISL_1858454	2021-04-09	2021-05-04	South America / Brazil / Rio de Janeiro / Resende
EPI_ISL_1858458	2021-04-09	2021-05-04	South America / Brazil / Rio de Janeiro / Resende
EPI_ISL_1858422	2021-04-08	2021-05-04	South America / Brazil / Rio de Janeiro / Volta Redonda
EPI_ISL_1858428	2021-04-08	2021-05-04	South America / Brazil / Rio de Janeiro / Volta Redonda
EPI_ISL_1858434	2021-04-09	2021-05-04	South America / Brazil / Rio de Janeiro / Volta Redonda
EPI_ISL_1858481	2021-04-11	2021-05-04	South America / Brazil / Rio de Janeiro / Porto Real
EPI_ISL_1858490	2021-04-12	2021-05-04	South America / Brazil / Rio de Janeiro / Santo Antonio de Padua
EPI_ISL_1858492	2021-04-12	2021-05-04	South America / Brazil / Rio de Janeiro / Santo Antonio de Padua
EPI_ISL_1858494	2021-04-12	2021-05-04	South America / Brazil / Rio de Janeiro / Santo Antonio de Padua
EPI_ISL_1858462	2021-04-08	2021-05-04	South America / Brazil / Rio de Janeiro / Quissama
EPI_ISL_1858466	2021-04-09	2021-05-04	South America / Brazil / Rio de Janeiro / Quissama
EPI_ISL_1858460	2021-04-09	2021-05-04	South America / Brazil / Rio de Janeiro / Volta Redonda
EPI_ISL_1858475	2021-04-08	2021-05-04	South America / Brazil / Rio de Janeiro / Paraiba do Sul
EPI_ISL_1858470	2021-04-08	2021-05-04	South America / Brazil / Rio de Janeiro / Areal
EPI_ISL_1858555	2021-04-07	2021-05-04	South America / Brazil / Rio de Janeiro / Vassouras
EPI_ISL_2293001	2021-03-25	2021-05-27	South America / Brazil / Santa Catarina / Joinville
EPI_ISL_2308609	2021-04-01	2021-05-27	South America / Brazil / Sao Paulo / Porto Ferreira
EPI_ISL_2383033	2021-05-13	2021-06-02	South America / Brazil / Sao Paulo
EPI_ISL_1911962	2021-04-05	2021-05-05	South America / Brazil / Sao Paulo / Porto Ferreira
EPI_ISL_1911960	2021-04-05	2021-05-05	South America / Brazil / Sao Paulo / Ibitinga
EPI_ISL_1911958	2021-04-01	2021-05-05	South America / Brazil / Sao Paulo / Boa Esperanca do Sul
EPI_ISL_1911959	2021-04-05	2021-05-05	South America / Brazil / Sao Paulo / Gaviao Peixoto
EPI_ISL_2345527	2021-03-24	2021-05-30	South America / Brazil / Sao Paulo
EPI_ISL_2345260	2021-04-27	2021-05-30	South America / Brazil / Sao Paulo
EPI_ISL_2345220	2021-04-27	2021-05-30	South America / Brazil / Sao Paulo
EPI_ISL_2344811	2021-04-20	2021-05-30	South America / Brazil / Sao Paulo
EPI_ISL_2344698	2021-04-06	2021-05-30	South America / Brazil / Sao Paulo
EPI_ISL_2344558	2021-04-15	2021-05-30	South America / Brazil / Sao Paulo
EPI_ISL_2345618	2021-03-21	2021-05-30	South America / Brazil / Sao Paulo
EPI_ISL_2346023	2021-04-08	2021-05-30	South America / Brazil / Sao Paulo
EPI_ISL_2345441	2021-03-22	2021-05-30	South America / Brazil / Sao Paulo
EPI_ISL_2345779	2021-04-30	2021-05-30	South America / Brazil / Sao Paulo
EPI_ISL_2345821	2021-05-04	2021-05-30	South America / Brazil / Sao Paulo
EPI_ISL_2345824	2021-05-05	2021-05-30	South America / Brazil / Sao Paulo
EPI_ISL_2345731	2021-04-30	2021-05-30	South America / Brazil / Sao Paulo
EPI_ISL_2345924	2021-04-20	2021-05-30	South America / Brazil / Sao Paulo
EPI_ISL_2345586	2021-03-24	2021-05-30	South America / Brazil / Sao Paulo
EPI_ISL_2362248	2021-05-05	2021-05-31	South America / Brazil / Sao Paulo
EPI_ISL_1941583	2021-02-26	2021-05-07	South America / Brazil / Sao Paulo / Sao Jose do Rio Preto
EPI_ISL_2375504	2021-03-11	2021-06-01	South America / Brazil / Rio Grande do Sul
EPI_ISL_2378742	2021-05-17	2021-06-02	South America / Brazil / Sao Paulo
EPI_ISL_1967244	2021-04-18	2021-05-08	South America / Brazil / Sao Paulo
EPI_ISL_1967242	2021-04-18	2021-05-08	South America / Brazil / Sao Paulo
EPI_ISL_1967241	2021-04-18	2021-05-08	South America / Brazil / Sao Paulo
EPI_ISL_1967248	2021-04-18	2021-05-08	South America / Brazil / Sao Paulo
EPI_ISL_1967246	2021-04-18	2021-05-08	South America / Brazil / Sao Paulo
EPI_ISL_1967249	2021-04-18	2021-05-08	South America / Brazil / Sao Paulo
EPI_ISL_1967252	2021-04-19	2021-05-08	South America / Brazil / Sao Paulo
EPI_ISL_1967258	2021-04-18	2021-05-08	South America / Brazil / Sao Paulo
EPI_ISL_1967257	2021-04-19	2021-05-08	South America / Brazil / Sao Paulo
EPI_ISL_1967266	2021-04-18	2021-05-08	South America / Brazil / Sao Paulo
EPI_ISL_1967264	2021-04-18	2021-05-08	South America / Brazil / Sao Paulo
EPI_ISL_1967262	2021-04-18	2021-05-08	South America / Brazil / Sao Paulo
EPI_ISL_1967261	2021-04-18	2021-05-08	South America / Brazil / Sao Paulo
EPI_ISL_1967260	2021-04-18	2021-05-08	South America / Brazil / Sao Paulo
EPI_ISL_1967278	2021-04-19	2021-05-08	South America / Brazil / Sao Paulo
EPI_ISL_1967273	2021-04-19	2021-05-08	South America / Brazil / Sao Paulo
EPI_ISL_1967271	2021-04-19	2021-05-08	South America / Brazil / Sao Paulo
EPI_ISL_1967270	2021-04-18	2021-05-08	South America / Brazil / Sao Paulo
EPI_ISL_1967287	2021-04-20	2021-05-08	South America / Brazil / Sao Paulo
EPI_ISL_1967285	2021-04-20	2021-05-08	South America / Brazil / Sao Paulo
EPI_ISL_1967284	2021-04-20	2021-05-08	South America / Brazil / Sao Paulo
EPI_ISL_1967283	2021-04-20	2021-05-08	South America / Brazil / Sao Paulo
EPI_ISL_1967291	2021-04-18	2021-05-08	South America / Brazil / Sao Paulo
EPI_ISL_1967294	2021-04-18	2021-05-08	South America / Brazil / Sao Paulo
EPI_ISL_1966807	2021-04-12	2021-05-08	South America / Brazil / Sao Paulo
EPI_ISL_1966806	2021-04-12	2021-05-08	South America / Brazil / Sao Paulo
EPI_ISL_1966801	2021-04-12	2021-05-08	South America / Brazil / Sao Paulo
EPI_ISL_1966805	2021-04-13	2021-05-08	South America / Brazil / Sao Paulo
EPI_ISL_1966804	2021-04-12	2021-05-08	South America / Brazil / Sao Paulo
EPI_ISL_1966817	2021-04-12	2021-05-08	South America / Brazil / Sao Paulo
EPI_ISL_1966816	2021-04-12	2021-05-08	South America / Brazil / Sao Paulo
EPI_ISL_1966815	2021-04-15	2021-05-08	South America / Brazil / Sao Paulo
EPI_ISL_1966813	2021-04-12	2021-05-08	South America / Brazil / Sao Paulo
EPI_ISL_1966829	2021-04-08	2021-05-08	South America / Brazil / Sao Paulo
EPI_ISL_1966828	2021-04-08	2021-05-08	South America / Brazil / Sao Paulo
EPI_ISL_1966823	2021-04-08	2021-05-08	South America / Brazil / Sao Paulo
EPI_ISL_1966826	2021-04-08	2021-05-08	South America / Brazil / Sao Paulo
EPI_ISL_1966713	2021-04-04	2021-05-08	South America / Brazil / Sao Paulo
EPI_ISL_1966720	2021-04-06	2021-05-08	South America / Brazil / Sao Paulo
EPI_ISL_1966724	2021-04-13	2021-05-08	South America / Brazil / Sao Paulo
EPI_ISL_1966722	2021-04-05	2021-05-08	South America / Brazil / Sao Paulo
EPI_ISL_1966721	2021-04-05	2021-05-08	South America / Brazil / Sao Paulo
EPI_ISL_1966728	2021-04-12	2021-05-08	South America / Brazil / Sao Paulo
EPI_ISL_1966727	2021-04-12	2021-05-08	South America / Brazil / Sao Paulo
EPI_ISL_1966725	2021-04-12	2021-05-08	South America / Brazil / Sao Paulo
EPI_ISL_1966731	2021-04-13	2021-05-08	South America / Brazil / Sao Paulo
EPI_ISL_1966730	2021-04-12	2021-05-08	South America / Brazil / Sao Paulo
EPI_ISL_1966734	2021-04-12	2021-05-08	South America / Brazil / Sao Paulo
EPI_ISL_1966733	2021-04-12	2021-05-08	South America / Brazil / Sao Paulo
EPI_ISL_1966739	2021-04-15	2021-05-08	South America / Brazil / Sao Paulo
EPI_ISL_1966737	2021-04-14	2021-05-08	South America / Brazil / Sao Paulo
EPI_ISL_1966742	2021-04-14	2021-05-08	South America / Brazil / Sao Paulo
EPI_ISL_1966740	2021-04-15	2021-05-08	South America / Brazil / Sao Paulo
EPI_ISL_1966745	2021-04-15	2021-05-08	South America / Brazil / Sao Paulo
EPI_ISL_1966753	2021-04-15	2021-05-08	South America / Brazil / Sao Paulo
EPI_ISL_1966757	2021-04-12	2021-05-08	South America / Brazil / Sao Paulo
EPI_ISL_1966759	2021-04-12	2021-05-08	South America / Brazil / Sao Paulo
EPI_ISL_1966758	2021-04-13	2021-05-08	South America / Brazil / Sao Paulo
EPI_ISL_1966763	2021-04-15	2021-05-08	South America / Brazil / Sao Paulo
EPI_ISL_1966762	2021-04-12	2021-05-08	South America / Brazil / Sao Paulo
EPI_ISL_1966761	2021-04-12	2021-05-08	South America / Brazil / Sao Paulo
EPI_ISL_1966768	2021-04-14	2021-05-08	South America / Brazil / Sao Paulo
EPI_ISL_1966767	2021-04-15	2021-05-08	South America / Brazil / Sao Paulo
EPI_ISL_1966765	2021-04-15	2021-05-08	South America / Brazil / Sao Paulo
EPI_ISL_1966769	2021-04-15	2021-05-08	South America / Brazil / Sao Paulo
EPI_ISL_1966771	2021-04-14	2021-05-08	South America / Brazil / Sao Paulo
EPI_ISL_1966775	2021-04-11	2021-05-08	South America / Brazil / Sao Paulo
EPI_ISL_1966774	2021-04-12	2021-05-08	South America / Brazil / Sao Paulo
EPI_ISL_1966779	2021-04-14	2021-05-08	South America / Brazil / Sao Paulo
EPI_ISL_1966777	2021-04-14	2021-05-08	South America / Brazil / Sao Paulo
EPI_ISL_1966782	2021-04-15	2021-05-08	South America / Brazil / Sao Paulo
EPI_ISL_1966781	2021-04-14	2021-05-08	South America / Brazil / Sao Paulo
EPI_ISL_1966784	2021-04-14	2021-05-08	South America / Brazil / Sao Paulo
EPI_ISL_1966788	2021-04-14	2021-05-08	South America / Brazil / Sao Paulo
EPI_ISL_1966787	2021-04-15	2021-05-08	South America / Brazil / Sao Paulo
EPI_ISL_1966790	2021-04-15	2021-05-08	South America / Brazil / Sao Paulo
EPI_ISL_1966797	2021-04-14	2021-05-08	South America / Brazil / Sao Paulo
EPI_ISL_1966796	2021-04-15	2021-05-08	South America / Brazil / Sao Paulo
EPI_ISL_1966794	2021-04-12	2021-05-08	South America / Brazil / Sao Paulo
EPI_ISL_1966799	2021-04-14	2021-05-08	South America / Brazil / Sao Paulo
EPI_ISL_1966798	2021-04-14	2021-05-08	South America / Brazil / Sao Paulo
EPI_ISL_2378645	2021-05-03	2021-06-02	South America / Brazil / Sao Paulo / Porto Ferreira
EPI_ISL_1967200	2021-04-19	2021-05-08	South America / Brazil / Sao Paulo
EPI_ISL_2378661	2021-05-11	2021-06-02	South America / Brazil / Sao Paulo / Descalvado
EPI_ISL_1967201	2021-04-19	2021-05-08	South America / Brazil / Sao Paulo
EPI_ISL_1967208	2021-04-20	2021-05-08	South America / Brazil / Sao Paulo
EPI_ISL_1967206	2021-04-20	2021-05-08	South America / Brazil / Sao Paulo
EPI_ISL_1967205	2021-04-20	2021-05-08	South America / Brazil / Sao Paulo
EPI_ISL_1967211	2021-04-20	2021-05-08	South America / Brazil / Sao Paulo
EPI_ISL_1967213	2021-04-19	2021-05-08	South America / Brazil / Sao Paulo
EPI_ISL_1967219	2021-04-19	2021-05-08	South America / Brazil / Sao Paulo
EPI_ISL_1967218	2021-04-19	2021-05-08	South America / Brazil / Sao Paulo
EPI_ISL_1967217	2021-04-19	2021-05-08	South America / Brazil / Sao Paulo
EPI_ISL_1967222	2021-04-19	2021-05-08	South America / Brazil / Sao Paulo
EPI_ISL_1967221	2021-04-19	2021-05-08	South America / Brazil / Sao Paulo
EPI_ISL_1967223	2021-04-19	2021-05-08	South America / Brazil / Sao Paulo
EPI_ISL_1967232	2021-04-22	2021-05-08	South America / Brazil / Sao Paulo
EPI_ISL_1967231	2021-04-22	2021-05-08	South America / Brazil / Sao Paulo
EPI_ISL_1967230	2021-04-22	2021-05-08	South America / Brazil / Sao Paulo
EPI_ISL_1967237	2021-04-18	2021-05-08	South America / Brazil / Sao Paulo
EPI_ISL_1967235	2021-04-22	2021-05-08	South America / Brazil / Sao Paulo
EPI_ISL_1967234	2021-04-22	2021-05-08	South America / Brazil / Sao Paulo
EPI_ISL_1967238	2021-04-18	2021-05-08	South America / Brazil / Sao Paulo
EPI_ISL_1966066	2021-02-27	2021-05-08	South America / Brazil / Sao Paulo
EPI_ISL_1966065	2021-02-27	2021-05-08	South America / Brazil / Sao Paulo
EPI_ISL_1966060	2021-02-27	2021-05-08	South America / Brazil / Sao Paulo
EPI_ISL_1966061	2021-02-27	2021-05-08	South America / Brazil / Sao Paulo
EPI_ISL_1966077	2021-02-27	2021-05-08	South America / Brazil / Sao Paulo
EPI_ISL_1966078	2021-02-27	2021-05-08	South America / Brazil / Sao Paulo
EPI_ISL_1966070	2021-02-27	2021-05-08	South America / Brazil / Sao Paulo
EPI_ISL_1966071	2021-02-27	2021-05-08	South America / Brazil / Sao Paulo
EPI_ISL_1966072	2021-02-27	2021-05-08	South America / Brazil / Sao Paulo
EPI_ISL_1966089	2021-02-26	2021-05-08	South America / Brazil / Sao Paulo
EPI_ISL_1966087	2021-03-01	2021-05-08	South America / Brazil / Sao Paulo
EPI_ISL_1966081	2021-02-28	2021-05-08	South America / Brazil / Sao Paulo
EPI_ISL_1966085	2021-02-28	2021-05-08	South America / Brazil / Sao Paulo
EPI_ISL_1966083	2021-02-28	2021-05-08	South America / Brazil / Sao Paulo
EPI_ISL_1966097	2021-02-27	2021-05-08	South America / Brazil / Sao Paulo
EPI_ISL_1966090	2021-03-01	2021-05-08	South America / Brazil / Sao Paulo
EPI_ISL_1966093	2021-02-26	2021-05-08	South America / Brazil / Sao Paulo
EPI_ISL_1966907	2021-04-06	2021-05-08	South America / Brazil / Sao Paulo
EPI_ISL_1966905	2021-04-05	2021-05-08	South America / Brazil / Sao Paulo
EPI_ISL_1966909	2021-04-05	2021-05-08	South America / Brazil / Sao Paulo
EPI_ISL_1966902	2021-04-08	2021-05-08	South America / Brazil / Sao Paulo
EPI_ISL_1966918	2021-04-08	2021-05-08	South America / Brazil / Sao Paulo
EPI_ISL_2378666	2021-05-12	2021-06-02	South America / Brazil / Sao Paulo / Descalvado
EPI_ISL_2378679	2021-05-15	2021-06-02	South America / Brazil / Sao Paulo / Araraquara
EPI_ISL_1966916	2021-04-08	2021-05-08	South America / Brazil / Sao Paulo
EPI_ISL_1966911	2021-04-08	2021-05-08	South America / Brazil / Sao Paulo
EPI_ISL_1966910	2021-04-08	2021-05-08	South America / Brazil / Sao Paulo
EPI_ISL_1966914	2021-04-08	2021-05-08	South America / Brazil / Sao Paulo
EPI_ISL_1966913	2021-04-08	2021-05-08	South America / Brazil / Sao Paulo
EPI_ISL_1966912	2021-04-07	2021-05-08	South America / Brazil / Sao Paulo
EPI_ISL_1966929	2021-04-07	2021-05-08	South America / Brazil / Sao Paulo
EPI_ISL_1966927	2021-04-08	2021-05-08	South America / Brazil / Sao Paulo
EPI_ISL_1966921	2021-04-08	2021-05-08	South America / Brazil / Sao Paulo
EPI_ISL_1966926	2021-04-08	2021-05-08	South America / Brazil / Sao Paulo
EPI_ISL_1966923	2021-04-07	2021-05-08	South America / Brazil / Sao Paulo
EPI_ISL_1966939	2021-04-04	2021-05-08	South America / Brazil / Sao Paulo
EPI_ISL_1966938	2021-04-05	2021-05-08	South America / Brazil / Sao Paulo
EPI_ISL_1966933	2021-04-07	2021-05-08	South America / Brazil / Sao Paulo
EPI_ISL_1966936	2021-04-04	2021-05-08	South America / Brazil / Sao Paulo
EPI_ISL_1966940	2021-04-04	2021-05-08	South America / Brazil / Sao Paulo
EPI_ISL_1966949	2021-04-05	2021-05-08	South America / Brazil / Sao Paulo
EPI_ISL_1966942	2021-04-05	2021-05-08	South America / Brazil / Sao Paulo
EPI_ISL_1966941	2021-04-05	2021-05-08	South America / Brazil / Sao Paulo
EPI_ISL_1966946	2021-04-05	2021-05-08	South America / Brazil / Sao Paulo
EPI_ISL_1966830	2021-04-08	2021-05-08	South America / Brazil / Sao Paulo
EPI_ISL_1966839	2021-04-04	2021-05-08	South America / Brazil / Sao Paulo
EPI_ISL_1966835	2021-04-04	2021-05-08	South America / Brazil / Sao Paulo
EPI_ISL_1966841	2021-04-08	2021-05-08	South America / Brazil / Sao Paulo
EPI_ISL_1966842	2021-04-08	2021-05-08	South America / Brazil / Sao Paulo
EPI_ISL_1966849	2021-04-05	2021-05-08	South America / Brazil / Sao Paulo
EPI_ISL_1966848	2021-04-05	2021-05-08	South America / Brazil / Sao Paulo
EPI_ISL_1966850	2021-04-05	2021-05-08	South America / Brazil / Sao Paulo
EPI_ISL_1966855	2021-04-08	2021-05-08	South America / Brazil / Sao Paulo
EPI_ISL_1966854	2021-04-08	2021-05-08	South America / Brazil / Sao Paulo
EPI_ISL_1966853	2021-04-05	2021-05-08	South America / Brazil / Sao Paulo
EPI_ISL_1966859	2021-04-08	2021-05-08	South America / Brazil / Sao Paulo
EPI_ISL_1966863	2021-04-08	2021-05-08	South America / Brazil / Sao Paulo
EPI_ISL_1966861	2021-04-08	2021-05-08	South America / Brazil / Sao Paulo
EPI_ISL_1966860	2021-04-08	2021-05-08	South America / Brazil / Sao Paulo
EPI_ISL_1966867	2021-04-08	2021-05-08	South America / Brazil / Sao Paulo
EPI_ISL_1966864	2021-04-08	2021-05-08	South America / Brazil / Sao Paulo
EPI_ISL_1966874	2021-04-04	2021-05-08	South America / Brazil / Sao Paulo
EPI_ISL_1966872	2021-04-04	2021-05-08	South America / Brazil / Sao Paulo
EPI_ISL_1966871	2021-04-04	2021-05-08	South America / Brazil / Sao Paulo
EPI_ISL_1966878	2021-04-05	2021-05-08	South America / Brazil / Sao Paulo
EPI_ISL_1966877	2021-04-05	2021-05-08	South America / Brazil / Sao Paulo
EPI_ISL_1966879	2021-04-05	2021-05-08	South America / Brazil / Sao Paulo
EPI_ISL_1966881	2021-04-05	2021-05-08	South America / Brazil / Sao Paulo
EPI_ISL_1966880	2021-04-05	2021-05-08	South America / Brazil / Sao Paulo
EPI_ISL_1966885	2021-04-05	2021-05-08	South America / Brazil / Sao Paulo
EPI_ISL_1966884	2021-04-05	2021-05-08	South America / Brazil / Sao Paulo
EPI_ISL_1966883	2021-04-05	2021-05-08	South America / Brazil / Sao Paulo
EPI_ISL_1966882	2021-04-05	2021-05-08	South America / Brazil / Sao Paulo
EPI_ISL_1966889	2021-04-05	2021-05-08	South America / Brazil / Sao Paulo
EPI_ISL_1966888	2021-04-05	2021-05-08	South America / Brazil / Sao Paulo
EPI_ISL_1966887	2021-04-05	2021-05-08	South America / Brazil / Sao Paulo
EPI_ISL_1966892	2021-04-05	2021-05-08	South America / Brazil / Sao Paulo
EPI_ISL_1966891	2021-04-05	2021-05-08	South America / Brazil / Sao Paulo
EPI_ISL_1966894	2021-04-06	2021-05-08	South America / Brazil / Sao Paulo
EPI_ISL_1966899	2021-04-09	2021-05-08	South America / Brazil / Sao Paulo
EPI_ISL_1966897	2021-04-09	2021-05-08	South America / Brazil / Sao Paulo
EPI_ISL_1967303	2021-04-18	2021-05-08	South America / Brazil / Sao Paulo
EPI_ISL_1967302	2021-04-18	2021-05-08	South America / Brazil / Sao Paulo
EPI_ISL_1967301	2021-04-18	2021-05-08	South America / Brazil / Sao Paulo
EPI_ISL_1967310	2021-04-18	2021-05-08	South America / Brazil / Sao Paulo
EPI_ISL_1967314	2021-04-18	2021-05-08	South America / Brazil / Sao Paulo
EPI_ISL_1967313	2021-04-18	2021-05-08	South America / Brazil / Sao Paulo
EPI_ISL_1967312	2021-04-18	2021-05-08	South America / Brazil / Sao Paulo
EPI_ISL_1967002	2021-04-08	2021-05-08	South America / Brazil / Sao Paulo
EPI_ISL_1967006	2021-04-06	2021-05-08	South America / Brazil / Sao Paulo
EPI_ISL_1967005	2021-04-06	2021-05-08	South America / Brazil / Sao Paulo
EPI_ISL_1967003	2021-04-10	2021-05-08	South America / Brazil / Sao Paulo
EPI_ISL_1967013	2021-04-06	2021-05-08	South America / Brazil / Sao Paulo
EPI_ISL_1967011	2021-04-06	2021-05-08	South America / Brazil / Sao Paulo
EPI_ISL_1967010	2021-04-06	2021-05-08	South America / Brazil / Sao Paulo
EPI_ISL_1967017	2021-04-07	2021-05-08	South America / Brazil / Sao Paulo
EPI_ISL_1967018	2021-04-07	2021-05-08	South America / Brazil / Sao Paulo
EPI_ISL_1967024	2021-04-07	2021-05-08	South America / Brazil / Sao Paulo
EPI_ISL_1967023	2021-04-07	2021-05-08	South America / Brazil / Sao Paulo
EPI_ISL_1967025	2021-04-08	2021-05-08	South America / Brazil / Sao Paulo
EPI_ISL_1967029	2021-04-07	2021-05-08	South America / Brazil / Sao Paulo
EPI_ISL_1967034	2021-04-08	2021-05-08	South America / Brazil / Sao Paulo
EPI_ISL_1967039	2021-04-08	2021-05-08	South America / Brazil / Sao Paulo
EPI_ISL_1967037	2021-04-08	2021-05-08	South America / Brazil / Sao Paulo
EPI_ISL_1967031	2021-04-07	2021-05-08	South America / Brazil / Sao Paulo
EPI_ISL_1967046	2021-04-04	2021-05-08	South America / Brazil / Sao Paulo
EPI_ISL_1967045	2021-04-04	2021-05-08	South America / Brazil / Sao Paulo
EPI_ISL_1967044	2021-04-04	2021-05-08	South America / Brazil / Sao Paulo
EPI_ISL_1967043	2021-04-04	2021-05-08	South America / Brazil / Sao Paulo
EPI_ISL_1967049	2021-04-04	2021-05-08	South America / Brazil / Sao Paulo
EPI_ISL_1967048	2021-04-04	2021-05-08	South America / Brazil / Sao Paulo
EPI_ISL_1967047	2021-04-04	2021-05-08	South America / Brazil / Sao Paulo
EPI_ISL_1967042	2021-04-04	2021-05-08	South America / Brazil / Sao Paulo
EPI_ISL_1967041	2021-04-08	2021-05-08	South America / Brazil / Sao Paulo
EPI_ISL_1967040	2021-04-08	2021-05-08	South America / Brazil / Sao Paulo
EPI_ISL_1967057	2021-04-06	2021-05-08	South America / Brazil / Sao Paulo
EPI_ISL_1967056	2021-04-06	2021-05-08	South America / Brazil / Sao Paulo
EPI_ISL_1967054	2021-04-06	2021-05-08	South America / Brazil / Sao Paulo
EPI_ISL_1967058	2021-04-05	2021-05-08	South America / Brazil / Sao Paulo
EPI_ISL_1967053	2021-04-06	2021-05-08	South America / Brazil / Sao Paulo
EPI_ISL_1967052	2021-04-06	2021-05-08	South America / Brazil / Sao Paulo
EPI_ISL_1967050	2021-04-07	2021-05-08	South America / Brazil / Sao Paulo
EPI_ISL_1967067	2021-04-04	2021-05-08	South America / Brazil / Sao Paulo
EPI_ISL_1967065	2021-04-08	2021-05-08	South America / Brazil / Sao Paulo
EPI_ISL_1967062	2021-04-08	2021-05-08	South America / Brazil / Sao Paulo
EPI_ISL_1967079	2021-04-04	2021-05-08	South America / Brazil / Sao Paulo
EPI_ISL_1967078	2021-04-04	2021-05-08	South America / Brazil / Sao Paulo
EPI_ISL_1967076	2021-04-04	2021-05-08	South America / Brazil / Sao Paulo
EPI_ISL_1967075	2021-04-04	2021-05-08	South America / Brazil / Sao Paulo
EPI_ISL_1967072	2021-04-04	2021-05-08	South America / Brazil / Sao Paulo
EPI_ISL_1967089	2021-04-04	2021-05-08	South America / Brazil / Sao Paulo
EPI_ISL_1967087	2021-04-04	2021-05-08	South America / Brazil / Sao Paulo
EPI_ISL_1967081	2021-04-04	2021-05-08	South America / Brazil / Sao Paulo
EPI_ISL_1967080	2021-04-04	2021-05-08	South America / Brazil / Sao Paulo
EPI_ISL_1967086	2021-04-04	2021-05-08	South America / Brazil / Sao Paulo
EPI_ISL_1967083	2021-04-04	2021-05-08	South America / Brazil / Sao Paulo
EPI_ISL_1967099	2021-04-07	2021-05-08	South America / Brazil / Sao Paulo
EPI_ISL_1967098	2021-04-07	2021-05-08	South America / Brazil / Sao Paulo
EPI_ISL_1967093	2021-04-05	2021-05-08	South America / Brazil / Sao Paulo
EPI_ISL_1967091	2021-04-06	2021-05-08	South America / Brazil / Sao Paulo
EPI_ISL_1967090	2021-04-04	2021-05-08	South America / Brazil / Sao Paulo
EPI_ISL_1967097	2021-04-08	2021-05-08	South America / Brazil / Sao Paulo
EPI_ISL_1967096	2021-04-08	2021-05-08	South America / Brazil / Sao Paulo
EPI_ISL_1967095	2021-04-06	2021-05-08	South America / Brazil / Sao Paulo
EPI_ISL_1967094	2021-04-05	2021-05-08	South America / Brazil / Sao Paulo
EPI_ISL_1966500	2021-03-30	2021-05-08	South America / Brazil / Sao Paulo
EPI_ISL_1966502	2021-04-01	2021-05-08	South America / Brazil / Sao Paulo
EPI_ISL_1966501	2021-03-31	2021-05-08	South America / Brazil / Sao Paulo
EPI_ISL_1966507	2021-03-31	2021-05-08	South America / Brazil / Sao Paulo
EPI_ISL_1966506	2021-04-01	2021-05-08	South America / Brazil / Sao Paulo
EPI_ISL_1966511	2021-03-31	2021-05-08	South America / Brazil / Sao Paulo
EPI_ISL_1966514	2021-03-29	2021-05-08	South America / Brazil / Sao Paulo
EPI_ISL_1966519	2021-03-30	2021-05-08	South America / Brazil / Sao Paulo
EPI_ISL_1966518	2021-03-30	2021-05-08	South America / Brazil / Sao Paulo
EPI_ISL_1966516	2021-03-29	2021-05-08	South America / Brazil / Sao Paulo
EPI_ISL_1966520	2021-03-30	2021-05-08	South America / Brazil / Sao Paulo
EPI_ISL_1966523	2021-03-31	2021-05-08	South America / Brazil / Sao Paulo
EPI_ISL_1966529	2021-03-30	2021-05-08	South America / Brazil / Sao Paulo
EPI_ISL_1966533	2021-03-30	2021-05-08	South America / Brazil / Sao Paulo
EPI_ISL_1966536	2021-03-30	2021-05-08	South America / Brazil / Sao Paulo
EPI_ISL_1966534	2021-03-29	2021-05-08	South America / Brazil / Sao Paulo
EPI_ISL_1966540	2021-03-30	2021-05-08	South America / Brazil / Sao Paulo
EPI_ISL_1966544	2021-03-29	2021-05-08	South America / Brazil / Sao Paulo
EPI_ISL_1966548	2021-03-29	2021-05-08	South America / Brazil / Sao Paulo
EPI_ISL_1966547	2021-03-30	2021-05-08	South America / Brazil / Sao Paulo
EPI_ISL_1966546	2021-03-30	2021-05-08	South America / Brazil / Sao Paulo
EPI_ISL_1966549	2021-03-31	2021-05-08	South America / Brazil / Sao Paulo
EPI_ISL_1966551	2021-03-29	2021-05-08	South America / Brazil / Sao Paulo
EPI_ISL_1966550	2021-03-31	2021-05-08	South America / Brazil / Sao Paulo
EPI_ISL_1966555	2021-03-29	2021-05-08	South America / Brazil / Sao Paulo
EPI_ISL_1966565	2021-04-05	2021-05-08	South America / Brazil / Sao Paulo
EPI_ISL_1966569	2021-04-05	2021-05-08	South America / Brazil / Sao Paulo
EPI_ISL_1966571	2021-04-05	2021-05-08	South America / Brazil / Sao Paulo
EPI_ISL_1966582	2021-04-05	2021-05-08	South America / Brazil / Sao Paulo
EPI_ISL_1966581	2021-04-05	2021-05-08	South America / Brazil / Sao Paulo
EPI_ISL_1966587	2021-04-05	2021-05-08	South America / Brazil / Sao Paulo
EPI_ISL_1966595	2021-04-05	2021-05-08	South America / Brazil / Sao Paulo
EPI_ISL_1966594	2021-04-05	2021-05-08	South America / Brazil / Sao Paulo
EPI_ISL_1966593	2021-04-05	2021-05-08	South America / Brazil / Sao Paulo
EPI_ISL_1966597	2021-04-05	2021-05-08	South America / Brazil / Sao Paulo
EPI_ISL_1966596	2021-04-05	2021-05-08	South America / Brazil / Sao Paulo
EPI_ISL_1967121	2021-04-07	2021-05-08	South America / Brazil / Sao Paulo
EPI_ISL_1967127	2021-04-08	2021-05-08	South America / Brazil / Sao Paulo
EPI_ISL_1967125	2021-04-07	2021-05-08	South America / Brazil / Sao Paulo
EPI_ISL_1967129	2021-04-07	2021-05-08	South America / Brazil / Sao Paulo
EPI_ISL_1967128	2021-04-07	2021-05-08	South America / Brazil / Sao Paulo
EPI_ISL_1967133	2021-04-08	2021-05-08	South America / Brazil / Sao Paulo
EPI_ISL_1967132	2021-04-07	2021-05-08	South America / Brazil / Sao Paulo
EPI_ISL_1967131	2021-04-08	2021-05-08	South America / Brazil / Sao Paulo
EPI_ISL_1967137	2021-04-08	2021-05-08	South America / Brazil / Sao Paulo
EPI_ISL_1967139	2021-04-07	2021-05-08	South America / Brazil / Sao Paulo
EPI_ISL_1967144	2021-04-08	2021-05-08	South America / Brazil / Sao Paulo
EPI_ISL_1967143	2021-04-07	2021-05-08	South America / Brazil / Sao Paulo
EPI_ISL_1967142	2021-04-08	2021-05-08	South America / Brazil / Sao Paulo
EPI_ISL_1967148	2021-04-05	2021-05-08	South America / Brazil / Sao Paulo
EPI_ISL_1967147	2021-04-08	2021-05-08	South America / Brazil / Sao Paulo
EPI_ISL_1967146	2021-04-08	2021-05-08	South America / Brazil / Sao Paulo
EPI_ISL_1967141	2021-04-07	2021-05-08	South America / Brazil / Sao Paulo
EPI_ISL_1967140	2021-04-08	2021-05-08	South America / Brazil / Sao Paulo
EPI_ISL_1967156	2021-04-05	2021-05-08	South America / Brazil / Sao Paulo
EPI_ISL_1967154	2021-04-05	2021-05-08	South America / Brazil / Sao Paulo
EPI_ISL_1967153	2021-04-05	2021-05-08	South America / Brazil / Sao Paulo
EPI_ISL_1967159	2021-04-07	2021-05-08	South America / Brazil / Sao Paulo
EPI_ISL_1967151	2021-04-05	2021-05-08	South America / Brazil / Sao Paulo
EPI_ISL_1967169	2021-04-09	2021-05-08	South America / Brazil / Sao Paulo
EPI_ISL_1967168	2021-04-09	2021-05-08	South America / Brazil / Sao Paulo
EPI_ISL_1967160	2021-04-07	2021-05-08	South America / Brazil / Sao Paulo
EPI_ISL_1967179	2021-04-09	2021-05-08	South America / Brazil / Sao Paulo
EPI_ISL_1967170	2021-04-09	2021-05-08	South America / Brazil / Sao Paulo
EPI_ISL_1967173	2021-04-09	2021-05-08	South America / Brazil / Sao Paulo
EPI_ISL_1967189	2021-04-09	2021-05-08	South America / Brazil / Sao Paulo
EPI_ISL_1967188	2021-04-09	2021-05-08	South America / Brazil / Sao Paulo
EPI_ISL_1967187	2021-04-09	2021-05-08	South America / Brazil / Sao Paulo
EPI_ISL_1967186	2021-04-10	2021-05-08	South America / Brazil / Sao Paulo
EPI_ISL_1967181	2021-04-09	2021-05-08	South America / Brazil / Sao Paulo
EPI_ISL_1967180	2021-04-09	2021-05-08	South America / Brazil / Sao Paulo
EPI_ISL_1967185	2021-04-09	2021-05-08	South America / Brazil / Sao Paulo
EPI_ISL_1967184	2021-04-09	2021-05-08	South America / Brazil / Sao Paulo
EPI_ISL_1967183	2021-04-09	2021-05-08	South America / Brazil / Sao Paulo
EPI_ISL_1967199	2021-04-19	2021-05-08	South America / Brazil / Sao Paulo
EPI_ISL_1967192	2021-04-07	2021-05-08	South America / Brazil / Sao Paulo
EPI_ISL_1967191	2021-04-10	2021-05-08	South America / Brazil / Sao Paulo
EPI_ISL_1967194	2021-04-08	2021-05-08	South America / Brazil / Sao Paulo
EPI_ISL_1967193	2021-04-07	2021-05-08	South America / Brazil / Sao Paulo
EPI_ISL_1966708	2021-04-08	2021-05-08	South America / Brazil / Sao Paulo
EPI_ISL_1966701	2021-04-05	2021-05-08	South America / Brazil / Sao Paulo
EPI_ISL_1966609	2021-04-05	2021-05-08	South America / Brazil / Sao Paulo
EPI_ISL_1966608	2021-04-05	2021-05-08	South America / Brazil / Sao Paulo
EPI_ISL_1966600	2021-04-05	2021-05-08	South America / Brazil / Sao Paulo
EPI_ISL_1966606	2021-04-04	2021-05-08	South America / Brazil / Sao Paulo
EPI_ISL_1966605	2021-04-04	2021-05-08	South America / Brazil / Sao Paulo
EPI_ISL_1966619	2021-04-04	2021-05-08	South America / Brazil / Sao Paulo
EPI_ISL_1966614	2021-04-05	2021-05-08	South America / Brazil / Sao Paulo
EPI_ISL_1966613	2021-04-04	2021-05-08	South America / Brazil / Sao Paulo
EPI_ISL_1966612	2021-04-04	2021-05-08	South America / Brazil / Sao Paulo
EPI_ISL_1966611	2021-04-05	2021-05-08	South America / Brazil / Sao Paulo
EPI_ISL_1966618	2021-04-04	2021-05-08	South America / Brazil / Sao Paulo
EPI_ISL_1966617	2021-04-04	2021-05-08	South America / Brazil / Sao Paulo
EPI_ISL_1966616	2021-04-04	2021-05-08	South America / Brazil / Sao Paulo
EPI_ISL_1966621	2021-04-04	2021-05-08	South America / Brazil / Sao Paulo
EPI_ISL_1966620	2021-04-04	2021-05-08	South America / Brazil / Sao Paulo
EPI_ISL_1966625	2021-04-04	2021-05-08	South America / Brazil / Sao Paulo
EPI_ISL_1966624	2021-04-04	2021-05-08	South America / Brazil / Sao Paulo
EPI_ISL_1966623	2021-04-04	2021-05-08	South America / Brazil / Sao Paulo
EPI_ISL_1966622	2021-04-04	2021-05-08	South America / Brazil / Sao Paulo
EPI_ISL_1966631	2021-04-05	2021-05-08	South America / Brazil / Sao Paulo
EPI_ISL_1966636	2021-04-05	2021-05-08	South America / Brazil / Sao Paulo
EPI_ISL_1966633	2021-04-05	2021-05-08	South America / Brazil / Sao Paulo
EPI_ISL_1966639	2021-04-05	2021-05-08	South America / Brazil / Sao Paulo
EPI_ISL_1966637	2021-04-05	2021-05-08	South America / Brazil / Sao Paulo
EPI_ISL_1966641	2021-04-05	2021-05-08	South America / Brazil / Sao Paulo
EPI_ISL_1966640	2021-04-06	2021-05-08	South America / Brazil / Sao Paulo
EPI_ISL_1966647	2021-04-04	2021-05-08	South America / Brazil / Sao Paulo
EPI_ISL_1966644	2021-04-04	2021-05-08	South America / Brazil / Sao Paulo
EPI_ISL_1966650	2021-04-06	2021-05-08	South America / Brazil / Sao Paulo
EPI_ISL_1966654	2021-04-05	2021-05-08	South America / Brazil / Sao Paulo
EPI_ISL_1966652	2021-04-05	2021-05-08	South America / Brazil / Sao Paulo
EPI_ISL_1966658	2021-04-05	2021-05-08	South America / Brazil / Sao Paulo
EPI_ISL_1966657	2021-04-05	2021-05-08	South America / Brazil / Sao Paulo
EPI_ISL_1966659	2021-04-06	2021-05-08	South America / Brazil / Sao Paulo
EPI_ISL_1966660	2021-04-05	2021-05-08	South America / Brazil / Sao Paulo
EPI_ISL_1966665	2021-04-05	2021-05-08	South America / Brazil / Sao Paulo
EPI_ISL_1966664	2021-04-05	2021-05-08	South America / Brazil / Sao Paulo
EPI_ISL_1966669	2021-04-05	2021-05-08	South America / Brazil / Sao Paulo
EPI_ISL_1966668	2021-04-05	2021-05-08	South America / Brazil / Sao Paulo
EPI_ISL_1966666	2021-04-05	2021-05-08	South America / Brazil / Sao Paulo
EPI_ISL_1966672	2021-04-08	2021-05-08	South America / Brazil / Sao Paulo
EPI_ISL_1966675	2021-04-05	2021-05-08	South America / Brazil / Sao Paulo
EPI_ISL_1966674	2021-04-05	2021-05-08	South America / Brazil / Sao Paulo
EPI_ISL_1966673	2021-04-09	2021-05-08	South America / Brazil / Sao Paulo
EPI_ISL_1966679	2021-04-05	2021-05-08	South America / Brazil / Sao Paulo
EPI_ISL_1966682	2021-04-06	2021-05-08	South America / Brazil / Sao Paulo
EPI_ISL_1966681	2021-04-07	2021-05-08	South America / Brazil / Sao Paulo
EPI_ISL_1966686	2021-04-05	2021-05-08	South America / Brazil / Sao Paulo
EPI_ISL_1966685	2021-04-05	2021-05-08	South America / Brazil / Sao Paulo
EPI_ISL_1966684	2021-04-05	2021-05-08	South America / Brazil / Sao Paulo
EPI_ISL_1966694	2021-04-08	2021-05-08	South America / Brazil / Sao Paulo
EPI_ISL_1966692	2021-04-07	2021-05-08	South America / Brazil / Sao Paulo
EPI_ISL_1966698	2021-04-05	2021-05-08	South America / Brazil / Sao Paulo
EPI_ISL_1966697	2021-04-05	2021-05-08	South America / Brazil / Sao Paulo
EPI_ISL_1966690	2021-04-05	2021-05-08	South America / Brazil / Sao Paulo
EPI_ISL_1967105	2021-04-07	2021-05-08	South America / Brazil / Sao Paulo
EPI_ISL_1967104	2021-04-07	2021-05-08	South America / Brazil / Sao Paulo
EPI_ISL_1967103	2021-04-07	2021-05-08	South America / Brazil / Sao Paulo
EPI_ISL_1967109	2021-04-07	2021-05-08	South America / Brazil / Sao Paulo
EPI_ISL_1967108	2021-04-07	2021-05-08	South America / Brazil / Sao Paulo
EPI_ISL_1967106	2021-04-07	2021-05-08	South America / Brazil / Sao Paulo
EPI_ISL_1967112	2021-04-07	2021-05-08	South America / Brazil / Sao Paulo
EPI_ISL_1967111	2021-04-08	2021-05-08	South America / Brazil / Sao Paulo
EPI_ISL_1967110	2021-04-08	2021-05-08	South America / Brazil / Sao Paulo
EPI_ISL_1967115	2021-04-07	2021-05-08	South America / Brazil / Sao Paulo
EPI_ISL_1967114	2021-04-08	2021-05-08	South America / Brazil / Sao Paulo
EPI_ISL_1967119	2021-04-07	2021-05-08	South America / Brazil / Sao Paulo
EPI_ISL_1967117	2021-04-07	2021-05-08	South America / Brazil / Sao Paulo
EPI_ISL_1966396	2021-03-30	2021-05-08	South America / Brazil / Sao Paulo
EPI_ISL_1966397	2021-03-30	2021-05-08	South America / Brazil / Sao Paulo
EPI_ISL_1966394	2021-03-30	2021-05-08	South America / Brazil / Sao Paulo
EPI_ISL_1966395	2021-03-29	2021-05-08	South America / Brazil / Sao Paulo
EPI_ISL_1966399	2021-03-29	2021-05-08	South America / Brazil / Sao Paulo
EPI_ISL_1966392	2021-03-30	2021-05-08	South America / Brazil / Sao Paulo
EPI_ISL_1966980	2021-04-06	2021-05-08	South America / Brazil / Sao Paulo
EPI_ISL_1966984	2021-04-07	2021-05-08	South America / Brazil / Sao Paulo
EPI_ISL_1966985	2021-04-07	2021-05-08	South America / Brazil / Sao Paulo
EPI_ISL_1966989	2021-04-05	2021-05-08	South America / Brazil / Sao Paulo
EPI_ISL_1966983	2021-04-06	2021-05-08	South America / Brazil / Sao Paulo
EPI_ISL_1966302	2021-03-22	2021-05-08	South America / Brazil / Sao Paulo
EPI_ISL_1966306	2021-03-21	2021-05-08	South America / Brazil / Sao Paulo
EPI_ISL_1966307	2021-03-21	2021-05-08	South America / Brazil / Sao Paulo
EPI_ISL_1966310	2021-03-21	2021-05-08	South America / Brazil / Sao Paulo
EPI_ISL_1966314	2021-03-22	2021-05-08	South America / Brazil / Sao Paulo
EPI_ISL_1966319	2021-03-21	2021-05-08	South America / Brazil / Sao Paulo
EPI_ISL_1966320	2021-03-22	2021-05-08	South America / Brazil / Sao Paulo
EPI_ISL_1966324	2021-03-22	2021-05-08	South America / Brazil / Sao Paulo
EPI_ISL_1966326	2021-03-22	2021-05-08	South America / Brazil / Sao Paulo
EPI_ISL_1966331	2021-03-23	2021-05-08	South America / Brazil / Sao Paulo
EPI_ISL_1966334	2021-03-23	2021-05-08	South America / Brazil / Sao Paulo
EPI_ISL_1966335	2021-03-22	2021-05-08	South America / Brazil / Sao Paulo
EPI_ISL_1966333	2021-03-26	2021-05-08	South America / Brazil / Sao Paulo
EPI_ISL_1966339	2021-03-26	2021-05-08	South America / Brazil / Sao Paulo
EPI_ISL_1966336	2021-03-26	2021-05-08	South America / Brazil / Sao Paulo
EPI_ISL_1966340	2021-03-23	2021-05-08	South America / Brazil / Sao Paulo
EPI_ISL_1966345	2021-03-22	2021-05-08	South America / Brazil / Sao Paulo
EPI_ISL_1966349	2021-03-22	2021-05-08	South America / Brazil / Sao Paulo
EPI_ISL_1966347	2021-03-22	2021-05-08	South America / Brazil / Sao Paulo
EPI_ISL_1966348	2021-03-22	2021-05-08	South America / Brazil / Sao Paulo
EPI_ISL_1966352	2021-03-29	2021-05-08	South America / Brazil / Sao Paulo
EPI_ISL_1966982	2021-04-06	2021-05-08	South America / Brazil / Sao Paulo
EPI_ISL_1966990	2021-04-05	2021-05-08	South America / Brazil / Sao Paulo
EPI_ISL_1966353	2021-03-29	2021-05-08	South America / Brazil / Sao Paulo
EPI_ISL_1966351	2021-03-29	2021-05-08	South America / Brazil / Sao Paulo
EPI_ISL_1966355	2021-03-29	2021-05-08	South America / Brazil / Sao Paulo
EPI_ISL_1966358	2021-03-30	2021-05-08	South America / Brazil / Sao Paulo
EPI_ISL_1966363	2021-03-30	2021-05-08	South America / Brazil / Sao Paulo
EPI_ISL_1966364	2021-03-30	2021-05-08	South America / Brazil / Sao Paulo
EPI_ISL_1966362	2021-03-30	2021-05-08	South America / Brazil / Sao Paulo
EPI_ISL_1966368	2021-03-29	2021-05-08	South America / Brazil / Sao Paulo
EPI_ISL_1966374	2021-03-29	2021-05-08	South America / Brazil / Sao Paulo
EPI_ISL_1966372	2021-03-30	2021-05-08	South America / Brazil / Sao Paulo
EPI_ISL_1966373	2021-03-30	2021-05-08	South America / Brazil / Sao Paulo
EPI_ISL_1966378	2021-03-30	2021-05-08	South America / Brazil / Sao Paulo
EPI_ISL_1966370	2021-03-30	2021-05-08	South America / Brazil / Sao Paulo
EPI_ISL_1966386	2021-03-29	2021-05-08	South America / Brazil / Sao Paulo
EPI_ISL_1966383	2021-03-30	2021-05-08	South America / Brazil / Sao Paulo
EPI_ISL_1966389	2021-03-30	2021-05-08	South America / Brazil / Sao Paulo
EPI_ISL_1966387	2021-03-28	2021-05-08	South America / Brazil / Sao Paulo
EPI_ISL_1966381	2021-03-30	2021-05-08	South America / Brazil / Sao Paulo
EPI_ISL_1966382	2021-03-30	2021-05-08	South America / Brazil / Sao Paulo
EPI_ISL_1966380	2021-03-30	2021-05-08	South America / Brazil / Sao Paulo
EPI_ISL_1966981	2021-04-06	2021-05-08	South America / Brazil / Sao Paulo
EPI_ISL_2382540	2021-04-17	2021-06-02	South America / Brazil / Rio Grande do Sul
EPI_ISL_1966988	2021-04-07	2021-05-08	South America / Brazil / Sao Paulo
EPI_ISL_1966992	2021-04-05	2021-05-08	South America / Brazil / Sao Paulo
EPI_ISL_1966999	2021-04-05	2021-05-08	South America / Brazil / Sao Paulo
EPI_ISL_1966995	2021-04-06	2021-05-08	South America / Brazil / Sao Paulo
EPI_ISL_1966994	2021-04-05	2021-05-08	South America / Brazil / Sao Paulo
EPI_ISL_1966400	2021-03-29	2021-05-08	South America / Brazil / Sao Paulo
EPI_ISL_1966401	2021-03-30	2021-05-08	South America / Brazil / Sao Paulo
EPI_ISL_1966403	2021-03-29	2021-05-08	South America / Brazil / Sao Paulo
EPI_ISL_1966408	2021-03-29	2021-05-08	South America / Brazil / Sao Paulo
EPI_ISL_1966407	2021-03-29	2021-05-08	South America / Brazil / Sao Paulo
EPI_ISL_1966412	2021-03-29	2021-05-08	South America / Brazil / Sao Paulo
EPI_ISL_1966410	2021-03-30	2021-05-08	South America / Brazil / Sao Paulo
EPI_ISL_1966419	2021-03-30	2021-05-08	South America / Brazil / Sao Paulo
EPI_ISL_1966417	2021-03-29	2021-05-08	South America / Brazil / Sao Paulo
EPI_ISL_1966422	2021-03-30	2021-05-08	South America / Brazil / Sao Paulo
EPI_ISL_1966423	2021-03-29	2021-05-08	South America / Brazil / Sao Paulo
EPI_ISL_1966420	2021-03-29	2021-05-08	South America / Brazil / Sao Paulo
EPI_ISL_1966421	2021-03-29	2021-05-08	South America / Brazil / Sao Paulo
EPI_ISL_1966427	2021-03-29	2021-05-08	South America / Brazil / Sao Paulo
EPI_ISL_1966424	2021-03-29	2021-05-08	South America / Brazil / Sao Paulo
EPI_ISL_1966425	2021-03-29	2021-05-08	South America / Brazil / Sao Paulo
EPI_ISL_1966428	2021-03-29	2021-05-08	South America / Brazil / Sao Paulo
EPI_ISL_1966429	2021-03-30	2021-05-08	South America / Brazil / Sao Paulo
EPI_ISL_1966430	2021-03-29	2021-05-08	South America / Brazil / Sao Paulo
EPI_ISL_1966434	2021-03-29	2021-05-08	South America / Brazil / Sao Paulo
EPI_ISL_1966432	2021-03-29	2021-05-08	South America / Brazil / Sao Paulo
EPI_ISL_1966438	2021-03-29	2021-05-08	South America / Brazil / Sao Paulo
EPI_ISL_1966435	2021-03-29	2021-05-08	South America / Brazil / Sao Paulo
EPI_ISL_1966436	2021-03-29	2021-05-08	South America / Brazil / Sao Paulo
EPI_ISL_1966439	2021-03-30	2021-05-08	South America / Brazil / Sao Paulo
EPI_ISL_1966440	2021-03-31	2021-05-08	South America / Brazil / Sao Paulo
EPI_ISL_1966441	2021-03-31	2021-05-08	South America / Brazil / Sao Paulo
EPI_ISL_1966448	2021-03-29	2021-05-08	South America / Brazil / Sao Paulo
EPI_ISL_1966446	2021-03-29	2021-05-08	South America / Brazil / Sao Paulo
EPI_ISL_1966458	2021-03-29	2021-05-08	South America / Brazil / Sao Paulo
EPI_ISL_1966462	2021-03-31	2021-05-08	South America / Brazil / Sao Paulo
EPI_ISL_1966461	2021-03-31	2021-05-08	South America / Brazil / Sao Paulo
EPI_ISL_1966474	2021-03-31	2021-05-08	South America / Brazil / Sao Paulo
EPI_ISL_1966471	2021-03-31	2021-05-08	South America / Brazil / Sao Paulo
EPI_ISL_1966477	2021-03-29	2021-05-08	South America / Brazil / Sao Paulo
EPI_ISL_1966478	2021-03-29	2021-05-08	South America / Brazil / Sao Paulo
EPI_ISL_1966475	2021-03-30	2021-05-08	South America / Brazil / Sao Paulo
EPI_ISL_1966476	2021-03-29	2021-05-08	South America / Brazil / Sao Paulo
EPI_ISL_1966470	2021-03-31	2021-05-08	South America / Brazil / Sao Paulo
EPI_ISL_1966484	2021-03-29	2021-05-08	South America / Brazil / Sao Paulo
EPI_ISL_1966483	2021-03-29	2021-05-08	South America / Brazil / Sao Paulo
EPI_ISL_1966489	2021-03-29	2021-05-08	South America / Brazil / Sao Paulo
EPI_ISL_1966486	2021-03-29	2021-05-08	South America / Brazil / Sao Paulo
EPI_ISL_1966487	2021-03-29	2021-05-08	South America / Brazil / Sao Paulo
EPI_ISL_1966480	2021-03-31	2021-05-08	South America / Brazil / Sao Paulo
EPI_ISL_1966495	2021-03-29	2021-05-08	South America / Brazil / Sao Paulo
EPI_ISL_1966496	2021-03-29	2021-05-08	South America / Brazil / Sao Paulo
EPI_ISL_1966498	2021-03-30	2021-05-08	South America / Brazil / Sao Paulo
EPI_ISL_1966491	2021-03-29	2021-05-08	South America / Brazil / Sao Paulo
EPI_ISL_1966490	2021-03-29	2021-05-08	South America / Brazil / Sao Paulo
EPI_ISL_1966152	2021-03-08	2021-05-08	South America / Brazil / Sao Paulo
EPI_ISL_1966153	2021-03-08	2021-05-08	South America / Brazil / Sao Paulo
EPI_ISL_1966158	2021-03-09	2021-05-08	South America / Brazil / Sao Paulo
EPI_ISL_1966156	2021-03-08	2021-05-08	South America / Brazil / Sao Paulo
EPI_ISL_1966150	2021-03-08	2021-05-08	South America / Brazil / Sao Paulo
EPI_ISL_1966165	2021-03-09	2021-05-08	South America / Brazil / Sao Paulo
EPI_ISL_1966164	2021-03-09	2021-05-08	South America / Brazil / Sao Paulo
EPI_ISL_1966169	2021-03-09	2021-05-08	South America / Brazil / Sao Paulo
EPI_ISL_1966161	2021-03-09	2021-05-08	South America / Brazil / Sao Paulo
EPI_ISL_1966176	2021-03-08	2021-05-08	South America / Brazil / Sao Paulo
EPI_ISL_1966179	2021-03-08	2021-05-08	South America / Brazil / Sao Paulo
EPI_ISL_1966188	2021-03-09	2021-05-08	South America / Brazil / Sao Paulo
EPI_ISL_1966189	2021-03-10	2021-05-08	South America / Brazil / Sao Paulo
EPI_ISL_1966183	2021-03-10	2021-05-08	South America / Brazil / Sao Paulo
EPI_ISL_1966184	2021-03-10	2021-05-08	South America / Brazil / Sao Paulo
EPI_ISL_1966181	2021-03-10	2021-05-08	South America / Brazil / Sao Paulo
EPI_ISL_1966182	2021-03-10	2021-05-08	South America / Brazil / Sao Paulo
EPI_ISL_1966196	2021-03-10	2021-05-08	South America / Brazil / Sao Paulo
EPI_ISL_1966190	2021-03-10	2021-05-08	South America / Brazil / Sao Paulo
EPI_ISL_1966191	2021-03-11	2021-05-08	South America / Brazil / Sao Paulo
EPI_ISL_1966192	2021-03-10	2021-05-08	South America / Brazil / Sao Paulo
EPI_ISL_1966987	2021-04-06	2021-05-08	South America / Brazil / Sao Paulo
EPI_ISL_1966993	2021-04-05	2021-05-08	South America / Brazil / Sao Paulo
EPI_ISL_1966950	2021-04-08	2021-05-08	South America / Brazil / Sao Paulo
EPI_ISL_1966957	2021-04-05	2021-05-08	South America / Brazil / Sao Paulo
EPI_ISL_1966961	2021-04-07	2021-05-08	South America / Brazil / Sao Paulo
EPI_ISL_1966966	2021-04-05	2021-05-08	South America / Brazil / Sao Paulo
EPI_ISL_1966965	2021-04-05	2021-05-08	South America / Brazil / Sao Paulo
EPI_ISL_1966973	2021-04-05	2021-05-08	South America / Brazil / Sao Paulo
EPI_ISL_1966972	2021-04-05	2021-05-08	South America / Brazil / Sao Paulo
EPI_ISL_1966971	2021-04-05	2021-05-08	South America / Brazil / Sao Paulo
EPI_ISL_1966970	2021-04-05	2021-05-08	South America / Brazil / Sao Paulo
EPI_ISL_1966976	2021-04-06	2021-05-08	South America / Brazil / Sao Paulo
EPI_ISL_1966975	2021-04-06	2021-05-08	South America / Brazil / Sao Paulo
EPI_ISL_1966974	2021-04-06	2021-05-08	South America / Brazil / Sao Paulo
EPI_ISL_1966979	2021-04-06	2021-05-08	South America / Brazil / Sao Paulo
EPI_ISL_1966978	2021-04-06	2021-05-08	South America / Brazil / Sao Paulo
EPI_ISL_1966998	2021-04-03	2021-05-08	South America / Brazil / Sao Paulo
EPI_ISL_1966997	2021-04-02	2021-05-08	South America / Brazil / Sao Paulo
EPI_ISL_1966996	2021-04-01	2021-05-08	South America / Brazil / Sao Paulo
EPI_ISL_1966103	2021-03-03	2021-05-08	South America / Brazil / Sao Paulo
EPI_ISL_1966102	2021-03-03	2021-05-08	South America / Brazil / Sao Paulo
EPI_ISL_1966105	2021-03-02	2021-05-08	South America / Brazil / Sao Paulo
EPI_ISL_1966109	2021-03-03	2021-05-08	South America / Brazil / Sao Paulo
EPI_ISL_1966111	2021-03-11	2021-05-08	South America / Brazil / Sao Paulo
EPI_ISL_1966119	2021-03-09	2021-05-08	South America / Brazil / Sao Paulo
EPI_ISL_1966116	2021-03-09	2021-05-08	South America / Brazil / Sao Paulo
EPI_ISL_1966121	2021-03-09	2021-05-08	South America / Brazil / Sao Paulo
EPI_ISL_1966122	2021-03-09	2021-05-08	South America / Brazil / Sao Paulo
EPI_ISL_1966125	2021-03-10	2021-05-08	South America / Brazil / Sao Paulo
EPI_ISL_1966126	2021-03-10	2021-05-08	South America / Brazil / Sao Paulo
EPI_ISL_1966123	2021-03-09	2021-05-08	South America / Brazil / Sao Paulo
EPI_ISL_1966129	2021-03-11	2021-05-08	South America / Brazil / Sao Paulo
EPI_ISL_1966137	2021-03-09	2021-05-08	South America / Brazil / Sao Paulo
EPI_ISL_1966134	2021-03-09	2021-05-08	South America / Brazil / Sao Paulo
EPI_ISL_1966135	2021-03-09	2021-05-08	South America / Brazil / Sao Paulo
EPI_ISL_1966139	2021-03-08	2021-05-08	South America / Brazil / Sao Paulo
EPI_ISL_1966147	2021-03-10	2021-05-08	South America / Brazil / Sao Paulo
EPI_ISL_1966148	2021-03-08	2021-05-08	South America / Brazil / Sao Paulo
EPI_ISL_1966145	2021-03-09	2021-05-08	South America / Brazil / Sao Paulo
EPI_ISL_1966140	2021-03-08	2021-05-08	South America / Brazil / Sao Paulo
EPI_ISL_1966276	2021-03-22	2021-05-08	South America / Brazil / Sao Paulo
EPI_ISL_1966274	2021-03-22	2021-05-08	South America / Brazil / Sao Paulo
EPI_ISL_1966277	2021-03-22	2021-05-08	South America / Brazil / Sao Paulo
EPI_ISL_1966271	2021-03-22	2021-05-08	South America / Brazil / Sao Paulo
EPI_ISL_1966272	2021-03-22	2021-05-08	South America / Brazil / Sao Paulo
EPI_ISL_1966270	2021-03-22	2021-05-08	South America / Brazil / Sao Paulo
EPI_ISL_1966287	2021-03-22	2021-05-08	South America / Brazil / Sao Paulo
EPI_ISL_1966284	2021-03-22	2021-05-08	South America / Brazil / Sao Paulo
EPI_ISL_1966285	2021-03-22	2021-05-08	South America / Brazil / Sao Paulo
EPI_ISL_1966282	2021-03-22	2021-05-08	South America / Brazil / Sao Paulo
EPI_ISL_1966280	2021-03-22	2021-05-08	South America / Brazil / Sao Paulo
EPI_ISL_1966281	2021-03-22	2021-05-08	South America / Brazil / Sao Paulo
EPI_ISL_1966297	2021-03-22	2021-05-08	South America / Brazil / Sao Paulo
EPI_ISL_1966295	2021-03-22	2021-05-08	South America / Brazil / Sao Paulo
EPI_ISL_1966296	2021-03-22	2021-05-08	South America / Brazil / Sao Paulo
EPI_ISL_1966299	2021-03-22	2021-05-08	South America / Brazil / Sao Paulo
EPI_ISL_2385451	2021-04-28	2021-06-03	South America / Brazil / Rio de Janeiro / Petropolis
EPI_ISL_2385485	2021-04-30	2021-06-03	South America / Brazil / Rio de Janeiro / Bom Jardim
EPI_ISL_2385494	2021-04-30	2021-06-03	South America / Brazil / Rio de Janeiro / Petropolis
EPI_ISL_2385476	2021-05-02	2021-06-03	South America / Brazil / Rio de Janeiro / Rio das Ostras
EPI_ISL_2385499	2021-05-03	2021-06-03	South America / Brazil / Rio de Janeiro / Bom Jesus do Itabapoana
EPI_ISL_2385442	2021-04-30	2021-06-03	South America / Brazil / Rio de Janeiro / Resende
EPI_ISL_2385520	2021-05-03	2021-06-03	South America / Brazil / Rio de Janeiro / Macuco
EPI_ISL_2385746	2021-04-26	2021-06-03	South America / Brazil / Rio de Janeiro / Rio de Janeiro
EPI_ISL_1966202	2021-03-16	2021-05-08	South America / Brazil / Sao Paulo
EPI_ISL_1966201	2021-03-15	2021-05-08	South America / Brazil / Sao Paulo
EPI_ISL_1966204	2021-03-15	2021-05-08	South America / Brazil / Sao Paulo
EPI_ISL_1966205	2021-03-16	2021-05-08	South America / Brazil / Sao Paulo
EPI_ISL_1966210	2021-03-16	2021-05-08	South America / Brazil / Sao Paulo
EPI_ISL_1966214	2021-03-16	2021-05-08	South America / Brazil / Sao Paulo
EPI_ISL_1966212	2021-03-16	2021-05-08	South America / Brazil / Sao Paulo
EPI_ISL_1966217	2021-03-16	2021-05-08	South America / Brazil / Sao Paulo
EPI_ISL_1966224	2021-03-14	2021-05-08	South America / Brazil / Sao Paulo
EPI_ISL_1966225	2021-03-14	2021-05-08	South America / Brazil / Sao Paulo
EPI_ISL_1966222	2021-03-14	2021-05-08	South America / Brazil / Sao Paulo
EPI_ISL_1966229	2021-03-15	2021-05-08	South America / Brazil / Sao Paulo
EPI_ISL_1966227	2021-03-15	2021-05-08	South America / Brazil / Sao Paulo
EPI_ISL_1966230	2021-03-16	2021-05-08	South America / Brazil / Sao Paulo
EPI_ISL_1966242	2021-03-15	2021-05-08	South America / Brazil / Sao Paulo
EPI_ISL_1966243	2021-03-16	2021-05-08	South America / Brazil / Sao Paulo
EPI_ISL_1966240	2021-03-16	2021-05-08	South America / Brazil / Sao Paulo
EPI_ISL_1966246	2021-03-17	2021-05-08	South America / Brazil / Sao Paulo
EPI_ISL_1966249	2021-03-17	2021-05-08	South America / Brazil / Sao Paulo
EPI_ISL_1966251	2021-03-18	2021-05-08	South America / Brazil / Sao Paulo
EPI_ISL_1966258	2021-03-17	2021-05-08	South America / Brazil / Sao Paulo
EPI_ISL_1966256	2021-03-15	2021-05-08	South America / Brazil / Sao Paulo
EPI_ISL_1966250	2021-03-18	2021-05-08	South America / Brazil / Sao Paulo
EPI_ISL_1966259	2021-03-15	2021-05-08	South America / Brazil / Sao Paulo
EPI_ISL_1966264	2021-03-17	2021-05-08	South America / Brazil / Sao Paulo
EPI_ISL_1966262	2021-03-17	2021-05-08	South America / Brazil / Sao Paulo
EPI_ISL_1966263	2021-03-17	2021-05-08	South America / Brazil / Sao Paulo
EPI_ISL_1966268	2021-03-22	2021-05-08	South America / Brazil / Sao Paulo
EPI_ISL_1966269	2021-03-22	2021-05-08	South America / Brazil / Sao Paulo
EPI_ISL_1966267	2021-03-23	2021-05-08	South America / Brazil / Sao Paulo
EPI_ISL_1966260	2021-03-17	2021-05-08	South America / Brazil / Sao Paulo
EPI_ISL_2385586	2021-05-05	2021-06-03	South America / Brazil / Rio de Janeiro / Saquarema
EPI_ISL_2385606	2021-05-06	2021-06-03	South America / Brazil / Rio de Janeiro / Volta Redonda
EPI_ISL_2385633	2021-05-05	2021-06-03	South America / Brazil / Rio de Janeiro / Petropolis
EPI_ISL_2385674	2021-04-26	2021-06-03	South America / Brazil / Rio de Janeiro / Queimados
EPI_ISL_2385693	2021-04-25	2021-06-03	South America / Brazil / Rio de Janeiro / Sao Goncalo
EPI_ISL_1966257	2021-03-17	2021-05-08	South America / Brazil / Sao Paulo
EPI_ISL_1966886	2021-04-05	2021-05-08	South America / Brazil / Sao Paulo
EPI_ISL_1967204	2021-04-20	2021-05-08	South America / Brazil / Sao Paulo
EPI_ISL_1967299	2021-04-22	2021-05-08	South America / Brazil / Sao Paulo
EPI_ISL_1967307	2021-04-22	2021-05-08	South America / Brazil / Sao Paulo
EPI_ISL_1967255	2021-04-19	2021-05-08	South America / Brazil / Sao Paulo
EPI_ISL_2444201	2021-05-02	2021-06-08	South America / Brazil / Sao Paulo
EPI_ISL_2444174	2021-04-27	2021-06-08	South America / Brazil / Sao Paulo
EPI_ISL_2443557	2021-04-06	2021-06-07	South America / Brazil / Para / Braganca
EPI_ISL_2443710	2021-04-27	2021-06-07	South America / Brazil / Santa Catarina / Lontras
EPI_ISL_2445063	2021-05-10	2021-06-08	South America / Brazil / Sao Paulo
EPI_ISL_2445085	2021-05-11	2021-06-08	South America / Brazil / Sao Paulo
EPI_ISL_2445232	2021-05-10	2021-06-08	South America / Brazil / Sao Paulo
EPI_ISL_2445265	2021-05-10	2021-06-08	South America / Brazil / Sao Paulo
EPI_ISL_2445303	2021-05-10	2021-06-08	South America / Brazil / Sao Paulo
EPI_ISL_2445372	2021-05-10	2021-06-08	South America / Brazil / Sao Paulo
EPI_ISL_2445411	2021-05-10	2021-06-08	South America / Brazil / Sao Paulo
EPI_ISL_2445428	2021-05-10	2021-06-08	South America / Brazil / Sao Paulo
EPI_ISL_2445450	2021-05-10	2021-06-08	South America / Brazil / Sao Paulo
EPI_ISL_2445480	2021-05-11	2021-06-08	South America / Brazil / Sao Paulo
EPI_ISL_2445496	2021-05-10	2021-06-08	South America / Brazil / Sao Paulo
EPI_ISL_2445528	2021-05-12	2021-06-08	South America / Brazil / Sao Paulo
EPI_ISL_2445535	2021-05-13	2021-06-08	South America / Brazil / Sao Paulo
EPI_ISL_2445536	2021-05-13	2021-06-08	South America / Brazil / Sao Paulo
EPI_ISL_2445539	2021-05-12	2021-06-08	South America / Brazil / Sao Paulo
EPI_ISL_2445549	2021-05-13	2021-06-08	South America / Brazil / Sao Paulo
EPI_ISL_2445571	2021-05-12	2021-06-08	South America / Brazil / Sao Paulo
EPI_ISL_2445609	2021-05-12	2021-06-08	South America / Brazil / Sao Paulo
EPI_ISL_2462320	2021-05-24	2021-06-09	South America / Brazil / Sao Paulo
EPI_ISL_2003128	2021-03-31	2021-05-11	South America / Brazil / Sao Paulo / Campos do Jordao
EPI_ISL_2003126	2021-03-31	2021-05-11	South America / Brazil / Sao Paulo / Paraibuna
EPI_ISL_2003123	2021-03-31	2021-05-11	South America / Brazil / Sao Paulo / Ubatuba
EPI_ISL_2003122	2021-03-31	2021-05-11	South America / Brazil / Sao Paulo / Paraibuna
EPI_ISL_2003121	2021-03-30	2021-05-11	South America / Brazil / Sao Paulo / Sao Sebastiao
EPI_ISL_2003120	2021-03-30	2021-05-11	South America / Brazil / Sao Paulo / Sao Sebastiao
EPI_ISL_2003118	2021-04-04	2021-05-11	South America / Brazil / Sao Paulo / Cruzeiro
EPI_ISL_2003117	2021-03-25	2021-05-11	South America / Brazil / Sao Paulo / Sao Paulo
EPI_ISL_2003116	2021-03-20	2021-05-11	South America / Brazil / Sao Paulo / Sao Paulo
EPI_ISL_2003112	2021-03-11	2021-05-11	South America / Brazil / Sao Paulo / Sao Jose do Rio Preto
EPI_ISL_2003149	2021-03-24	2021-05-11	South America / Brazil / Sao Paulo / Bauru
EPI_ISL_2003148	2021-03-23	2021-05-11	South America / Brazil / Sao Paulo / Lins
EPI_ISL_2003147	2021-03-20	2021-05-11	South America / Brazil / Sao Paulo / Santos
EPI_ISL_2003146	2021-03-26	2021-05-11	South America / Brazil / Sao Paulo / Santos
EPI_ISL_2003145	2021-03-31	2021-05-11	South America / Brazil / Sao Paulo / Sao Vicente
EPI_ISL_2003143	2021-03-26	2021-05-11	South America / Brazil / Sao Paulo / Sao Vicente
EPI_ISL_2003140	2021-03-20	2021-05-11	South America / Brazil / Sao Paulo / Santos
EPI_ISL_2003138	2021-03-13	2021-05-11	South America / Brazil / Sao Paulo / Sao Vicente
EPI_ISL_2003136	2021-03-12	2021-05-11	South America / Brazil / Sao Paulo / Mongagua
EPI_ISL_2003135	2021-03-12	2021-05-11	South America / Brazil / Sao Paulo / Santos
EPI_ISL_2003134	2021-03-13	2021-05-11	South America / Brazil / Sao Paulo / Praia Grande
EPI_ISL_2003169	2021-03-20	2021-05-11	South America / Brazil / Sao Paulo / Braganca Paulista
EPI_ISL_2003168	2021-03-29	2021-05-11	South America / Brazil / Sao Paulo / Campinas
EPI_ISL_2003166	2021-03-27	2021-05-11	South America / Brazil / Sao Paulo / Americana
EPI_ISL_2003164	2021-03-30	2021-05-11	South America / Brazil / Sao Paulo / Campinas
EPI_ISL_2003163	2021-03-29	2021-05-11	South America / Brazil / Sao Paulo / Nova Odessa
EPI_ISL_2003152	2021-03-18	2021-05-11	South America / Brazil / Sao Paulo / Marilia
EPI_ISL_2008948	2021-04-19	2021-05-11	South America / Brazil / Sao Paulo / Sao Jose do Rio Preto
EPI_ISL_2008952	2021-04-19	2021-05-11	South America / Brazil / Sao Paulo / Sao Jose do Rio Preto
EPI_ISL_2008950	2021-04-19	2021-05-11	South America / Brazil / Sao Paulo / Sao Jose do Rio Preto
EPI_ISL_2008956	2021-04-19	2021-05-11	South America / Brazil / Sao Paulo / Sao Jose do Rio Preto
EPI_ISL_2008957	2021-04-19	2021-05-11	South America / Brazil / Sao Paulo / Sao Jose do Rio Preto
EPI_ISL_2008955	2021-04-19	2021-05-11	South America / Brazil / Sao Paulo / Sao Jose do Rio Preto
EPI_ISL_2008958	2021-04-19	2021-05-11	South America / Brazil / Sao Paulo / Mirassol
EPI_ISL_2008920	2021-04-27	2021-05-11	South America / Brazil / Sao Paulo / Sao Jose do Rio Preto
EPI_ISL_2008923	2021-04-27	2021-05-11	South America / Brazil / Sao Paulo / Sao Jose do Rio Preto
EPI_ISL_2008921	2021-04-27	2021-05-11	South America / Brazil / Sao Paulo / Sao Jose do Rio Preto
EPI_ISL_2008922	2021-04-27	2021-05-11	South America / Brazil / Sao Paulo / Sao Jose do Rio Preto
EPI_ISL_2008927	2021-04-27	2021-05-11	South America / Brazil / Sao Paulo / Sao Jose do Rio Preto
EPI_ISL_2008928	2021-04-27	2021-05-11	South America / Brazil / Sao Paulo / Sao Jose do Rio Preto
EPI_ISL_2008926	2021-04-27	2021-05-11	South America / Brazil / Sao Paulo / Sao Jose do Rio Preto
EPI_ISL_2008929	2021-04-27	2021-05-11	South America / Brazil / Sao Paulo / Sao Jose do Rio Preto
EPI_ISL_2008931	2021-04-27	2021-05-11	South America / Brazil / Sao Paulo / Sao Jose do Rio Preto
EPI_ISL_2008934	2021-04-27	2021-05-11	South America / Brazil / Sao Paulo / Bady Bassitt
EPI_ISL_2008935	2021-04-27	2021-05-11	South America / Brazil / Sao Paulo / Mirassol
EPI_ISL_2008960	2021-04-19	2021-05-11	South America / Brazil / Sao Paulo / Sao Jose do Rio Preto
EPI_ISL_2008963	2021-04-19	2021-05-11	South America / Brazil / Sao Paulo / Sao Jose do Rio Preto
EPI_ISL_2008964	2021-04-19	2021-05-11	South America / Brazil / Sao Paulo / Sao Jose do Rio Preto
EPI_ISL_2008961	2021-04-19	2021-05-11	South America / Brazil / Sao Paulo / Sao Jose do Rio Preto
EPI_ISL_2008962	2021-04-19	2021-05-11	South America / Brazil / Sao Paulo / Sao Jose do Rio Preto
EPI_ISL_2008967	2021-04-19	2021-05-11	South America / Brazil / Sao Paulo / Sao Jose do Rio Preto
EPI_ISL_2008965	2021-04-19	2021-05-11	South America / Brazil / Sao Paulo / Sao Jose do Rio Preto
EPI_ISL_2008966	2021-04-19	2021-05-11	South America / Brazil / Sao Paulo / Sao Jose do Rio Preto
EPI_ISL_2008906	2021-04-27	2021-05-11	South America / Brazil / Sao Paulo / Sao Jose do Rio Preto
EPI_ISL_2008909	2021-04-27	2021-05-11	South America / Brazil / Sao Paulo / Sao Jose do Rio Preto
EPI_ISL_2008908	2021-04-27	2021-05-11	South America / Brazil / Sao Paulo / Sao Jose do Rio Preto
EPI_ISL_2008912	2021-04-27	2021-05-11	South America / Brazil / Sao Paulo / Sao Jose do Rio Preto
EPI_ISL_2008913	2021-04-27	2021-05-11	South America / Brazil / Sao Paulo / Sao Jose do Rio Preto
EPI_ISL_2008910	2021-04-27	2021-05-11	South America / Brazil / Sao Paulo / Sao Jose do Rio Preto
EPI_ISL_2008911	2021-04-27	2021-05-11	South America / Brazil / Sao Paulo / Bady Bassitt
EPI_ISL_2008916	2021-04-27	2021-05-11	South America / Brazil / Sao Paulo / Sao Jose do Rio Preto
EPI_ISL_2008917	2021-04-27	2021-05-11	South America / Brazil / Sao Paulo / Sao Jose do Rio Preto
EPI_ISL_2008914	2021-04-27	2021-05-11	South America / Brazil / Sao Paulo / Potirendaba
EPI_ISL_2008915	2021-04-27	2021-05-11	South America / Brazil / Sao Paulo / Sao Jose do Rio Preto
EPI_ISL_2008918	2021-04-27	2021-05-11	South America / Brazil / Sao Paulo / Sao Jose do Rio Preto
EPI_ISL_2008919	2021-04-27	2021-05-11	South America / Brazil / Sao Paulo / Sao Jose do Rio Preto
EPI_ISL_1239137	2021-03-01	2021-03-14	South America / Brazil / Minas Gerais / Monte Alegre de Minas
EPI_ISL_2017474	2021-04-04	2021-05-11	South America / Brazil / Goias / Aparecida de Goiania
EPI_ISL_2017473	2021-04-04	2021-05-11	South America / Brazil / Goias / Aparecida de Goiania
EPI_ISL_2017472	2021-03-24	2021-05-11	South America / Brazil / Goias / Aparecida de Goiania
EPI_ISL_2017471	2021-03-02	2021-05-11	South America / Brazil / Goias / Aparecida de Goiania
EPI_ISL_2017477	2021-03-29	2021-05-11	South America / Brazil / Goias / Aparecida de Goiania
EPI_ISL_2017476	2021-03-25	2021-05-11	South America / Brazil / Goias / Aparecida de Goiania
EPI_ISL_2017475	2021-04-04	2021-05-11	South America / Brazil / Goias / Aparecida de Goiania
EPI_ISL_2017484	2021-04-15	2021-05-11	South America / Brazil / Goias / Aparecida de Goiania
EPI_ISL_2017483	2021-03-25	2021-05-11	South America / Brazil / Goias / Aparecida de Goiania
EPI_ISL_2017482	2021-04-19	2021-05-11	South America / Brazil / Goias / Aparecida de Goiania
EPI_ISL_2017480	2021-03-06	2021-05-11	South America / Brazil / Goias / Aparecida de Goiania
EPI_ISL_2017419	2021-03-22	2021-05-11	South America / Brazil / Goias / Aparecida de Goiania
EPI_ISL_2017418	2021-03-25	2021-05-11	South America / Brazil / Goias / Aparecida de Goiania
EPI_ISL_2017415	2021-03-25	2021-05-11	South America / Brazil / Goias / Aparecida de Goiania
EPI_ISL_2017414	2021-03-24	2021-05-11	South America / Brazil / Goias / Aparecida de Goiania
EPI_ISL_2017413	2021-03-22	2021-05-11	South America / Brazil / Goias / Aparecida de Goiania
EPI_ISL_2017412	2021-03-22	2021-05-11	South America / Brazil / Goias / Aparecida de Goiania
EPI_ISL_2017411	2021-04-01	2021-05-11	South America / Brazil / Goias / Aparecida de Goiania
EPI_ISL_2017410	2021-04-14	2021-05-11	South America / Brazil / Goias / Aparecida de Goiania
EPI_ISL_2017429	2021-03-25	2021-05-11	South America / Brazil / Goias / Aparecida de Goiania
EPI_ISL_2017428	2021-03-23	2021-05-11	South America / Brazil / Goias / Aparecida de Goiania
EPI_ISL_2017427	2021-03-23	2021-05-11	South America / Brazil / Goias / Aparecida de Goiania
EPI_ISL_2017426	2021-03-23	2021-05-11	South America / Brazil / Goias / Aparecida de Goiania
EPI_ISL_2017425	2021-03-26	2021-05-11	South America / Brazil / Goias / Aparecida de Goiania
EPI_ISL_2017424	2021-03-26	2021-05-11	South America / Brazil / Goias / Aparecida de Goiania
EPI_ISL_2017423	2021-03-22	2021-05-11	South America / Brazil / Goias / Aparecida de Goiania
EPI_ISL_2017421	2021-03-22	2021-05-11	South America / Brazil / Goias / Aparecida de Goiania
EPI_ISL_2017420	2021-03-25	2021-05-11	South America / Brazil / Goias / Aparecida de Goiania
EPI_ISL_2017409	2021-04-01	2021-05-11	South America / Brazil / Goias / Aparecida de Goiania
EPI_ISL_2017408	2021-03-30	2021-05-11	South America / Brazil / Goias / Aparecida de Goiania
EPI_ISL_2017407	2021-03-30	2021-05-11	South America / Brazil / Goias / Aparecida de Goiania
EPI_ISL_2017406	2021-03-31	2021-05-11	South America / Brazil / Goias / Aparecida de Goiania
EPI_ISL_2017405	2021-04-01	2021-05-11	South America / Brazil / Goias / Aparecida de Goiania
EPI_ISL_2017403	2021-03-31	2021-05-11	South America / Brazil / Goias / Aparecida de Goiania
EPI_ISL_2017401	2021-03-30	2021-05-11	South America / Brazil / Goias / Aparecida de Goiania
EPI_ISL_2017400	2021-03-29	2021-05-11	South America / Brazil / Goias / Aparecida de Goiania
EPI_ISL_2017452	2021-03-22	2021-05-11	South America / Brazil / Goias / Aparecida de Goiania
EPI_ISL_2017451	2021-04-04	2021-05-11	South America / Brazil / Goias / Aparecida de Goiania
EPI_ISL_2017459	2021-01-25	2021-05-11	South America / Brazil / Goias / Aparecida de Goiania
EPI_ISL_2017456	2021-03-30	2021-05-11	South America / Brazil / Goias / Aparecida de Goiania
EPI_ISL_2017454	2021-04-01	2021-05-11	South America / Brazil / Goias / Aparecida de Goiania
EPI_ISL_2017453	2021-03-30	2021-05-11	South America / Brazil / Goias / Aparecida de Goiania
EPI_ISL_2017463	2021-04-13	2021-05-11	South America / Brazil / Goias / Aparecida de Goiania
EPI_ISL_2017462	2021-04-13	2021-05-11	South America / Brazil / Goias / Aparecida de Goiania
EPI_ISL_2017469	2021-02-18	2021-05-11	South America / Brazil / Goias / Aparecida de Goiania
EPI_ISL_2017468	2021-02-18	2021-05-11	South America / Brazil / Goias / Aparecida de Goiania
EPI_ISL_2017467	2021-02-18	2021-05-11	South America / Brazil / Goias / Aparecida de Goiania
EPI_ISL_2017464	2021-04-15	2021-05-11	South America / Brazil / Goias / Aparecida de Goiania
EPI_ISL_2017439	2021-04-26	2021-05-11	South America / Brazil / Goias / Aparecida de Goiania
EPI_ISL_2017438	2021-04-26	2021-05-11	South America / Brazil / Goias / Aparecida de Goiania
EPI_ISL_2017436	2021-04-26	2021-05-11	South America / Brazil / Goias / Aparecida de Goiania
EPI_ISL_2017435	2021-04-27	2021-05-11	South America / Brazil / Goias / Aparecida de Goiania
EPI_ISL_2017434	2021-04-27	2021-05-11	South America / Brazil / Goias / Aparecida de Goiania
EPI_ISL_2017433	2021-04-27	2021-05-11	South America / Brazil / Goias / Aparecida de Goiania
EPI_ISL_2017432	2021-04-26	2021-05-11	South America / Brazil / Goias / Aparecida de Goiania
EPI_ISL_2017431	2021-04-26	2021-05-11	South America / Brazil / Goias / Aparecida de Goiania
EPI_ISL_2017441	2021-04-26	2021-05-11	South America / Brazil / Goias / Aparecida de Goiania
EPI_ISL_2017440	2021-04-26	2021-05-11	South America / Brazil / Goias / Aparecida de Goiania
EPI_ISL_2017446	2021-04-16	2021-05-11	South America / Brazil / Goias / Aparecida de Goiania
EPI_ISL_2017445	2021-04-27	2021-05-11	South America / Brazil / Goias / Aparecida de Goiania
EPI_ISL_2017443	2021-04-27	2021-05-11	South America / Brazil / Goias / Aparecida de Goiania
EPI_ISL_2017442	2021-04-26	2021-05-11	South America / Brazil / Goias / Aparecida de Goiania
EPI_ISL_2017375	2021-04-19	2021-05-11	South America / Brazil / Goias / Aparecida de Goiania
EPI_ISL_2017374	2021-04-19	2021-05-11	South America / Brazil / Goias / Aparecida de Goiania
EPI_ISL_2017373	2021-04-19	2021-05-11	South America / Brazil / Goias / Aparecida de Goiania
EPI_ISL_2017372	2021-04-23	2021-05-11	South America / Brazil / Goias / Aparecida de Goiania
EPI_ISL_2017371	2021-04-19	2021-05-11	South America / Brazil / Goias / Aparecida de Goiania
EPI_ISL_2017370	2021-04-22	2021-05-11	South America / Brazil / Goias / Aparecida de Goiania
EPI_ISL_2017379	2021-04-19	2021-05-11	South America / Brazil / Goias / Aparecida de Goiania
EPI_ISL_2017377	2021-04-19	2021-05-11	South America / Brazil / Goias / Aparecida de Goiania
EPI_ISL_2017376	2021-04-15	2021-05-11	South America / Brazil / Goias / Aparecida de Goiania
EPI_ISL_2017386	2021-04-20	2021-05-11	South America / Brazil / Goias / Aparecida de Goiania
EPI_ISL_2017385	2021-04-20	2021-05-11	South America / Brazil / Goias / Aparecida de Goiania
EPI_ISL_2017384	2021-04-20	2021-05-11	South America / Brazil / Goias / Aparecida de Goiania
EPI_ISL_2017383	2021-04-20	2021-05-11	South America / Brazil / Goias / Aparecida de Goiania
EPI_ISL_2017382	2021-04-19	2021-05-11	South America / Brazil / Goias / Aparecida de Goiania
EPI_ISL_2017381	2021-04-19	2021-05-11	South America / Brazil / Goias / Aparecida de Goiania
EPI_ISL_2017380	2021-04-19	2021-05-11	South America / Brazil / Goias / Aparecida de Goiania
EPI_ISL_2017389	2021-04-20	2021-05-11	South America / Brazil / Goias / Aparecida de Goiania
EPI_ISL_2017388	2021-04-20	2021-05-11	South America / Brazil / Goias / Aparecida de Goiania
EPI_ISL_2017387	2021-04-20	2021-05-11	South America / Brazil / Goias / Aparecida de Goiania
EPI_ISL_2017353	2021-04-07	2021-05-11	South America / Brazil / Goias / Aparecida de Goiania
EPI_ISL_2017352	2021-04-07	2021-05-11	South America / Brazil / Goias / Aparecida de Goiania
EPI_ISL_2017351	2021-04-07	2021-05-11	South America / Brazil / Goias / Aparecida de Goiania
EPI_ISL_2017350	2021-04-07	2021-05-11	South America / Brazil / Goias / Aparecida de Goiania
EPI_ISL_2017359	2021-04-07	2021-05-11	South America / Brazil / Goias / Aparecida de Goiania
EPI_ISL_2017358	2021-04-07	2021-05-11	South America / Brazil / Goias / Aparecida de Goiania
EPI_ISL_2017356	2021-04-07	2021-05-11	South America / Brazil / Goias / Aparecida de Goiania
EPI_ISL_2017355	2021-04-07	2021-05-11	South America / Brazil / Goias / Aparecida de Goiania
EPI_ISL_2017354	2021-04-07	2021-05-11	South America / Brazil / Goias / Aparecida de Goiania
EPI_ISL_2017364	2021-04-12	2021-05-11	South America / Brazil / Goias / Aparecida de Goiania
EPI_ISL_2017363	2021-04-06	2021-05-11	South America / Brazil / Goias / Aparecida de Goiania
EPI_ISL_2017362	2021-04-07	2021-05-11	South America / Brazil / Goias / Aparecida de Goiania
EPI_ISL_2017361	2021-04-12	2021-05-11	South America / Brazil / Goias / Aparecida de Goiania
EPI_ISL_2017369	2021-04-09	2021-05-11	South America / Brazil / Goias / Aparecida de Goiania
EPI_ISL_2017367	2021-04-06	2021-05-11	South America / Brazil / Goias / Aparecida de Goiania
EPI_ISL_2017366	2021-04-13	2021-05-11	South America / Brazil / Goias / Aparecida de Goiania
EPI_ISL_2017365	2021-04-15	2021-05-11	South America / Brazil / Goias / Aparecida de Goiania
EPI_ISL_2017397	2021-03-30	2021-05-11	South America / Brazil / Goias / Aparecida de Goiania
EPI_ISL_2017396	2021-03-31	2021-05-11	South America / Brazil / Goias / Aparecida de Goiania
EPI_ISL_2017395	2021-04-01	2021-05-11	South America / Brazil / Goias / Aparecida de Goiania
EPI_ISL_2017394	2021-03-29	2021-05-11	South America / Brazil / Goias / Aparecida de Goiania
EPI_ISL_2017393	2021-03-31	2021-05-11	South America / Brazil / Goias / Aparecida de Goiania
EPI_ISL_2017392	2021-04-01	2021-05-11	South America / Brazil / Goias / Aparecida de Goiania
EPI_ISL_2017391	2021-03-29	2021-05-11	South America / Brazil / Goias / Aparecida de Goiania
EPI_ISL_2017390	2021-04-20	2021-05-11	South America / Brazil / Goias / Aparecida de Goiania
EPI_ISL_2017398	2021-03-31	2021-05-11	South America / Brazil / Goias / Aparecida de Goiania
EPI_ISL_2017305	2021-02-15	2021-05-11	South America / Brazil / Goias / Aparecida de Goiania
EPI_ISL_2017304	2021-02-22	2021-05-11	South America / Brazil / Goias / Aparecida de Goiania
EPI_ISL_2017303	2021-02-22	2021-05-11	South America / Brazil / Goias / Aparecida de Goiania
EPI_ISL_2017301	2021-02-23	2021-05-11	South America / Brazil / Goias / Aparecida de Goiania
EPI_ISL_2017300	2021-02-15	2021-05-11	South America / Brazil / Goias / Aparecida de Goiania
EPI_ISL_2017330	2021-04-13	2021-05-11	South America / Brazil / Goias / Aparecida de Goiania
EPI_ISL_2017339	2021-04-15	2021-05-11	South America / Brazil / Goias / Aparecida de Goiania
EPI_ISL_2017338	2021-04-14	2021-05-11	South America / Brazil / Goias / Aparecida de Goiania
EPI_ISL_2017337	2021-04-14	2021-05-11	South America / Brazil / Goias / Aparecida de Goiania
EPI_ISL_2017336	2021-04-14	2021-05-11	South America / Brazil / Goias / Aparecida de Goiania
EPI_ISL_2017335	2021-04-14	2021-05-11	South America / Brazil / Goias / Aparecida de Goiania
EPI_ISL_2017334	2021-04-14	2021-05-11	South America / Brazil / Goias / Aparecida de Goiania
EPI_ISL_2017333	2021-04-14	2021-05-11	South America / Brazil / Goias / Aparecida de Goiania
EPI_ISL_2017332	2021-04-14	2021-05-11	South America / Brazil / Goias / Aparecida de Goiania
EPI_ISL_2017342	2021-04-15	2021-05-11	South America / Brazil / Goias / Aparecida de Goiania
EPI_ISL_2017341	2021-04-15	2021-05-11	South America / Brazil / Goias / Aparecida de Goiania
EPI_ISL_2017340	2021-04-15	2021-05-11	South America / Brazil / Goias / Aparecida de Goiania
EPI_ISL_2017349	2021-04-07	2021-05-11	South America / Brazil / Goias / Aparecida de Goiania
EPI_ISL_2017348	2021-04-06	2021-05-11	South America / Brazil / Goias / Aparecida de Goiania
EPI_ISL_2017347	2021-04-07	2021-05-11	South America / Brazil / Goias / Aparecida de Goiania
EPI_ISL_2017346	2021-04-05	2021-05-11	South America / Brazil / Goias / Aparecida de Goiania
EPI_ISL_2017345	2021-04-15	2021-05-11	South America / Brazil / Goias / Aparecida de Goiania
EPI_ISL_2017344	2021-04-15	2021-05-11	South America / Brazil / Goias / Aparecida de Goiania
EPI_ISL_2017343	2021-04-15	2021-05-11	South America / Brazil / Goias / Aparecida de Goiania
EPI_ISL_2017329	2021-04-13	2021-05-11	South America / Brazil / Goias / Aparecida de Goiania
EPI_ISL_2017328	2021-04-13	2021-05-11	South America / Brazil / Goias / Aparecida de Goiania
EPI_ISL_2017327	2021-04-13	2021-05-11	South America / Brazil / Goias / Aparecida de Goiania
EPI_ISL_2017326	2021-04-13	2021-05-11	South America / Brazil / Goias / Aparecida de Goiania
EPI_ISL_2017325	2021-04-12	2021-05-11	South America / Brazil / Goias / Aparecida de Goiania
EPI_ISL_2017324	2021-03-08	2021-05-11	South America / Brazil / Goias / Aparecida de Goiania
EPI_ISL_2017298	2021-01-15	2021-05-11	South America / Brazil / Goias / Aparecida de Goiania
EPI_ISL_2017297	2021-02-23	2021-05-11	South America / Brazil / Goias / Aparecida de Goiania
EPI_ISL_2017296	2021-02-24	2021-05-11	South America / Brazil / Goias / Aparecida de Goiania
EPI_ISL_2017295	2021-01-31	2021-05-11	South America / Brazil / Goias / Aparecida de Goiania
EPI_ISL_2017294	2021-03-02	2021-05-11	South America / Brazil / Goias / Aparecida de Goiania
EPI_ISL_2017293	2021-02-24	2021-05-11	South America / Brazil / Goias / Aparecida de Goiania
EPI_ISL_2017292	2021-02-22	2021-05-11	South America / Brazil / Goias / Aparecida de Goiania
EPI_ISL_2017290	2021-02-26	2021-05-11	South America / Brazil / Goias / Aparecida de Goiania
EPI_ISL_2017299	2021-02-19	2021-05-11	South America / Brazil / Goias / Aparecida de Goiania
EPI_ISL_2017287	2021-02-17	2021-05-11	South America / Brazil / Goias / Aparecida de Goiania
EPI_ISL_2017286	2021-03-05	2021-05-11	South America / Brazil / Goias / Aparecida de Goiania
EPI_ISL_2017285	2021-02-22	2021-05-11	South America / Brazil / Goias / Aparecida de Goiania
EPI_ISL_2017284	2021-01-28	2021-05-11	South America / Brazil / Goias / Aparecida de Goiania
EPI_ISL_2017283	2021-03-12	2021-05-11	South America / Brazil / Goias / Aparecida de Goiania
EPI_ISL_2017282	2021-03-31	2021-05-11	South America / Brazil / Goias / Aparecida de Goiania
EPI_ISL_2017288	2021-02-03	2021-05-11	South America / Brazil / Goias / Aparecida de Goiania
EPI_ISL_1261123	2021-01-19	2021-03-16	South America / Brazil / Amazonas / Manaus
EPI_ISL_1967116	2021-04-08	2021-05-08	South America / Brazil / Sao Paulo
EPI_ISL_1966711	2021-04-04	2021-05-08	South America / Brazil / Sao Paulo
EPI_ISL_1966494	2021-03-29	2021-05-08	South America / Brazil / Sao Paulo
EPI_ISL_2170998	2021-04-20	2021-05-20	South America / Brazil / Sao Paulo
EPI_ISL_1966390	2021-03-30	2021-05-08	South America / Brazil / Sao Paulo
EPI_ISL_1967082	2021-04-04	2021-05-08	South America / Brazil / Sao Paulo
EPI_ISL_1966661	2021-04-05	2021-05-08	South America / Brazil / Sao Paulo
EPI_ISL_1966469	2021-03-31	2021-05-08	South America / Brazil / Sao Paulo
EPI_ISL_1966960	2021-04-05	2021-05-08	South America / Brazil / Sao Paulo
EPI_ISL_2466262	2021-05-17	2021-06-10	South America / Brazil / Bahia / Riachao Do Jacuipe
EPI_ISL_2466232	2021-04-30	2021-06-10	South America / Brazil / Alagoas / Maceio
EPI_ISL_2445320	2021-05-09	2021-06-08	South America / Brazil / Sao Paulo
EPI_ISL_2445521	2021-05-12	2021-06-08	South America / Brazil / Sao Paulo
EPI_ISL_1966068	2021-02-26	2021-05-08	South America / Brazil / Sao Paulo
EPI_ISL_2008953	2021-04-19	2021-05-11	South America / Brazil / Sao Paulo / Guapiacu
EPI_ISL_2008925	2021-04-27	2021-05-11	South America / Brazil / Sao Paulo / Sao Jose do Rio Preto
EPI_ISL_2038950	2021-01-27	2021-05-12	South America / Brazil / Santa Catarina / Chapeco
EPI_ISL_2038957	2021-01-27	2021-05-12	South America / Brazil / Rio Grande do Sul / Gramado
EPI_ISL_2038954	2021-02-09	2021-05-12	South America / Brazil / Santa Catarina / Chapeco
EPI_ISL_2038945	2021-02-11	2021-05-12	South America / Brazil / Santa Catarina / Chapeco
EPI_ISL_2038946	2021-02-16	2021-05-12	South America / Brazil / Santa Catarina / Chapeco
EPI_ISL_2038940	2021-02-08	2021-05-12	South America / Brazil / Santa Catarina / Chapeco
EPI_ISL_2038941	2021-02-09	2021-05-12	South America / Brazil / Santa Catarina / Chapeco
EPI_ISL_2038943	2021-02-09	2021-05-12	South America / Brazil / Santa Catarina / Chapeco
EPI_ISL_2038937	2021-02-07	2021-05-12	South America / Brazil / Santa Catarina / Chapeco
EPI_ISL_2038938	2021-02-08	2021-05-12	South America / Brazil / Santa Catarina / Chapeco
EPI_ISL_2038939	2021-02-08	2021-05-12	South America / Brazil / Santa Catarina / Chapeco
EPI_ISL_2038933	2021-01-29	2021-05-12	South America / Brazil / Santa Catarina / Chapeco
EPI_ISL_2038934	2021-02-02	2021-05-12	South America / Brazil / Santa Catarina / Chapeco
EPI_ISL_2038935	2021-02-05	2021-05-12	South America / Brazil / Santa Catarina / Chapeco
EPI_ISL_2038936	2021-02-07	2021-05-12	South America / Brazil / Santa Catarina / Chapeco
EPI_ISL_2038931	2021-02-03	2021-05-12	South America / Brazil / Santa Catarina / Chapeco
EPI_ISL_2038932	2021-01-29	2021-05-12	South America / Brazil / Santa Catarina / Chapeco
EPI_ISL_2038926	2021-01-16	2021-05-12	South America / Brazil / Santa Catarina
EPI_ISL_2038928	2021-02-15	2021-05-12	South America / Brazil / Santa Catarina / Itapema
EPI_ISL_2038929	2021-02-18	2021-05-12	South America / Brazil / Santa Catarina
EPI_ISL_2345969	2021-04-07	2021-05-30	South America / Brazil / Sao Paulo
EPI_ISL_2345017	2021-04-23	2021-05-30	South America / Brazil / Sao Paulo
EPI_ISL_2345073	2021-04-26	2021-05-30	South America / Brazil / Sao Paulo
EPI_ISL_2345026	2021-04-23	2021-05-30	South America / Brazil / Sao Paulo
EPI_ISL_2298859	2021-02-15	2021-05-27	South America / Brazil / Amazonas / Manaus
EPI_ISL_1966870	2021-04-04	2021-05-08	South America / Brazil / Sao Paulo
EPI_ISL_2210238	2021-05-03	2021-05-21	South America / Brazil / Sao Paulo
EPI_ISL_2210288	2021-05-02	2021-05-21	South America / Brazil / Sao Paulo
EPI_ISL_2187947	2021-04-05	2021-05-20	South America / Brazil / Goias / Aparecida de Goiania
EPI_ISL_2171039	2021-04-18	2021-05-20	South America / Brazil / Sao Paulo
EPI_ISL_1494924	2021-02-09	2021-04-07	South America / Brazil / Rondonia / Porto Velho
EPI_ISL_1967290	2021-04-18	2021-05-08	South America / Brazil / Sao Paulo
EPI_ISL_2157432	2021-03-09	2021-05-19	South America / Brazil / Sergipe / Aracaju
EPI_ISL_1966953	2021-04-07	2021-05-08	South America / Brazil / Sao Paulo
EPI_ISL_1966856	2021-04-08	2021-05-08	South America / Brazil / Sao Paulo
EPI_ISL_1966599	2021-04-05	2021-05-08	South America / Brazil / Sao Paulo
EPI_ISL_1966409	2021-03-30	2021-05-08	South America / Brazil / Sao Paulo
EPI_ISL_1966437	2021-03-29	2021-05-08	South America / Brazil / Sao Paulo
EPI_ISL_2038966	2021-01-29	2021-05-12	South America / Brazil / Santa Catarina / Florianopolis
EPI_ISL_2038967	2021-02-28	2021-05-12	South America / Brazil / Santa Catarina / Chapeco
EPI_ISL_2038960	2021-03-17	2021-05-12	South America / Brazil / Rio Grande do Sul / Carazinho
EPI_ISL_1966755	2021-04-12	2021-05-08	South America / Brazil / Sao Paulo
EPI_ISL_1967245	2021-04-19	2021-05-08	South America / Brazil / Sao Paulo
EPI_ISL_1966203	2021-03-16	2021-05-08	South America / Brazil / Sao Paulo
EPI_ISL_1966185	2021-03-10	2021-05-08	South America / Brazil / Sao Paulo
EPI_ISL_2086591	2021-02	2021-05-13	South America / Brazil / Rio Grande do Sul
EPI_ISL_2086590	2021-02	2021-05-13	South America / Brazil / Rio Grande do Sul
EPI_ISL_2086593	2021-02	2021-05-13	South America / Brazil / Rio Grande do Sul
EPI_ISL_2086595	2021-03	2021-05-13	South America / Brazil / Rio Grande do Sul
EPI_ISL_2086596	2021-03	2021-05-13	South America / Brazil / Rio Grande do Sul
EPI_ISL_2086585	2021-02	2021-05-13	South America / Brazil / Rio Grande do Sul
EPI_ISL_2170918	2021-03-14	2021-05-20	South America / Brazil / Sao Paulo
EPI_ISL_2086763	2021-02	2021-05-13	South America / Brazil / Rio Grande do Sul
EPI_ISL_2086765	2021-04	2021-05-13	South America / Brazil / Rio Grande do Sul
EPI_ISL_2086620	2021-04	2021-05-13	South America / Brazil / Rio Grande do Sul
EPI_ISL_2086617	2021-04	2021-05-13	South America / Brazil / Rio Grande do Sul
EPI_ISL_2086610	2021-04	2021-05-13	South America / Brazil / Rio Grande do Sul
EPI_ISL_2086612	2021-04	2021-05-13	South America / Brazil / Rio Grande do Sul
EPI_ISL_2086607	2021-03	2021-05-13	South America / Brazil / Rio Grande do Sul
EPI_ISL_2086606	2021-03	2021-05-13	South America / Brazil / Rio Grande do Sul
EPI_ISL_2086609	2021-03	2021-05-13	South America / Brazil / Rio Grande do Sul
EPI_ISL_2086603	2021-03	2021-05-13	South America / Brazil / Rio Grande do Sul
EPI_ISL_2086602	2021-03	2021-05-13	South America / Brazil / Rio Grande do Sul
EPI_ISL_1293063	2021-02-06	2021-03-19	South America / Brazil / Sao Paulo / Salto
EPI_ISL_1966783	2021-04-15	2021-05-08	South America / Brazil / Sao Paulo
EPI_ISL_2101405	2021-04-26	2021-05-15	South America / Brazil / Rio de Janeiro / Saquarema
EPI_ISL_1858603	2021-04-13	2021-05-04	South America / Brazil / Rio de Janeiro / Sao Pedro da Aldeia
EPI_ISL_1858977	2021-03-25	2021-05-04	South America / Brazil / Rio de Janeiro / Rio de Janeiro
EPI_ISL_1858701	2021-04-13	2021-05-04	South America / Brazil / Rio de Janeiro / Barra Mansa
EPI_ISL_1858957	2021-03-26	2021-05-04	South America / Brazil / Rio de Janeiro / Rio de Janeiro
EPI_ISL_1858868	2021-03-25	2021-05-04	South America / Brazil / Rio de Janeiro / Rio de Janeiro
EPI_ISL_1858878	2021-03-28	2021-05-04	South America / Brazil / Rio de Janeiro / Rio de Janeiro
EPI_ISL_2102518	2021-03-05	2021-05-15	South America / Brazil / Goias / Aparecida de Goiania
EPI_ISL_2102519	2021-03-23	2021-05-15	South America / Brazil / Goias / Aparecida de Goiania
EPI_ISL_2101391	2021-04-13	2021-05-15	South America / Brazil / Rio de Janeiro / Rio de Janeiro
EPI_ISL_2101390	2021-04-19	2021-05-15	South America / Brazil / Rio de Janeiro / Sao Goncalo
EPI_ISL_2101389	2021-04-21	2021-05-15	South America / Brazil / Rio de Janeiro / Barra do Pirai
EPI_ISL_2101387	2021-04-12	2021-05-15	South America / Brazil / Rio de Janeiro / Rio de Janeiro
EPI_ISL_2101474	2021-04-19	2021-05-15	South America / Brazil / Rio de Janeiro / Itaguai
EPI_ISL_2101472	2021-04-19	2021-05-15	South America / Brazil / Rio de Janeiro / Itaborai
EPI_ISL_2101478	2021-04-20	2021-05-15	South America / Brazil / Rio de Janeiro / Itatiaia
EPI_ISL_2101476	2021-04-20	2021-05-15	South America / Brazil / Rio de Janeiro / Italva
EPI_ISL_2101475	2021-04-20	2021-05-15	South America / Brazil / Rio de Janeiro / Itaguai
EPI_ISL_2101463	2021-04-13	2021-05-15	South America / Brazil / Rio de Janeiro / Duque de Caxias
EPI_ISL_2101460	2021-04-14	2021-05-15	South America / Brazil / Rio de Janeiro / Duque de Caxias
EPI_ISL_2101466	2021-04-20	2021-05-15	South America / Brazil / Rio de Janeiro / Guapimirim
EPI_ISL_2101452	2021-04-20	2021-05-15	South America / Brazil / Rio de Janeiro / Conceicao de Macabu
EPI_ISL_2101450	2021-04-20	2021-05-15	South America / Brazil / Rio de Janeiro / Conceicao de Macabu
EPI_ISL_2101454	2021-04-22	2021-05-15	South America / Brazil / Rio de Janeiro / Duque de Caxias
EPI_ISL_2101458	2021-04-14	2021-05-15	South America / Brazil / Rio de Janeiro / Duque de Caxias
EPI_ISL_2101457	2021-04-14	2021-05-15	South America / Brazil / Rio de Janeiro / Duque de Caxias
EPI_ISL_2101441	2021-04-24	2021-05-15	South America / Brazil / Rio de Janeiro / Bom Jesus do Itabapoana
EPI_ISL_2101440	2021-04-24	2021-05-15	South America / Brazil / Rio de Janeiro / Bom Jesus do Itabapoana
EPI_ISL_2101444	2021-04-23	2021-05-15	South America / Brazil / Rio de Janeiro / Carapebus
EPI_ISL_2101443	2021-04-11	2021-05-15	South America / Brazil / Rio de Janeiro / Campos dos Goytacazes
EPI_ISL_2101442	2021-04-21	2021-05-15	South America / Brazil / Rio de Janeiro / Campos dos Goytacazes
EPI_ISL_2101446	2021-04-22	2021-05-15	South America / Brazil / Rio de Janeiro / Carmo
EPI_ISL_2101430	2021-04-10	2021-05-15	South America / Brazil / Rio de Janeiro / Belford Roxo
EPI_ISL_2101432	2021-04-15	2021-05-15	South America / Brazil / Rio de Janeiro / Belford Roxo
EPI_ISL_2101431	2021-04-14	2021-05-15	South America / Brazil / Rio de Janeiro / Belford Roxo
EPI_ISL_2101438	2021-04-21	2021-05-15	South America / Brazil / Rio de Janeiro / Bom Jesus do Itabapoana
EPI_ISL_2101436	2021-04-22	2021-05-15	South America / Brazil / Rio de Janeiro / Bom Jardim
EPI_ISL_2101435	2021-04-21	2021-05-15	South America / Brazil / Rio de Janeiro / Bom Jardim
EPI_ISL_2101423	2021-04-20	2021-05-15	South America / Brazil / Rio de Janeiro / Barra do Pirai
EPI_ISL_2101427	2021-04-18	2021-05-15	South America / Brazil / Rio de Janeiro / Barra Mansa
EPI_ISL_2101424	2021-04-21	2021-05-15	South America / Brazil / Rio de Janeiro / Barra do Pirai
EPI_ISL_2101428	2021-04-18	2021-05-15	South America / Brazil / Rio de Janeiro / Barra Mansa
EPI_ISL_2101412	2021-04-20	2021-05-15	South America / Brazil / Rio de Janeiro / Araruama
EPI_ISL_2101413	2021-04-20	2021-05-15	South America / Brazil / Rio de Janeiro / Araruama
EPI_ISL_2101418	2021-04-22	2021-05-15	South America / Brazil / Rio de Janeiro / Armacao Dos Buzios
EPI_ISL_2101417	2021-04-20	2021-05-15	South America / Brazil / Rio de Janeiro / Araruama
EPI_ISL_2101403	2021-04-21	2021-05-15	South America / Brazil / Rio de Janeiro / Araruama
EPI_ISL_2101409	2021-04-23	2021-05-15	South America / Brazil / Espirito Santo / Marataizes
EPI_ISL_2101496	2021-04-19	2021-05-15	South America / Brazil / Rio de Janeiro / Mendes
EPI_ISL_2101494	2021-04-18	2021-05-15	South America / Brazil / Rio de Janeiro / Marica
EPI_ISL_2101499	2021-04-19	2021-05-15	South America / Brazil / Rio de Janeiro / Mendes
EPI_ISL_2101490	2021-04-21	2021-05-15	South America / Brazil / Rio de Janeiro / Mangaratiba
EPI_ISL_2101485	2021-03-26	2021-05-15	South America / Brazil / Rio de Janeiro / Mangaratiba
EPI_ISL_2101483	2021-04-19	2021-05-15	South America / Brazil / Rio de Janeiro / Mage
EPI_ISL_2101488	2021-04-19	2021-05-15	South America / Brazil / Rio de Janeiro / Mangaratiba
EPI_ISL_2101487	2021-04-19	2021-05-15	South America / Brazil / Rio de Janeiro / Mangaratiba
EPI_ISL_2101480	2021-04-23	2021-05-15	South America / Brazil / Rio de Janeiro / Macae
EPI_ISL_2101513	2021-04-20	2021-05-15	South America / Brazil / Rio de Janeiro / Niteroi
EPI_ISL_2101517	2021-04-22	2021-05-15	South America / Brazil / Rio de Janeiro / Nova Friburgo
EPI_ISL_2101516	2021-04-22	2021-05-15	South America / Brazil / Rio de Janeiro / Nova Friburgo
EPI_ISL_2101504	2021-04-22	2021-05-15	South America / Brazil / Rio de Janeiro / Natividade
EPI_ISL_2101595	2021-04-22	2021-05-15	South America / Brazil / Rio de Janeiro / Resende
EPI_ISL_2101594	2021-04-22	2021-05-15	South America / Brazil / Rio de Janeiro / Resende
EPI_ISL_2101593	2021-04-23	2021-05-15	South America / Brazil / Rio de Janeiro / Quissama
EPI_ISL_2101592	2021-04-23	2021-05-15	South America / Brazil / Rio de Janeiro / Quissama
EPI_ISL_2101598	2021-04-21	2021-05-15	South America / Brazil / Rio de Janeiro / Resende
EPI_ISL_2101597	2021-04-21	2021-05-15	South America / Brazil / Rio de Janeiro / Resende
EPI_ISL_2101596	2021-04-21	2021-05-15	South America / Brazil / Rio de Janeiro / Resende
EPI_ISL_2101581	2021-04-25	2021-05-15	South America / Brazil / Rio de Janeiro / Porto Real
EPI_ISL_2101588	2021-04-22	2021-05-15	South America / Brazil / Rio de Janeiro / Quissama
EPI_ISL_2101587	2021-04-22	2021-05-15	South America / Brazil / Rio de Janeiro / Quissama
EPI_ISL_2101586	2021-04-21	2021-05-15	South America / Brazil / Rio de Janeiro / Quatis
EPI_ISL_2101589	2021-04-23	2021-05-15	South America / Brazil / Rio de Janeiro / Quissama
EPI_ISL_2101573	2021-04-24	2021-05-15	South America / Brazil / Rio de Janeiro / Pinheiral
EPI_ISL_2101570	2021-04-10	2021-05-15	South America / Brazil / Rio de Janeiro / Petropolis
EPI_ISL_2101577	2021-04-21	2021-05-15	South America / Brazil / Rio de Janeiro / Porto Real
EPI_ISL_2101574	2021-04-22	2021-05-15	South America / Brazil / Rio de Janeiro / Pirai
EPI_ISL_2101562	2021-04-19	2021-05-15	South America / Brazil / Rio de Janeiro / Petropolis
EPI_ISL_2101561	2021-04-19	2021-05-15	South America / Brazil / Rio de Janeiro / Petropolis
EPI_ISL_2101560	2021-04-19	2021-05-15	South America / Brazil / Rio de Janeiro / Petropolis
EPI_ISL_2101566	2021-04-10	2021-05-15	South America / Brazil / Rio de Janeiro / Petropolis
EPI_ISL_2101565	2021-04-20	2021-05-15	South America / Brazil / Rio de Janeiro / Petropolis
EPI_ISL_2101564	2021-04-20	2021-05-15	South America / Brazil / Rio de Janeiro / Petropolis
EPI_ISL_2101563	2021-04-20	2021-05-15	South America / Brazil / Rio de Janeiro / Petropolis
EPI_ISL_2101569	2021-04-09	2021-05-15	South America / Brazil / Rio de Janeiro / Petropolis
EPI_ISL_2101568	2021-04-10	2021-05-15	South America / Brazil / Rio de Janeiro / Petropolis
EPI_ISL_2101567	2021-04-10	2021-05-15	South America / Brazil / Rio de Janeiro / Petropolis
EPI_ISL_2101551	2021-04-19	2021-05-15	South America / Brazil / Rio de Janeiro / Petropolis
EPI_ISL_2101554	2021-04-19	2021-05-15	South America / Brazil / Rio de Janeiro / Petropolis
EPI_ISL_2101553	2021-04-19	2021-05-15	South America / Brazil / Rio de Janeiro / Petropolis
EPI_ISL_2101558	2021-04-19	2021-05-15	South America / Brazil / Rio de Janeiro / Petropolis
EPI_ISL_2101557	2021-04-19	2021-05-15	South America / Brazil / Rio de Janeiro / Petropolis
EPI_ISL_2101556	2021-04-19	2021-05-15	South America / Brazil / Rio de Janeiro / Petropolis
EPI_ISL_2101540	2021-04-26	2021-05-15	South America / Brazil / Rio de Janeiro / Paty do Alferes
EPI_ISL_2101544	2021-04-20	2021-05-15	South America / Brazil / Rio de Janeiro / Petropolis
EPI_ISL_2101542	2021-04-19	2021-05-15	South America / Brazil / Rio de Janeiro / Petropolis
EPI_ISL_2101541	2021-03-24	2021-05-15	South America / Brazil / Rio de Janeiro / Petropolis
EPI_ISL_2101548	2021-04-20	2021-05-15	South America / Brazil / Rio de Janeiro / Petropolis
EPI_ISL_2101549	2021-04-19	2021-05-15	South America / Brazil / Rio de Janeiro / Petropolis
EPI_ISL_2101533	2021-04-21	2021-05-15	South America / Brazil / Rio de Janeiro / Paty do Alferes
EPI_ISL_2101531	2021-04-20	2021-05-15	South America / Brazil / Rio de Janeiro / Parati
EPI_ISL_2101530	2021-04-20	2021-05-15	South America / Brazil / Rio de Janeiro / Parati
EPI_ISL_2101536	2021-04-22	2021-05-15	South America / Brazil / Rio de Janeiro / Paty do Alferes
EPI_ISL_2101534	2021-04-21	2021-05-15	South America / Brazil / Rio de Janeiro / Paty do Alferes
EPI_ISL_2101539	2021-04-26	2021-05-15	South America / Brazil / Rio de Janeiro / Paty do Alferes
EPI_ISL_2101522	2021-04-17	2021-05-15	South America / Brazil / Rio de Janeiro / Nova Iguacu
EPI_ISL_2101521	2021-04-18	2021-05-15	South America / Brazil / Rio de Janeiro / Nova Iguacu
EPI_ISL_2101520	2021-04-18	2021-05-15	South America / Brazil / Rio de Janeiro / Nova Iguacu
EPI_ISL_2101526	2021-04-16	2021-05-15	South America / Brazil / Rio de Janeiro / Nova Iguacu
EPI_ISL_2101524	2021-04-16	2021-05-15	South America / Brazil / Rio de Janeiro / Nova Iguacu
EPI_ISL_2101523	2021-04-18	2021-05-15	South America / Brazil / Rio de Janeiro / Nova Iguacu
EPI_ISL_2101528	2021-04-22	2021-05-15	South America / Brazil / Rio de Janeiro / Paraiba do Sul
EPI_ISL_2101527	2021-04-17	2021-05-15	South America / Brazil / Rio de Janeiro / Nova Iguacu
EPI_ISL_2102063	2021-03-25	2021-05-15	South America / Brazil / Amazonas / Manaus
EPI_ISL_2101630	2021-04-23	2021-05-15	South America / Brazil / Rio de Janeiro / Rio das Ostras
EPI_ISL_2101636	2021-04-23	2021-05-15	South America / Brazil / Rio de Janeiro / Rio das Ostras
EPI_ISL_2101634	2021-04-23	2021-05-15	South America / Brazil / Rio de Janeiro / Rio das Ostras
EPI_ISL_2101625	2021-04-21	2021-05-15	South America / Brazil / Rio de Janeiro / Rio das Ostras
EPI_ISL_2101624	2021-04-22	2021-05-15	South America / Brazil / Rio de Janeiro / Rio das Ostras
EPI_ISL_2101622	2021-04-22	2021-05-15	South America / Brazil / Rio de Janeiro / Rio das Ostras
EPI_ISL_2101629	2021-04-23	2021-05-15	South America / Brazil / Rio de Janeiro / Rio das Ostras
EPI_ISL_2101628	2021-04-23	2021-05-15	South America / Brazil / Rio de Janeiro / Rio das Ostras
EPI_ISL_2101627	2021-04-21	2021-05-15	South America / Brazil / Rio de Janeiro / Rio das Ostras
EPI_ISL_2101626	2021-04-21	2021-05-15	South America / Brazil / Rio de Janeiro / Rio das Ostras
EPI_ISL_2101610	2021-04-23	2021-05-15	South America / Brazil / Rio de Janeiro / Resende
EPI_ISL_2101612	2021-04-15	2021-05-15	South America / Brazil / Rio de Janeiro / Rio Bonito
EPI_ISL_2101611	2021-04-23	2021-05-15	South America / Brazil / Rio de Janeiro / Resende
EPI_ISL_2101618	2021-04-22	2021-05-15	South America / Brazil / Rio de Janeiro / Rio das Flores
EPI_ISL_2101617	2021-04-22	2021-05-15	South America / Brazil / Rio de Janeiro / Rio das Flores
EPI_ISL_2101616	2021-04-20	2021-05-15	South America / Brazil / Rio de Janeiro / Rio Claro
EPI_ISL_2101615	2021-04-20	2021-05-15	South America / Brazil / Rio de Janeiro / Rio Claro
EPI_ISL_2101609	2021-04-23	2021-05-15	South America / Brazil / Rio de Janeiro / Resende
EPI_ISL_2101608	2021-04-23	2021-05-15	South America / Brazil / Rio de Janeiro / Resende
EPI_ISL_2101603	2021-04-20	2021-05-15	South America / Brazil / Rio de Janeiro / Resende
EPI_ISL_2101602	2021-04-22	2021-05-15	South America / Brazil / Rio de Janeiro / Resende
EPI_ISL_2101600	2021-04-21	2021-05-15	South America / Brazil / Rio de Janeiro / Resende
EPI_ISL_2101607	2021-04-23	2021-05-15	South America / Brazil / Rio de Janeiro / Resende
EPI_ISL_2101694	2021-04-19	2021-05-15	South America / Brazil / Rio de Janeiro / Sao Joao de Meriti
EPI_ISL_2101695	2021-04-19	2021-05-15	South America / Brazil / Rio de Janeiro / Sao Joao de Meriti
EPI_ISL_2101690	2021-04-26	2021-05-15	South America / Brazil / Rio de Janeiro / Sao Joao Da Barra
EPI_ISL_2101682	2021-04-19	2021-05-15	South America / Brazil / Rio de Janeiro / Sao Goncalo
EPI_ISL_2101686	2021-04-19	2021-05-15	South America / Brazil / Rio de Janeiro / Sao Goncalo
EPI_ISL_2101684	2021-04-19	2021-05-15	South America / Brazil / Rio de Janeiro / Sao Goncalo
EPI_ISL_2101688	2021-04-19	2021-05-15	South America / Brazil / Rio de Janeiro / Sao Goncalo
EPI_ISL_2101671	2021-04-20	2021-05-15	South America / Brazil / Rio de Janeiro / Rio de Janeiro
EPI_ISL_2101670	2021-04-12	2021-05-15	South America / Brazil / Rio de Janeiro / Rio de Janeiro
EPI_ISL_2101676	2021-04-14	2021-05-15	South America / Brazil / Rio de Janeiro / Sao Goncalo
EPI_ISL_2101675	2021-04-20	2021-05-15	South America / Brazil / Rio de Janeiro / Santo Antonio de Padua
EPI_ISL_2101678	2021-04-14	2021-05-15	South America / Brazil / Rio de Janeiro / Sao Goncalo
EPI_ISL_2101677	2021-04-14	2021-05-15	South America / Brazil / Rio de Janeiro / Sao Goncalo
EPI_ISL_2101661	2021-04-08	2021-05-15	South America / Brazil / Rio de Janeiro / Rio de Janeiro
EPI_ISL_2101660	2021-04-09	2021-05-15	South America / Brazil / Rio de Janeiro / Rio de Janeiro
EPI_ISL_2101665	2021-04-12	2021-05-15	South America / Brazil / Rio de Janeiro / Rio de Janeiro
EPI_ISL_2101663	2021-04-09	2021-05-15	South America / Brazil / Rio de Janeiro / Rio de Janeiro
EPI_ISL_2101651	2021-04-13	2021-05-15	South America / Brazil / Rio de Janeiro / Rio de Janeiro
EPI_ISL_2101657	2021-04-13	2021-05-15	South America / Brazil / Rio de Janeiro / Rio de Janeiro
EPI_ISL_2101656	2021-04-14	2021-05-15	South America / Brazil / Rio de Janeiro / Rio de Janeiro
EPI_ISL_2101655	2021-04-12	2021-05-15	South America / Brazil / Rio de Janeiro / Rio de Janeiro
EPI_ISL_2101643	2021-04-09	2021-05-15	South America / Brazil / Rio de Janeiro / Rio de Janeiro
EPI_ISL_2101644	2021-04-14	2021-05-15	South America / Brazil / Rio de Janeiro / Rio de Janeiro
EPI_ISL_2101649	2021-04-12	2021-05-15	South America / Brazil / Rio de Janeiro / Rio de Janeiro
EPI_ISL_2103421	2021-02-09	2021-05-15	South America / Brazil / Tocantins / Araguaiana
EPI_ISL_2101744	2021-04-14	2021-05-15	South America / Brazil / Rio de Janeiro / Rio de Janeiro
EPI_ISL_2101731	2021-04-08	2021-05-15	South America / Brazil / Rio de Janeiro / Rio de Janeiro
EPI_ISL_2101730	2021-04-21	2021-05-15	South America / Brazil / Rio de Janeiro / Armacao Dos Buzios
EPI_ISL_2101735	2021-04-22	2021-05-15	South America / Brazil / Rio de Janeiro / Armacao Dos Buzios
EPI_ISL_2101733	2021-04-26	2021-05-15	South America / Brazil / Rio de Janeiro / Paty do Alferes
EPI_ISL_2101739	2021-04-22	2021-05-15	South America / Brazil / Rio de Janeiro / Rio das Ostras
EPI_ISL_2101736	2021-04-20	2021-05-15	South America / Brazil / Rio de Janeiro / Guapimirim
EPI_ISL_2101720	2021-04-19	2021-05-15	South America / Brazil / Rio de Janeiro / Valenca
EPI_ISL_2101722	2021-04-08	2021-05-15	South America / Brazil / Rio de Janeiro / Vassouras
EPI_ISL_2101728	2021-04-22	2021-05-15	South America / Brazil / Rio de Janeiro / Quissama
EPI_ISL_2101727	2021-04-14	2021-05-15	South America / Brazil / Rio de Janeiro / Duque de Caxias
EPI_ISL_2101726	2021-04-26	2021-05-15	South America / Brazil / Rio de Janeiro / Paty do Alferes
EPI_ISL_2101718	2021-04-25	2021-05-15	South America / Brazil / Rio de Janeiro / Sumidouro
EPI_ISL_2101711	2021-04-26	2021-05-15	South America / Brazil / Rio de Janeiro / Saquarema
EPI_ISL_2101716	2021-04-20	2021-05-15	South America / Brazil / Rio de Janeiro / Sumidouro
EPI_ISL_2101714	2021-04-20	2021-05-15	South America / Brazil / Rio de Janeiro / Seropedica
EPI_ISL_2101709	2021-04-26	2021-05-15	South America / Brazil / Rio de Janeiro / Sapucaia
EPI_ISL_2101707	2021-04-22	2021-05-15	South America / Brazil / Rio de Janeiro / Sao Sebastiao do Alto
EPI_ISL_2101701	2021-04-21	2021-05-15	South America / Brazil / Rio de Janeiro / Sao Pedro da Aldeia
EPI_ISL_2101700	2021-04-21	2021-05-15	South America / Brazil / Rio de Janeiro / Sao Pedro da Aldeia
EPI_ISL_2101706	2021-04-22	2021-05-15	South America / Brazil / Rio de Janeiro / Sao Pedro da Aldeia
EPI_ISL_2101704	2021-04-22	2021-05-15	South America / Brazil / Rio de Janeiro / Sao Pedro da Aldeia
EPI_ISL_2101703	2021-04-21	2021-05-15	South America / Brazil / Rio de Janeiro / Sao Pedro da Aldeia
EPI_ISL_1966791	2021-04-15	2021-05-08	South America / Brazil / Sao Paulo
EPI_ISL_2107301	2021-04-27	2021-05-16	South America / Brazil / Sao Paulo / Sao Jose do Rio Preto
EPI_ISL_2105677	2021-03-31	2021-05-16	South America / Brazil / Sao Paulo
EPI_ISL_1858584	2021-04-14	2021-05-04	South America / Brazil / Rio de Janeiro / Tres Rios
EPI_ISL_1795167	2021-03-22	2021-04-29	South America / Brazil / Sao Paulo / Florinea
EPI_ISL_1966928	2021-04-06	2021-05-08	South America / Brazil / Sao Paulo
EPI_ISL_2139495	2021-03-10	2021-05-18	South America / Brazil / Rio Grande do Sul / Porto Alegre
EPI_ISL_2139494	2021-03-09	2021-05-18	South America / Brazil / Rio Grande do Sul / São Leopoldo
EPI_ISL_2139497	2021-03-10	2021-05-18	South America / Brazil / Rio Grande do Sul / Porto Alegre
EPI_ISL_2139496	2021-03-17	2021-05-18	South America / Brazil / Rio Grande do Sul / Porto Alegre
EPI_ISL_2139499	2021-03-15	2021-05-18	South America / Brazil / Rio Grande do Sul / Cachoeira do Sul
EPI_ISL_2139498	2021-03-10	2021-05-18	South America / Brazil / Rio Grande do Sul / Gravataí
EPI_ISL_2139511	2021-03-11	2021-05-18	South America / Brazil / Rio Grande do Sul / Porto Alegre
EPI_ISL_2139514	2021-03-11	2021-05-18	South America / Brazil / Rio Grande do Sul / Santo Antonio da Patrulha
EPI_ISL_2139513	2021-03-11	2021-05-18	South America / Brazil / Rio Grande do Sul / São Sebastião do Caí
EPI_ISL_2139515	2021-03-15	2021-05-18	South America / Brazil / Rio Grande do Sul / Porto Alegre
EPI_ISL_2139519	2021-03-15	2021-05-18	South America / Brazil / Rio Grande do Sul / Canoas
EPI_ISL_2139503	2021-03-09	2021-05-18	South America / Brazil / Rio Grande do Sul / Porto Alegre
EPI_ISL_2139505	2021-03-10	2021-05-18	South America / Brazil / Rio Grande do Sul / Porto Alegre
EPI_ISL_2139509	2021-03-09	2021-05-18	South America / Brazil / Rio Grande do Sul / Gravataí
EPI_ISL_2139532	2021-03-10	2021-05-18	South America / Brazil / Rio Grande do Sul / Porto Alegre
EPI_ISL_2139534	2021-03-17	2021-05-18	South America / Brazil / Rio Grande do Sul / Porto Alegre
EPI_ISL_2139533	2021-03-17	2021-05-18	South America / Brazil / Rio Grande do Sul / Canoas
EPI_ISL_2139535	2021-03-15	2021-05-18	South America / Brazil / Rio Grande do Sul / Alvorada
EPI_ISL_2139539	2021-03-11	2021-05-18	South America / Brazil / Rio Grande do Sul / Santa Maria
EPI_ISL_2139521	2021-03-16	2021-05-18	South America / Brazil / Rio Grande do Sul / Porto Alegre
EPI_ISL_2139520	2021-03-10	2021-05-18	South America / Brazil / Rio Grande do Sul / Porto Alegre
EPI_ISL_2139523	2021-03-11	2021-05-18	South America / Brazil / Rio Grande do Sul / Porto Alegre
EPI_ISL_2139526	2021-03-09	2021-05-18	South America / Brazil / Rio Grande do Sul / Porto Alegre
EPI_ISL_2139529	2021-03-16	2021-05-18	South America / Brazil / Rio Grande do Sul / Porto Alegre
EPI_ISL_2139528	2021-03-11	2021-05-18	South America / Brazil / Rio Grande do Sul / Porto Alegre
EPI_ISL_2139540	2021-03-12	2021-05-18	South America / Brazil / Rio Grande do Sul / Porto Alegre
EPI_ISL_2139543	2021-03-11	2021-05-18	South America / Brazil / Rio Grande do Sul / Sapiranga
EPI_ISL_2139542	2021-03-10	2021-05-18	South America / Brazil / Rio Grande do Sul / Porto Alegre
EPI_ISL_2139545	2021-03-12	2021-05-18	South America / Brazil / Rio Grande do Sul / Porto Alegre
EPI_ISL_2139544	2021-03-16	2021-05-18	South America / Brazil / Rio Grande do Sul / Porto Alegre
EPI_ISL_2139547	2021-03-10	2021-05-18	South America / Brazil / Rio Grande do Sul / Porto Alegre
EPI_ISL_2139546	2021-03-16	2021-05-18	South America / Brazil / Rio Grande do Sul / Campo Bom
EPI_ISL_2139549	2021-03-09	2021-05-18	South America / Brazil / Rio Grande do Sul / Porto Alegre
EPI_ISL_2139548	2021-03-15	2021-05-18	South America / Brazil / Rio Grande do Sul / Porto Alegre
EPI_ISL_1731582	2021-03-30	2021-04-26	South America / Brazil / Sao Paulo / Bebedouro
EPI_ISL_1731587	2021-04-03	2021-04-26	South America / Brazil / Sao Paulo / Sorocaba
EPI_ISL_2157436	2021-03-09	2021-05-19	South America / Brazil / Sergipe / Aracaju
EPI_ISL_2157437	2021-03-09	2021-05-19	South America / Brazil / Sergipe / Aracaju
EPI_ISL_2157438	2021-03-09	2021-05-19	South America / Brazil / Sergipe / Aracaju
EPI_ISL_2157435	2021-03-09	2021-05-19	South America / Brazil / Sergipe / Aracaju
EPI_ISL_2157431	2021-03-09	2021-05-19	South America / Brazil / Parana / Rolandia
EPI_ISL_2157428	2021-03-09	2021-05-19	South America / Brazil / Sergipe / Aracaju
EPI_ISL_2157423	2021-03-08	2021-05-19	South America / Brazil / Minas Gerais / Rio Paranaiba
EPI_ISL_2157458	2021-03-10	2021-05-19	South America / Brazil / Sergipe / Barra dos Coqueiros
EPI_ISL_2157455	2021-03-10	2021-05-19	South America / Brazil / Sergipe / Aracaju
EPI_ISL_2157476	2021-03-12	2021-05-19	South America / Brazil / Sergipe / Aracaju
EPI_ISL_2157477	2021-03-12	2021-05-19	South America / Brazil / Sergipe / Aracaju
EPI_ISL_2157478	2021-03-12	2021-05-19	South America / Brazil / Sergipe / Aracaju
EPI_ISL_2157479	2021-03-13	2021-05-19	South America / Brazil / Parana / Araucaria
EPI_ISL_2157472	2021-03-11	2021-05-19	South America / Brazil / Sergipe / Simao Dias
EPI_ISL_2157474	2021-03-12	2021-05-19	South America / Brazil / Sergipe / Aracaju
EPI_ISL_2157475	2021-03-12	2021-05-19	South America / Brazil / Sergipe / Nossa Senhora do Socorro
EPI_ISL_2157470	2021-03-11	2021-05-19	South America / Brazil / Sergipe / Nossa Senhora do Socorro
EPI_ISL_2157471	2021-03-11	2021-05-19	South America / Brazil / Sergipe / Nossa Senhora do Socorro
EPI_ISL_2157469	2021-03-11	2021-05-19	South America / Brazil / Sergipe / Nossa Senhora do Socorro
EPI_ISL_2157465	2021-03-11	2021-05-19	South America / Brazil / Sergipe / Nossa Senhora da Gloria
EPI_ISL_2157466	2021-03-11	2021-05-19	South America / Brazil / Sergipe / Nossa Senhora da Gloria
EPI_ISL_2157467	2021-03-11	2021-05-19	South America / Brazil / Sergipe / Nossa Senhora da Gloria
EPI_ISL_2157468	2021-03-11	2021-05-19	South America / Brazil / Sergipe / Nossa Senhora do Socorro
EPI_ISL_2157461	2021-03-11	2021-05-19	South America / Brazil / Alagoas / Maceio
EPI_ISL_2157462	2021-03-11	2021-05-19	South America / Brazil / Sergipe / Aracaju
EPI_ISL_2157463	2021-03-11	2021-05-19	South America / Brazil / Sergipe / Aracaju
EPI_ISL_2157464	2021-03-11	2021-05-19	South America / Brazil / Sergipe / Estancia
EPI_ISL_2157460	2021-03-11	2021-05-19	South America / Brazil / Sergipe / Aracaju
EPI_ISL_2157498	2021-03-19	2021-05-19	South America / Brazil / Santa Catarina / Sombrio
EPI_ISL_2157499	2021-03-19	2021-05-19	South America / Brazil / Santa Catarina / Joinville
EPI_ISL_2157494	2021-03-17	2021-05-19	South America / Brazil / Santa Catarina / Lages
EPI_ISL_2157495	2021-03-17	2021-05-19	South America / Brazil / Santa Catarina / Tubarao
EPI_ISL_2157496	2021-03-17	2021-05-19	South America / Brazil / Parana / Curitiba
EPI_ISL_2157497	2021-03-18	2021-05-19	South America / Brazil / Santa Catarina / Araquari
EPI_ISL_2157490	2021-03-16	2021-05-19	South America / Brazil / Alagoas / Maceio
EPI_ISL_2157491	2021-03-16	2021-05-19	South America / Brazil / Minas Gerais / Camanducaia
EPI_ISL_2157492	2021-03-16	2021-05-19	South America / Brazil / Parana / Paranagua
EPI_ISL_2157493	2021-03-17	2021-05-19	South America / Brazil / Santa Catarina / Itapema
EPI_ISL_2157487	2021-03-15	2021-05-19	South America / Brazil / Parana / Quedas do Iguacu
EPI_ISL_2157488	2021-03-15	2021-05-19	South America / Brazil / Parana / Toledo
EPI_ISL_2157489	2021-03-16	2021-05-19	South America / Brazil / Alagoas / Maceio
EPI_ISL_2157483	2021-03-14	2021-05-19	South America / Brazil / Parana / Maringa
EPI_ISL_2157485	2021-03-15	2021-05-19	South America / Brazil / Parana / Capitao Leonidas Marques
EPI_ISL_2157480	2021-03-14	2021-05-19	South America / Brazil / Minas Gerais / Ituiutaba
EPI_ISL_2157482	2021-03-14	2021-05-19	South America / Brazil / Parana / Campina Grande do Sul
EPI_ISL_2157517	2021-03-27	2021-05-19	South America / Brazil / Parana / Pitanga
EPI_ISL_2157513	2021-03-25	2021-05-19	South America / Brazil / Santa Catarina / Balneario Camburiu
EPI_ISL_2157515	2021-03-26	2021-05-19	South America / Brazil / Santa Catarina / Braco do Norte
EPI_ISL_2157516	2021-03-27	2021-05-19	South America / Brazil / Parana / Pinhao
EPI_ISL_2157511	2021-03-24	2021-05-19	South America / Brazil / Santa Catarina / Rio Fortuna
EPI_ISL_2157512	2021-03-24	2021-05-19	South America / Brazil / Alagoas / Maceio
EPI_ISL_2157509	2021-03-22	2021-05-19	South America / Brazil / Alagoas / Maceio
EPI_ISL_2157502	2021-03-20	2021-05-19	South America / Brazil / Santa Catarina / Imbituba
EPI_ISL_2157503	2021-03-20	2021-05-19	South America / Brazil / Santa Catarina / Tubarao
EPI_ISL_2157504	2021-03-20	2021-05-19	South America / Brazil / Parana / Campo Mourao
EPI_ISL_2157505	2021-03-20	2021-05-19	South America / Brazil / Santa Catarina / Balneario Arroio do Silva
EPI_ISL_2157501	2021-03-20	2021-05-19	South America / Brazil / Santa Catarina / Joinville
EPI_ISL_2157539	2021-04-13	2021-05-19	South America / Brazil / Rio de Janeiro / Rio de Janeiro
EPI_ISL_2157536	2021-04-12	2021-05-19	South America / Brazil / Rio de Janeiro / Iguaba Grande
EPI_ISL_2157533	2021-04-09	2021-05-19	South America / Brazil / Bahia / Serrinha
EPI_ISL_2157529	2021-04-07	2021-05-19	South America / Brazil / Rio de Janeiro / Iguaba Grande
EPI_ISL_2157524	2021-04-03	2021-05-19	South America / Brazil / Rio de Janeiro / Petropolis
EPI_ISL_2157525	2021-04-06	2021-05-19	South America / Brazil / Rio de Janeiro / Rio de Janeiro
EPI_ISL_2157520	2021-03-29	2021-05-19	South America / Brazil / Alagoas / Maceio
EPI_ISL_2157547	2021-03-02	2021-05-19	South America / Brazil / Santa Catarina / Balneario Picarras
EPI_ISL_2157543	2021-04-20	2021-05-19	South America / Brazil / Bahia / Alcobaca
EPI_ISL_2157544	2021-04-20	2021-05-19	South America / Brazil / Bahia / Caetanos
EPI_ISL_1716412	2021-03-04	2021-04-25	South America / Brazil / Goias / Goiania
EPI_ISL_2157399	2021-03-02	2021-05-19	South America / Brazil / Santa Catarina / Icara
EPI_ISL_2157395	2021-03-01	2021-05-19	South America / Brazil / Paraiba / Joao Pessoa
EPI_ISL_2157396	2021-03-01	2021-05-19	South America / Brazil / Santa Catarina / Rio do Sul
EPI_ISL_2157397	2021-03-01	2021-05-19	South America / Brazil / Parana / Candoi
EPI_ISL_2157398	2021-03-02	2021-05-19	South America / Brazil / Santa Catarina / Barra Velha
EPI_ISL_2157391	2021-03-01	2021-05-19	South America / Brazil / Santa Catarina / Presidente Getulio
EPI_ISL_2157392	2021-03-01	2021-05-19	South America / Brazil / Santa Catarina / Lages
EPI_ISL_2157393	2021-03-01	2021-05-19	South America / Brazil / Santa Catarina / Jaguaruna
EPI_ISL_2157394	2021-03-01	2021-05-19	South America / Brazil / Paraiba / Joao Pessoa
EPI_ISL_2157390	2021-02-28	2021-05-19	South America / Brazil / Santa Catarina / Imbituba
EPI_ISL_2157389	2021-02-27	2021-05-19	South America / Brazil / Sergipe / Aracaju
EPI_ISL_2157384	2021-02-25	2021-05-19	South America / Brazil / Sergipe / Caninde de Sao Francisco
EPI_ISL_2157385	2021-02-25	2021-05-19	South America / Brazil / Sergipe / Caninde de Sao Francisco
EPI_ISL_2157386	2021-02-27	2021-05-19	South America / Brazil / Parana / Colombo
EPI_ISL_2157380	2021-02-20	2021-05-19	South America / Brazil / Paraiba / Joao Pessoa
EPI_ISL_2157381	2021-02-24	2021-05-19	South America / Brazil / Sergipe / Aracaju
EPI_ISL_2157382	2021-02-24	2021-05-19	South America / Brazil / Sergipe / Nossa Senhora do Socorro
EPI_ISL_2157383	2021-02-25	2021-05-19	South America / Brazil / Paraiba / Joao Pessoa
EPI_ISL_2157379	2021-02-15	2021-05-19	South America / Brazil / Paraiba / Sousa
EPI_ISL_2157418	2021-03-07	2021-05-19	South America / Brazil / Santa Catarina / Joinville
EPI_ISL_2157419	2021-03-07	2021-05-19	South America / Brazil / Parana / Barbosa Ferraz
EPI_ISL_2157414	2021-03-05	2021-05-19	South America / Brazil / Alagoas / Rio Largo
EPI_ISL_2157416	2021-03-05	2021-05-19	South America / Brazil / Parana / Curitiba
EPI_ISL_2157417	2021-03-06	2021-05-19	South America / Brazil / Parana / Laranjeiras do Sul
EPI_ISL_2157410	2021-03-04	2021-05-19	South America / Brazil / Santa Catarina / Governador Celso Ramos
EPI_ISL_2157411	2021-03-04	2021-05-19	South America / Brazil / Santa Catarina / Florianopolis
EPI_ISL_2157412	2021-03-04	2021-05-19	South America / Brazil / Alagoas / Maceio
EPI_ISL_2157403	2021-03-02	2021-05-19	South America / Brazil / Parana / Maringa
EPI_ISL_2157404	2021-03-02	2021-05-19	South America / Brazil / Parana / Ponta Grossa
EPI_ISL_2157405	2021-03-03	2021-05-19	South America / Brazil / Santa Catarina / Itapema
EPI_ISL_2157401	2021-03-02	2021-05-19	South America / Brazil / Paraiba / Carrapateira
EPI_ISL_1966808	2021-04-12	2021-05-08	South America / Brazil / Sao Paulo
EPI_ISL_1966738	2021-04-14	2021-05-08	South America / Brazil / Sao Paulo
EPI_ISL_1628370	2021-03-09	2021-04-17	South America / Brazil / Sao Paulo / Taquaritinga
EPI_ISL_2171020	2021-04-23	2021-05-20	South America / Brazil / Sao Paulo
EPI_ISL_2171027	2021-04-22	2021-05-20	South America / Brazil / Sao Paulo
EPI_ISL_2171025	2021-04-22	2021-05-20	South America / Brazil / Sao Paulo
EPI_ISL_2171026	2021-04-22	2021-05-20	South America / Brazil / Sao Paulo
EPI_ISL_2171024	2021-04-18	2021-05-20	South America / Brazil / Sao Paulo
EPI_ISL_2171031	2021-04-18	2021-05-20	South America / Brazil / Sao Paulo
EPI_ISL_2171036	2021-04-18	2021-05-20	South America / Brazil / Sao Paulo
EPI_ISL_2171035	2021-04-18	2021-05-20	South America / Brazil / Sao Paulo
EPI_ISL_2171006	2021-04-18	2021-05-20	South America / Brazil / Sao Paulo
EPI_ISL_2171003	2021-04-18	2021-05-20	South America / Brazil / Sao Paulo
EPI_ISL_2171004	2021-04-18	2021-05-20	South America / Brazil / Sao Paulo
EPI_ISL_2171001	2021-04-18	2021-05-20	South America / Brazil / Sao Paulo
EPI_ISL_2171016	2021-04-18	2021-05-20	South America / Brazil / Sao Paulo
EPI_ISL_2171014	2021-04-18	2021-05-20	South America / Brazil / Sao Paulo
EPI_ISL_2171015	2021-04-18	2021-05-20	South America / Brazil / Sao Paulo
EPI_ISL_2171008	2021-04-18	2021-05-20	South America / Brazil / Sao Paulo
EPI_ISL_2170896	2021-04-07	2021-05-20	South America / Brazil / Sao Paulo
EPI_ISL_2170895	2021-04-07	2021-05-20	South America / Brazil / Sao Paulo
EPI_ISL_2170924	2021-03-16	2021-05-20	South America / Brazil / Sao Paulo
EPI_ISL_2170923	2021-03-17	2021-05-20	South America / Brazil / Sao Paulo
EPI_ISL_2170925	2021-03-19	2021-05-20	South America / Brazil / Sao Paulo
EPI_ISL_2170922	2021-03-17	2021-05-20	South America / Brazil / Sao Paulo
EPI_ISL_2170929	2021-03-26	2021-05-20	South America / Brazil / Sao Paulo
EPI_ISL_2170934	2021-03-30	2021-05-20	South America / Brazil / Sao Paulo
EPI_ISL_2170933	2021-03-28	2021-05-20	South America / Brazil / Sao Paulo
EPI_ISL_2170932	2021-03-29	2021-05-20	South America / Brazil / Sao Paulo
EPI_ISL_2170902	2021-03-03	2021-05-20	South America / Brazil / Sao Paulo
EPI_ISL_2170903	2021-03-02	2021-05-20	South America / Brazil / Sao Paulo
EPI_ISL_2170909	2021-03-10	2021-05-20	South America / Brazil / Sao Paulo
EPI_ISL_2170907	2021-03-02	2021-05-20	South America / Brazil / Sao Paulo
EPI_ISL_2170913	2021-03-15	2021-05-20	South America / Brazil / Sao Paulo
EPI_ISL_2170912	2021-03-16	2021-05-20	South America / Brazil / Sao Paulo
EPI_ISL_2170914	2021-03-16	2021-05-20	South America / Brazil / Sao Paulo
EPI_ISL_2170917	2021-03-14	2021-05-20	South America / Brazil / Sao Paulo
EPI_ISL_2170916	2021-03-16	2021-05-20	South America / Brazil / Sao Paulo
EPI_ISL_2170919	2021-03-15	2021-05-20	South America / Brazil / Sao Paulo
EPI_ISL_2170972	2021-04-19	2021-05-20	South America / Brazil / Sao Paulo
EPI_ISL_2170968	2021-04-13	2021-05-20	South America / Brazil / Sao Paulo
EPI_ISL_2170965	2021-04-14	2021-05-20	South America / Brazil / Sao Paulo
EPI_ISL_2170982	2021-04-18	2021-05-20	South America / Brazil / Sao Paulo
EPI_ISL_2170983	2021-04-19	2021-05-20	South America / Brazil / Sao Paulo
EPI_ISL_2170977	2021-04-22	2021-05-20	South America / Brazil / Sao Paulo
EPI_ISL_2170976	2021-04-22	2021-05-20	South America / Brazil / Sao Paulo
EPI_ISL_2170951	2021-04-06	2021-05-20	South America / Brazil / Sao Paulo
EPI_ISL_2170950	2021-04-05	2021-05-20	South America / Brazil / Sao Paulo
EPI_ISL_2170946	2021-04-05	2021-05-20	South America / Brazil / Sao Paulo
EPI_ISL_2170945	2021-04-04	2021-05-20	South America / Brazil / Sao Paulo
EPI_ISL_2170948	2021-04-05	2021-05-20	South America / Brazil / Sao Paulo
EPI_ISL_2170947	2021-04-05	2021-05-20	South America / Brazil / Sao Paulo
EPI_ISL_2170941	2021-04-05	2021-05-20	South America / Brazil / Sao Paulo
EPI_ISL_2170943	2021-04-05	2021-05-20	South America / Brazil / Sao Paulo
EPI_ISL_2170962	2021-04-15	2021-05-20	South America / Brazil / Sao Paulo
EPI_ISL_2170961	2021-04-12	2021-05-20	South America / Brazil / Sao Paulo
EPI_ISL_2170957	2021-04-05	2021-05-20	South America / Brazil / Sao Paulo
EPI_ISL_2170956	2021-04-05	2021-05-20	South America / Brazil / Sao Paulo
EPI_ISL_2170958	2021-04-05	2021-05-20	South America / Brazil / Sao Paulo
EPI_ISL_2170953	2021-04-05	2021-05-20	South America / Brazil / Sao Paulo
EPI_ISL_2170992	2021-04-20	2021-05-20	South America / Brazil / Sao Paulo
EPI_ISL_2170994	2021-04-22	2021-05-20	South America / Brazil / Sao Paulo
EPI_ISL_2170991	2021-04-20	2021-05-20	South America / Brazil / Sao Paulo
EPI_ISL_2170989	2021-04-21	2021-05-20	South America / Brazil / Sao Paulo
EPI_ISL_2170986	2021-04-21	2021-05-20	South America / Brazil / Sao Paulo
EPI_ISL_2170985	2021-04-20	2021-05-20	South America / Brazil / Sao Paulo
EPI_ISL_2170988	2021-04-21	2021-05-20	South America / Brazil / Sao Paulo
EPI_ISL_2170987	2021-04-20	2021-05-20	South America / Brazil / Sao Paulo
EPI_ISL_2170996	2021-04-23	2021-05-20	South America / Brazil / Sao Paulo
EPI_ISL_2170999	2021-04-20	2021-05-20	South America / Brazil / Sao Paulo
EPI_ISL_1966937	2021-04-05	2021-05-08	South America / Brazil / Sao Paulo
EPI_ISL_2181398	2021-04-04	2021-05-20	South America / Brazil / Bahia / Barreiras
EPI_ISL_1966717	2021-04-05	2021-05-08	South America / Brazil / Sao Paulo
EPI_ISL_1966735	2021-04-12	2021-05-08	South America / Brazil / Sao Paulo
EPI_ISL_1966930	2021-04-07	2021-05-08	South America / Brazil / Sao Paulo
EPI_ISL_1966820	2021-04-14	2021-05-08	South America / Brazil / Sao Paulo
EPI_ISL_1966601	2021-04-05	2021-05-08	South America / Brazil / Sao Paulo
EPI_ISL_2188026	2021-05-07	2021-05-20	South America / Brazil / Goias / Aparecida de Goiania
EPI_ISL_2188025	2021-05-06	2021-05-20	South America / Brazil / Goias / Aparecida de Goiania
EPI_ISL_2188024	2021-05-05	2021-05-20	South America / Brazil / Goias / Aparecida de Goiania
EPI_ISL_2188022	2021-05-06	2021-05-20	South America / Brazil / Goias / Aparecida de Goiania
EPI_ISL_1967265	2021-04-18	2021-05-08	South America / Brazil / Sao Paulo
EPI_ISL_2188020	2021-05-05	2021-05-20	South America / Brazil / Goias / Aparecida de Goiania
EPI_ISL_2188027	2021-05-08	2021-05-20	South America / Brazil / Goias / Aparecida de Goiania
EPI_ISL_2188015	2021-05-04	2021-05-20	South America / Brazil / Goias / Aparecida de Goiania
EPI_ISL_2188013	2021-05-04	2021-05-20	South America / Brazil / Goias / Aparecida de Goiania
EPI_ISL_2188012	2021-05-04	2021-05-20	South America / Brazil / Goias / Aparecida de Goiania
EPI_ISL_2188019	2021-05-05	2021-05-20	South America / Brazil / Goias / Aparecida de Goiania
EPI_ISL_2188018	2021-05-04	2021-05-20	South America / Brazil / Goias / Aparecida de Goiania
EPI_ISL_2188016	2021-05-04	2021-05-20	South America / Brazil / Goias / Aparecida de Goiania
EPI_ISL_2188008	2021-05-04	2021-05-20	South America / Brazil / Goias / Aparecida de Goiania
EPI_ISL_2188006	2021-05-04	2021-05-20	South America / Brazil / Goias / Aparecida de Goiania
EPI_ISL_2188005	2021-05-04	2021-05-20	South America / Brazil / Goias / Aparecida de Goiania
EPI_ISL_2187689	2021-01-05	2021-05-20	South America / Brazil / Goias / Aparecida de Goiania
EPI_ISL_2187734	2021-01-21	2021-05-20	South America / Brazil / Goias / Aparecida de Goiania
EPI_ISL_2187723	2021-01-18	2021-05-20	South America / Brazil / Goias / Aparecida de Goiania
EPI_ISL_2187722	2021-01-18	2021-05-20	South America / Brazil / Goias / Aparecida de Goiania
EPI_ISL_2187713	2021-01-13	2021-05-20	South America / Brazil / Goias / Aparecida de Goiania
EPI_ISL_1966827	2021-04-08	2021-05-08	South America / Brazil / Sao Paulo
EPI_ISL_2187773	2021-02-08	2021-05-20	South America / Brazil / Goias / Aparecida de Goiania
EPI_ISL_2187775	2021-02-08	2021-05-20	South America / Brazil / Goias / Aparecida de Goiania
EPI_ISL_2187769	2021-02-05	2021-05-20	South America / Brazil / Goias / Aparecida de Goiania
EPI_ISL_2187768	2021-02-05	2021-05-20	South America / Brazil / Goias / Aparecida de Goiania
EPI_ISL_2187764	2021-02-04	2021-05-20	South America / Brazil / Goias / Aparecida de Goiania
EPI_ISL_2187749	2021-01-28	2021-05-20	South America / Brazil / Goias / Aparecida de Goiania
EPI_ISL_2187754	2021-01-29	2021-05-20	South America / Brazil / Goias / Aparecida de Goiania
EPI_ISL_2187795	2021-02-17	2021-05-20	South America / Brazil / Goias / Aparecida de Goiania
EPI_ISL_2187794	2021-02-17	2021-05-20	South America / Brazil / Goias / Aparecida de Goiania
EPI_ISL_2187790	2021-02-15	2021-05-20	South America / Brazil / Goias / Aparecida de Goiania
EPI_ISL_2187798	2021-02-18	2021-05-20	South America / Brazil / Goias / Aparecida de Goiania
EPI_ISL_2187797	2021-02-18	2021-05-20	South America / Brazil / Goias / Aparecida de Goiania
EPI_ISL_2187796	2021-02-17	2021-05-20	South America / Brazil / Goias / Aparecida de Goiania
EPI_ISL_2187782	2021-02-10	2021-05-20	South America / Brazil / Goias / Aparecida de Goiania
EPI_ISL_2187785	2021-02-11	2021-05-20	South America / Brazil / Goias / Aparecida de Goiania
EPI_ISL_2187808	2021-02-22	2021-05-20	South America / Brazil / Goias / Aparecida de Goiania
EPI_ISL_2187806	2021-02-19	2021-05-20	South America / Brazil / Goias / Aparecida de Goiania
EPI_ISL_2187804	2021-02-19	2021-05-20	South America / Brazil / Goias / Aparecida de Goiania
EPI_ISL_2187814	2021-02-24	2021-05-20	South America / Brazil / Goias / Aparecida de Goiania
EPI_ISL_2187812	2021-02-24	2021-05-20	South America / Brazil / Goias / Aparecida de Goiania
EPI_ISL_2187811	2021-02-23	2021-05-20	South America / Brazil / Goias / Aparecida de Goiania
EPI_ISL_2187803	2021-02-19	2021-05-20	South America / Brazil / Goias / Aparecida de Goiania
EPI_ISL_2187802	2021-02-18	2021-05-20	South America / Brazil / Goias / Aparecida de Goiania
EPI_ISL_2187849	2021-03-05	2021-05-20	South America / Brazil / Goias / Aparecida de Goiania
EPI_ISL_2187848	2021-03-04	2021-05-20	South America / Brazil / Goias / Aparecida de Goiania
EPI_ISL_2187850	2021-03-05	2021-05-20	South America / Brazil / Goias / Aparecida de Goiania
EPI_ISL_2187858	2021-03-08	2021-05-20	South America / Brazil / Goias / Aparecida de Goiania
EPI_ISL_2187857	2021-03-08	2021-05-20	South America / Brazil / Goias / Aparecida de Goiania
EPI_ISL_2187856	2021-03-08	2021-05-20	South America / Brazil / Goias / Aparecida de Goiania
EPI_ISL_2187853	2021-03-05	2021-05-20	South America / Brazil / Goias / Aparecida de Goiania
EPI_ISL_2187852	2021-03-05	2021-05-20	South America / Brazil / Goias / Aparecida de Goiania
EPI_ISL_2187839	2021-03-02	2021-05-20	South America / Brazil / Goias / Aparecida de Goiania
EPI_ISL_2187838	2021-03-02	2021-05-20	South America / Brazil / Goias / Aparecida de Goiania
EPI_ISL_2187837	2021-03-02	2021-05-20	South America / Brazil / Goias / Aparecida de Goiania
EPI_ISL_2187847	2021-03-04	2021-05-20	South America / Brazil / Goias / Aparecida de Goiania
EPI_ISL_2187846	2021-03-04	2021-05-20	South America / Brazil / Goias / Aparecida de Goiania
EPI_ISL_2187842	2021-03-03	2021-05-20	South America / Brazil / Goias / Aparecida de Goiania
EPI_ISL_2187840	2021-03-02	2021-05-20	South America / Brazil / Goias / Aparecida de Goiania
EPI_ISL_2187828	2021-03-01	2021-05-20	South America / Brazil / Goias / Aparecida de Goiania
EPI_ISL_2187826	2021-03-01	2021-05-20	South America / Brazil / Goias / Aparecida de Goiania
EPI_ISL_2187835	2021-03-02	2021-05-20	South America / Brazil / Goias / Aparecida de Goiania
EPI_ISL_2187833	2021-03-01	2021-05-20	South America / Brazil / Goias / Aparecida de Goiania
EPI_ISL_2187832	2021-03-02	2021-05-20	South America / Brazil / Goias / Aparecida de Goiania
EPI_ISL_2187831	2021-03-02	2021-05-20	South America / Brazil / Goias / Aparecida de Goiania
EPI_ISL_2187830	2021-03-02	2021-05-20	South America / Brazil / Goias / Aparecida de Goiania
EPI_ISL_2187823	2021-02-26	2021-05-20	South America / Brazil / Goias / Aparecida de Goiania
EPI_ISL_2187822	2021-02-26	2021-05-20	South America / Brazil / Goias / Aparecida de Goiania
EPI_ISL_2187821	2021-02-25	2021-05-20	South America / Brazil / Goias / Aparecida de Goiania
EPI_ISL_1445271	2021-02-23	2021-04-01	South America / Brazil / Sao Paulo / Bertioga
EPI_ISL_2187894	2021-03-16	2021-05-20	South America / Brazil / Goias / Aparecida de Goiania
EPI_ISL_2187893	2021-03-16	2021-05-20	South America / Brazil / Goias / Aparecida de Goiania
EPI_ISL_2187892	2021-03-16	2021-05-20	South America / Brazil / Goias / Aparecida de Goiania
EPI_ISL_2187891	2021-03-16	2021-05-20	South America / Brazil / Goias / Aparecida de Goiania
EPI_ISL_2187890	2021-03-16	2021-05-20	South America / Brazil / Goias / Aparecida de Goiania
EPI_ISL_2187899	2021-03-16	2021-05-20	South America / Brazil / Goias / Aparecida de Goiania
EPI_ISL_2187898	2021-03-17	2021-05-20	South America / Brazil / Goias / Aparecida de Goiania
EPI_ISL_2187896	2021-03-16	2021-05-20	South America / Brazil / Goias / Aparecida de Goiania
EPI_ISL_2187895	2021-03-16	2021-05-20	South America / Brazil / Goias / Aparecida de Goiania
EPI_ISL_2187883	2021-03-15	2021-05-20	South America / Brazil / Goias / Aparecida de Goiania
EPI_ISL_2187881	2021-03-12	2021-05-20	South America / Brazil / Goias / Aparecida de Goiania
EPI_ISL_2187880	2021-03-11	2021-05-20	South America / Brazil / Goias / Aparecida de Goiania
EPI_ISL_2187888	2021-03-16	2021-05-20	South America / Brazil / Goias / Aparecida de Goiania
EPI_ISL_2187887	2021-03-15	2021-05-20	South America / Brazil / Goias / Aparecida de Goiania
EPI_ISL_2187885	2021-03-15	2021-05-20	South America / Brazil / Goias / Aparecida de Goiania
EPI_ISL_2187884	2021-03-15	2021-05-20	South America / Brazil / Goias / Aparecida de Goiania
EPI_ISL_2187871	2021-03-09	2021-05-20	South America / Brazil / Goias / Aparecida de Goiania
EPI_ISL_2187870	2021-03-09	2021-05-20	South America / Brazil / Goias / Aparecida de Goiania
EPI_ISL_2187878	2021-03-11	2021-05-20	South America / Brazil / Goias / Aparecida de Goiania
EPI_ISL_2187877	2021-02-26	2021-05-20	South America / Brazil / Goias / Aparecida de Goiania
EPI_ISL_2187876	2021-03-10	2021-05-20	South America / Brazil / Goias / Aparecida de Goiania
EPI_ISL_2187874	2021-03-10	2021-05-20	South America / Brazil / Goias / Aparecida de Goiania
EPI_ISL_2187873	2021-03-09	2021-05-20	South America / Brazil / Goias / Aparecida de Goiania
EPI_ISL_2187860	2021-03-08	2021-05-20	South America / Brazil / Goias / Aparecida de Goiania
EPI_ISL_2187869	2021-03-09	2021-05-20	South America / Brazil / Goias / Aparecida de Goiania
EPI_ISL_2187868	2021-03-09	2021-05-20	South America / Brazil / Goias / Aparecida de Goiania
EPI_ISL_2187867	2021-03-07	2021-05-20	South America / Brazil / Goias / Aparecida de Goiania
EPI_ISL_2187865	2021-03-08	2021-05-20	South America / Brazil / Goias / Aparecida de Goiania
EPI_ISL_2187864	2021-03-08	2021-05-20	South America / Brazil / Goias / Aparecida de Goiania
EPI_ISL_2187928	2021-03-31	2021-05-20	South America / Brazil / Goias / Aparecida de Goiania
EPI_ISL_2187926	2021-03-31	2021-05-20	South America / Brazil / Goias / Aparecida de Goiania
EPI_ISL_2187925	2021-03-31	2021-05-20	South America / Brazil / Goias / Aparecida de Goiania
EPI_ISL_2187932	2021-04-01	2021-05-20	South America / Brazil / Goias / Aparecida de Goiania
EPI_ISL_2187919	2021-03-30	2021-05-20	South America / Brazil / Goias / Aparecida de Goiania
EPI_ISL_1445103	2021-03-08	2021-04-01	South America / Brazil / Sao Paulo / Sumare
EPI_ISL_2187918	2021-03-30	2021-05-20	South America / Brazil / Goias / Aparecida de Goiania
EPI_ISL_2187916	2021-03-29	2021-05-20	South America / Brazil / Goias / Aparecida de Goiania
EPI_ISL_2187914	2021-03-29	2021-05-20	South America / Brazil / Goias / Aparecida de Goiania
EPI_ISL_2187924	2021-03-31	2021-05-20	South America / Brazil / Goias / Aparecida de Goiania
EPI_ISL_2187923	2021-03-31	2021-05-20	South America / Brazil / Goias / Aparecida de Goiania
EPI_ISL_2187922	2021-03-30	2021-05-20	South America / Brazil / Goias / Aparecida de Goiania
EPI_ISL_2187921	2021-03-30	2021-05-20	South America / Brazil / Goias / Aparecida de Goiania
EPI_ISL_2187920	2021-03-30	2021-05-20	South America / Brazil / Goias / Aparecida de Goiania
EPI_ISL_2187909	2021-03-19	2021-05-20	South America / Brazil / Goias / Aparecida de Goiania
EPI_ISL_2187908	2021-03-18	2021-05-20	South America / Brazil / Goias / Aparecida de Goiania
EPI_ISL_2187906	2021-03-18	2021-05-20	South America / Brazil / Goias / Aparecida de Goiania
EPI_ISL_2187905	2021-03-18	2021-05-20	South America / Brazil / Goias / Aparecida de Goiania
EPI_ISL_2187904	2021-03-17	2021-05-20	South America / Brazil / Goias / Aparecida de Goiania
EPI_ISL_2187903	2021-03-17	2021-05-20	South America / Brazil / Goias / Aparecida de Goiania
EPI_ISL_2187913	2021-03-29	2021-05-20	South America / Brazil / Goias / Aparecida de Goiania
EPI_ISL_2187912	2021-03-29	2021-05-20	South America / Brazil / Goias / Aparecida de Goiania
EPI_ISL_2187911	2021-03-29	2021-05-20	South America / Brazil / Goias / Aparecida de Goiania
EPI_ISL_2187910	2021-03-19	2021-05-20	South America / Brazil / Goias / Aparecida de Goiania
EPI_ISL_2187902	2021-03-17	2021-05-20	South America / Brazil / Goias / Aparecida de Goiania
EPI_ISL_2187901	2021-03-17	2021-05-20	South America / Brazil / Goias / Aparecida de Goiania
EPI_ISL_2187900	2021-03-17	2021-05-20	South America / Brazil / Goias / Aparecida de Goiania
EPI_ISL_2187969	2021-04-09	2021-05-20	South America / Brazil / Goias / Aparecida de Goiania
EPI_ISL_2187971	2021-04-09	2021-05-20	South America / Brazil / Goias / Aparecida de Goiania
EPI_ISL_2187979	2021-04-09	2021-05-20	South America / Brazil / Goias / Aparecida de Goiania
EPI_ISL_2187978	2021-04-09	2021-05-20	South America / Brazil / Goias / Aparecida de Goiania
EPI_ISL_2187977	2021-04-09	2021-05-20	South America / Brazil / Goias / Aparecida de Goiania
EPI_ISL_2187976	2021-04-09	2021-05-20	South America / Brazil / Goias / Aparecida de Goiania
EPI_ISL_2187975	2021-04-09	2021-05-20	South America / Brazil / Goias / Aparecida de Goiania
EPI_ISL_2187973	2021-04-09	2021-05-20	South America / Brazil / Goias / Aparecida de Goiania
EPI_ISL_2187972	2021-04-09	2021-05-20	South America / Brazil / Goias / Aparecida de Goiania
EPI_ISL_2187959	2021-04-07	2021-05-20	South America / Brazil / Goias / Aparecida de Goiania
EPI_ISL_2187958	2021-04-07	2021-05-20	South America / Brazil / Goias / Aparecida de Goiania
EPI_ISL_2187960	2021-04-07	2021-05-20	South America / Brazil / Goias / Aparecida de Goiania
EPI_ISL_2187968	2021-04-09	2021-05-20	South America / Brazil / Goias / Aparecida de Goiania
EPI_ISL_2187967	2021-04-09	2021-05-20	South America / Brazil / Goias / Aparecida de Goiania
EPI_ISL_2187966	2021-04-08	2021-05-20	South America / Brazil / Goias / Aparecida de Goiania
EPI_ISL_2187965	2021-04-08	2021-05-20	South America / Brazil / Goias / Aparecida de Goiania
EPI_ISL_2187964	2021-04-08	2021-05-20	South America / Brazil / Goias / Aparecida de Goiania
EPI_ISL_2187962	2021-04-08	2021-05-20	South America / Brazil / Goias / Aparecida de Goiania
EPI_ISL_2187961	2021-04-08	2021-05-20	South America / Brazil / Goias / Aparecida de Goiania
EPI_ISL_2187949	2021-04-05	2021-05-20	South America / Brazil / Goias / Aparecida de Goiania
EPI_ISL_2187948	2021-04-05	2021-05-20	South America / Brazil / Goias / Aparecida de Goiania
EPI_ISL_2187956	2021-04-07	2021-05-20	South America / Brazil / Goias / Aparecida de Goiania
EPI_ISL_2187955	2021-04-07	2021-05-20	South America / Brazil / Goias / Aparecida de Goiania
EPI_ISL_2187954	2021-04-06	2021-05-20	South America / Brazil / Goias / Aparecida de Goiania
EPI_ISL_2187953	2021-04-06	2021-05-20	South America / Brazil / Goias / Aparecida de Goiania
EPI_ISL_2187952	2021-04-06	2021-05-20	South America / Brazil / Goias / Aparecida de Goiania
EPI_ISL_2187950	2021-04-06	2021-05-20	South America / Brazil / Goias / Aparecida de Goiania
EPI_ISL_2187939	2021-04-01	2021-05-20	South America / Brazil / Goias / Aparecida de Goiania
EPI_ISL_2187938	2021-04-01	2021-05-20	South America / Brazil / Goias / Aparecida de Goiania
EPI_ISL_2187936	2021-04-01	2021-05-20	South America / Brazil / Goias / Aparecida de Goiania
EPI_ISL_2187944	2021-04-01	2021-05-20	South America / Brazil / Goias / Aparecida de Goiania
EPI_ISL_2187943	2021-04-01	2021-05-20	South America / Brazil / Goias / Aparecida de Goiania
EPI_ISL_2187942	2021-04-01	2021-05-20	South America / Brazil / Goias / Aparecida de Goiania
EPI_ISL_2187941	2021-04-01	2021-05-20	South America / Brazil / Goias / Aparecida de Goiania
EPI_ISL_2187940	2021-04-01	2021-05-20	South America / Brazil / Goias / Aparecida de Goiania
EPI_ISL_2187992	2021-05-03	2021-05-20	South America / Brazil / Goias / Aparecida de Goiania
EPI_ISL_2187991	2021-05-01	2021-05-20	South America / Brazil / Goias / Aparecida de Goiania
EPI_ISL_2187990	2021-04-28	2021-05-20	South America / Brazil / Goias / Aparecida de Goiania
EPI_ISL_2187999	2021-05-03	2021-05-20	South America / Brazil / Goias / Aparecida de Goiania
EPI_ISL_2187998	2021-05-03	2021-05-20	South America / Brazil / Goias / Aparecida de Goiania
EPI_ISL_2187997	2021-05-03	2021-05-20	South America / Brazil / Goias / Aparecida de Goiania
EPI_ISL_2187996	2021-05-03	2021-05-20	South America / Brazil / Goias / Aparecida de Goiania
EPI_ISL_2187994	2021-05-03	2021-05-20	South America / Brazil / Goias / Aparecida de Goiania
EPI_ISL_2187982	2021-04-12	2021-05-20	South America / Brazil / Goias / Aparecida de Goiania
EPI_ISL_2187981	2021-04-09	2021-05-20	South America / Brazil / Goias / Aparecida de Goiania
EPI_ISL_2187988	2021-04-27	2021-05-20	South America / Brazil / Goias / Aparecida de Goiania
EPI_ISL_2187987	2021-04-23	2021-05-20	South America / Brazil / Goias / Aparecida de Goiania
EPI_ISL_2187986	2021-04-23	2021-05-20	South America / Brazil / Goias / Aparecida de Goiania
EPI_ISL_2187985	2021-04-22	2021-05-20	South America / Brazil / Goias / Aparecida de Goiania
EPI_ISL_2187983	2021-04-13	2021-05-20	South America / Brazil / Goias / Aparecida de Goiania
EPI_ISL_1966712	2021-04-04	2021-05-08	South America / Brazil / Sao Paulo
EPI_ISL_1967267	2021-04-19	2021-05-08	South America / Brazil / Sao Paulo
EPI_ISL_2196206	2021-04-01	2021-05-21	South America / Brazil / Rio de Janeiro / Iguaba Grande
EPI_ISL_2196207	2021-04-06	2021-05-21	South America / Brazil / Rio de Janeiro / Iguaba Grande
EPI_ISL_2196200	2021-03-30	2021-05-21	South America / Brazil / Rio de Janeiro / Rio de Janeiro
EPI_ISL_2196201	2021-03-26	2021-05-21	South America / Brazil / Rio de Janeiro / Rio de Janeiro
EPI_ISL_2196203	2021-03-26	2021-05-21	South America / Brazil / Rio de Janeiro / Rio de Janeiro
EPI_ISL_2196295	2021-04-09	2021-05-21	South America / Brazil / Para / Augusto Correa
EPI_ISL_2196292	2021-04-06	2021-05-21	South America / Brazil / Para / Braganca
EPI_ISL_2196299	2021-04-08	2021-05-21	South America / Brazil / Para / Augusto Correa
EPI_ISL_2196290	2021-04-06	2021-05-21	South America / Brazil / Para / Braganca
EPI_ISL_2196249	2021-04-05	2021-05-21	South America / Brazil / Santa Catarina / Florianopolis
EPI_ISL_2196247	2021-04-01	2021-05-21	South America / Brazil / Santa Catarina / Joinville
EPI_ISL_2196230	2021-02-26	2021-05-21	South America / Brazil / Sergipe / Nossa Senhora da Gloria
EPI_ISL_2196231	2021-02-24	2021-05-21	South America / Brazil / Sergipe / Nossa Senhora do Socorro
EPI_ISL_2196237	2021-02-24	2021-05-21	South America / Brazil / Sergipe / Aracaju
EPI_ISL_2196233	2021-02-26	2021-05-21	South America / Brazil / Sergipe / Aracaju
EPI_ISL_2196235	2021-02-24	2021-05-21	South America / Brazil / Sergipe / Aracaju
EPI_ISL_2196220	2021-02-26	2021-05-21	South America / Brazil / Sergipe / Aracaju
EPI_ISL_2196226	2021-02-25	2021-05-21	South America / Brazil / Sergipe / Aracaju
EPI_ISL_2196227	2021-02-27	2021-05-21	South America / Brazil / Sergipe / Aracaju
EPI_ISL_2196225	2021-02-27	2021-05-21	South America / Brazil / Sergipe / Aracaju
EPI_ISL_2196219	2021-02-26	2021-05-21	South America / Brazil / Sergipe / Aracaju
EPI_ISL_2196210	2021-02-26	2021-05-21	South America / Brazil / Sergipe / Aracaju
EPI_ISL_2196216	2021-02-24	2021-05-21	South America / Brazil / Sergipe / Aracaju
EPI_ISL_2196217	2021-02-24	2021-05-21	South America / Brazil / Sergipe / Porto da Folha
EPI_ISL_2196211	2021-02-24	2021-05-21	South America / Brazil / Sergipe / Aracaju
EPI_ISL_2196212	2021-02-19	2021-05-21	South America / Brazil / Sergipe / Aracaju
EPI_ISL_2196214	2021-02-24	2021-05-21	South America / Brazil / Sergipe / Aracaju
EPI_ISL_2196208	2021-04-06	2021-05-21	South America / Brazil / Rio de Janeiro / Iguaba Grande
EPI_ISL_2196209	2021-04-06	2021-05-21	South America / Brazil / Rio de Janeiro / Iguaba Grande
EPI_ISL_2196284	2021-04-02	2021-05-21	South America / Brazil / Para / Tracuateua
EPI_ISL_2196285	2021-04-02	2021-05-21	South America / Brazil / Para / Tracuateua
EPI_ISL_2196286	2021-04-03	2021-05-21	South America / Brazil / Para / Tracuateua
EPI_ISL_2196287	2021-04-05	2021-05-21	South America / Brazil / Para / Viseu
EPI_ISL_2196280	2021-03-14	2021-05-21	South America / Brazil / Minas Gerais / Januaria
EPI_ISL_2196282	2021-04-02	2021-05-21	South America / Brazil / Para / Tracuateua
EPI_ISL_2196283	2021-04-02	2021-05-21	South America / Brazil / Para / Tracuateua
EPI_ISL_2196288	2021-04-04	2021-05-21	South America / Brazil / Para / Viseu
EPI_ISL_2196274	2021-03-12	2021-05-21	South America / Brazil / Minas Gerais / Mariana
EPI_ISL_2196271	2021-03-14	2021-05-21	South America / Brazil / Minas Gerais / Montes Claros
EPI_ISL_2196278	2021-03-27	2021-05-21	South America / Brazil / Minas Gerais / Belo Horizonte
EPI_ISL_2196262	2021-04-28	2021-05-21	South America / Brazil / Espirito Santo / Vitoria
EPI_ISL_2196264	2021-03-08	2021-05-21	South America / Brazil / Maranhao / Sao Luis
EPI_ISL_2196265	2021-02-26	2021-05-21	South America / Brazil / Maranhao / Sao Luis
EPI_ISL_2196260	2021-04-26	2021-05-21	South America / Brazil / Bahia / Salvador
EPI_ISL_2196261	2021-04-26	2021-05-21	South America / Brazil / Bahia / Itabuna
EPI_ISL_2196267	2021-03-16	2021-05-21	South America / Brazil / Maranhao / Sao Luis
EPI_ISL_2196269	2021-03-19	2021-05-21	South America / Brazil / Maranhao / Sao Luis
EPI_ISL_2196251	2021-04-30	2021-05-21	South America / Brazil / Rio de Janeiro / Rio de Janeiro
EPI_ISL_2196254	2021-03-05	2021-05-21	South America / Brazil / Santa Catarina / Florianopolis
EPI_ISL_2196259	2021-03-23	2021-05-21	South America / Brazil / Parana / Francisco Beltrao
EPI_ISL_2196256	2021-03-05	2021-05-21	South America / Brazil / Santa Catarina / Florianopolis
EPI_ISL_2196326	2021-04-14	2021-05-21	South America / Brazil / Rio de Janeiro / Iguaba Grande
EPI_ISL_2196328	2021-04-15	2021-05-21	South America / Brazil / Rio de Janeiro / Iguaba Grande
EPI_ISL_2196321	2021-04-05	2021-05-21	South America / Brazil / Rio de Janeiro / Nova Friburgo
EPI_ISL_2196322	2021-04-08	2021-05-21	South America / Brazil / Rio de Janeiro / Nova Friburgo
EPI_ISL_2196323	2021-02-23	2021-05-21	South America / Brazil / Rio de Janeiro / Niteroi
EPI_ISL_2196324	2021-04-16	2021-05-21	South America / Brazil / Rio de Janeiro / Niteroi
EPI_ISL_2196319	2021-04-06	2021-05-21	South America / Brazil / Rio de Janeiro / Nova Friburgo
EPI_ISL_2196314	2021-04-14	2021-05-21	South America / Brazil / Rio de Janeiro / Iguaba Grande
EPI_ISL_2196316	2021-04-15	2021-05-21	South America / Brazil / Rio de Janeiro / Iguaba Grande
EPI_ISL_2196317	2021-04-15	2021-05-21	South America / Brazil / Rio de Janeiro / Iguaba Grande
EPI_ISL_2196310	2021-03-29	2021-05-21	South America / Brazil / Parana / Candido de Abreu
EPI_ISL_2196313	2021-04-14	2021-05-21	South America / Brazil / Rio de Janeiro / Iguaba Grande
EPI_ISL_2196307	2021-03-29	2021-05-21	South America / Brazil / Parana / Bandeirantes
EPI_ISL_2196308	2021-04-01	2021-05-21	South America / Brazil / Parana / Bandeirantes
EPI_ISL_2196303	2021-04-12	2021-05-21	South America / Brazil / Para / Quatipuru
EPI_ISL_2196304	2021-04-20	2021-05-21	South America / Brazil / Para / Quatipuru
EPI_ISL_2196305	2021-04-20	2021-05-21	South America / Brazil / Para / Breves
EPI_ISL_2196306	2021-03-18	2021-05-21	South America / Brazil / Parana / Cornelio Procopio
EPI_ISL_2196300	2021-04-07	2021-05-21	South America / Brazil / Para / Braganca
EPI_ISL_2196301	2021-04-08	2021-05-21	South America / Brazil / Para / Braganca
EPI_ISL_2196302	2021-04-12	2021-05-21	South America / Brazil / Para / Quatipuru
EPI_ISL_2196350	2021-03-17	2021-05-21	South America / Brazil / Santa Catarina / Florianopolis
EPI_ISL_2196351	2021-04-05	2021-05-21	South America / Brazil / Sergipe / Tobias Barreto
EPI_ISL_2196353	2021-04-01	2021-05-21	South America / Brazil / Santa Catarina / Sao Francisco do Sul
EPI_ISL_2196358	2021-03-09	2021-05-21	South America / Brazil / Maranhao / Sao Luis
EPI_ISL_2196359	2021-03-28	2021-05-21	South America / Brazil / Santa Catarina / Brusque
EPI_ISL_2196355	2021-03-24	2021-05-21	South America / Brazil / Maranhao / Sao Luis
EPI_ISL_2196356	2021-04-14	2021-05-21	South America / Brazil / Rio de Janeiro / Iguaba Grande
EPI_ISL_2196340	2021-03-31	2021-05-21	South America / Brazil / Santa Catarina / Irineopolis
EPI_ISL_2196341	2021-03-29	2021-05-21	South America / Brazil / Santa Catarina / Rio Fortuna
EPI_ISL_2196342	2021-03-31	2021-05-21	South America / Brazil / Santa Catarina / Jaguaruna
EPI_ISL_2196348	2021-03-31	2021-05-21	South America / Brazil / Santa Catarina / Sao Bento do Sul
EPI_ISL_2196349	2021-03-30	2021-05-21	South America / Brazil / Santa Catarina / Tijucas
EPI_ISL_2196343	2021-04-02	2021-05-21	South America / Brazil / Santa Catarina / Joinville
EPI_ISL_2196344	2021-03-31	2021-05-21	South America / Brazil / Santa Catarina / Joinville
EPI_ISL_2196345	2021-04-04	2021-05-21	South America / Brazil / Santa Catarina / Balneario Camburiu
EPI_ISL_2196346	2021-03-31	2021-05-21	South America / Brazil / Santa Catarina / Porto Belo
EPI_ISL_2196330	2021-04-15	2021-05-21	South America / Brazil / Rio de Janeiro / Iguaba Grande
EPI_ISL_2196331	2021-04-15	2021-05-21	South America / Brazil / Rio de Janeiro / Iguaba Grande
EPI_ISL_2196336	2021-03-31	2021-05-21	South America / Brazil / Santa Catarina / Porto Belo
EPI_ISL_2196337	2021-03-31	2021-05-21	South America / Brazil / Santa Catarina / Sao Jose
EPI_ISL_2196339	2021-04-03	2021-05-21	South America / Brazil / Santa Catarina / Jaguaruna
EPI_ISL_2196333	2021-04-22	2021-05-21	South America / Brazil / Rio de Janeiro / Rio de Janeiro
EPI_ISL_2196335	2021-03-29	2021-05-21	South America / Brazil / Santa Catarina / Santa Rosa de Lima
EPI_ISL_1967240	2021-04-18	2021-05-08	South America / Brazil / Sao Paulo
EPI_ISL_2196196	2021-03-02	2021-05-21	South America / Brazil / Rio de Janeiro / Rio de Janeiro
EPI_ISL_2196197	2021-03-31	2021-05-21	South America / Brazil / Rio de Janeiro / Iguaba Grande
EPI_ISL_2196198	2021-03-31	2021-05-21	South America / Brazil / Rio de Janeiro / Iguaba Grande
EPI_ISL_2196199	2021-03-30	2021-05-21	South America / Brazil / Rio de Janeiro / Rio de Janeiro
EPI_ISL_2196194	2021-03-06	2021-05-21	South America / Brazil / Rio de Janeiro / Rio de Janeiro
EPI_ISL_2196190	2021-03-03	2021-05-21	South America / Brazil / Rio de Janeiro / Rio de Janeiro
EPI_ISL_2196191	2021-03-04	2021-05-21	South America / Brazil / Rio de Janeiro / Rio de Janeiro
EPI_ISL_2196185	2021-03-01	2021-05-21	South America / Brazil / Rio de Janeiro / Rio de Janeiro
EPI_ISL_2196186	2021-03-02	2021-05-21	South America / Brazil / Rio de Janeiro / Rio de Janeiro
EPI_ISL_2196189	2021-03-31	2021-05-21	South America / Brazil / Rio de Janeiro / Iguaba Grande
EPI_ISL_2209122	2021-04-09	2021-05-21	South America / Brazil / Sao Paulo
EPI_ISL_2209116	2021-03-31	2021-05-21	South America / Brazil / Sao Paulo
EPI_ISL_2209145	2021-04-09	2021-05-21	South America / Brazil / Sao Paulo
EPI_ISL_2209137	2021-04-09	2021-05-21	South America / Brazil / Sao Paulo
EPI_ISL_2209108	2021-04-23	2021-05-21	South America / Brazil / Sao Paulo
EPI_ISL_2209197	2021-04-28	2021-05-21	South America / Brazil / Sao Paulo
EPI_ISL_2209164	2021-04-21	2021-05-21	South America / Brazil / Sao Paulo
EPI_ISL_2209158	2021-04-11	2021-05-21	South America / Brazil / Sao Paulo
EPI_ISL_2209183	2021-04-12	2021-05-21	South America / Brazil / Sao Paulo
EPI_ISL_2209171	2021-04-20	2021-05-21	South America / Brazil / Sao Paulo
EPI_ISL_2209309	2021-04-26	2021-05-21	South America / Brazil / Sao Paulo
EPI_ISL_2209304	2021-04-26	2021-05-21	South America / Brazil / Sao Paulo
EPI_ISL_2209307	2021-04-27	2021-05-21	South America / Brazil / Sao Paulo
EPI_ISL_2208870	2021-05-05	2021-05-21	South America / Brazil / Sao Paulo
EPI_ISL_2208862	2021-05-04	2021-05-21	South America / Brazil / Sao Paulo
EPI_ISL_2208890	2021-04-28	2021-05-21	South America / Brazil / Sao Paulo
EPI_ISL_2208897	2021-05-02	2021-05-21	South America / Brazil / Sao Paulo
EPI_ISL_2208881	2021-04-20	2021-05-21	South America / Brazil / Sao Paulo
EPI_ISL_2209243	2021-04-23	2021-05-21	South America / Brazil / Sao Paulo
EPI_ISL_2209265	2021-04-08	2021-05-21	South America / Brazil / Sao Paulo
EPI_ISL_2209261	2021-04-08	2021-05-21	South America / Brazil / Sao Paulo
EPI_ISL_2209259	2021-04-09	2021-05-21	South America / Brazil / Sao Paulo
EPI_ISL_2209255	2021-04-09	2021-05-21	South America / Brazil / Sao Paulo
EPI_ISL_2209204	2021-03-29	2021-05-21	South America / Brazil / Sao Paulo
EPI_ISL_2209212	2021-04-13	2021-05-21	South America / Brazil / Sao Paulo
EPI_ISL_2209285	2021-04-21	2021-05-21	South America / Brazil / Sao Paulo
EPI_ISL_2209288	2021-04-26	2021-05-21	South America / Brazil / Sao Paulo
EPI_ISL_2209275	2021-04-12	2021-05-21	South America / Brazil / Sao Paulo
EPI_ISL_2209298	2021-04-12	2021-05-21	South America / Brazil / Sao Paulo
EPI_ISL_2209292	2021-04-29	2021-05-21	South America / Brazil / Sao Paulo
EPI_ISL_2208950	2021-03-30	2021-05-21	South America / Brazil / Sao Paulo
EPI_ISL_2208958	2021-04-26	2021-05-21	South America / Brazil / Sao Paulo
EPI_ISL_2208944	2021-05-03	2021-05-21	South America / Brazil / Sao Paulo
EPI_ISL_2208974	2021-05-04	2021-05-21	South America / Brazil / Sao Paulo
EPI_ISL_2208968	2021-04-26	2021-05-21	South America / Brazil / Sao Paulo
EPI_ISL_2208916	2021-04-29	2021-05-21	South America / Brazil / Sao Paulo
EPI_ISL_2208911	2021-04-29	2021-05-21	South America / Brazil / Sao Paulo
EPI_ISL_2208904	2021-04-12	2021-05-21	South America / Brazil / Sao Paulo
EPI_ISL_2208938	2021-05-05	2021-05-21	South America / Brazil / Sao Paulo
EPI_ISL_2208922	2021-04-25	2021-05-21	South America / Brazil / Sao Paulo
EPI_ISL_2209407	2021-04-27	2021-05-21	South America / Brazil / Sao Paulo
EPI_ISL_2209408	2021-03-30	2021-05-21	South America / Brazil / Sao Paulo
EPI_ISL_2209429	2021-03-31	2021-05-21	South America / Brazil / Sao Paulo
EPI_ISL_2208992	2021-05-05	2021-05-21	South America / Brazil / Sao Paulo
EPI_ISL_2208998	2021-03-29	2021-05-21	South America / Brazil / Sao Paulo
EPI_ISL_2208987	2021-04-12	2021-05-21	South America / Brazil / Sao Paulo
EPI_ISL_2209368	2021-05-04	2021-05-21	South America / Brazil / Sao Paulo
EPI_ISL_2209355	2021-05-06	2021-05-21	South America / Brazil / Sao Paulo
EPI_ISL_2209353	2021-05-04	2021-05-21	South America / Brazil / Sao Paulo
EPI_ISL_2209389	2021-04-25	2021-05-21	South America / Brazil / Sao Paulo
EPI_ISL_2209386	2021-04-25	2021-05-21	South America / Brazil / Sao Paulo
EPI_ISL_2209383	2021-04-25	2021-05-21	South America / Brazil / Sao Paulo
EPI_ISL_2209377	2021-04-25	2021-05-21	South America / Brazil / Sao Paulo
EPI_ISL_2209379	2021-04-19	2021-05-21	South America / Brazil / Sao Paulo
EPI_ISL_2209374	2021-05-03	2021-05-21	South America / Brazil / Sao Paulo
EPI_ISL_2209370	2021-05-05	2021-05-21	South America / Brazil / Sao Paulo
EPI_ISL_2209322	2021-04-26	2021-05-21	South America / Brazil / Sao Paulo
EPI_ISL_2209312	2021-04-27	2021-05-21	South America / Brazil / Sao Paulo
EPI_ISL_2209313	2021-04-21	2021-05-21	South America / Brazil / Sao Paulo
EPI_ISL_2209319	2021-04-09	2021-05-21	South America / Brazil / Sao Paulo
EPI_ISL_2209315	2021-04-22	2021-05-21	South America / Brazil / Sao Paulo
EPI_ISL_2209345	2021-04-04	2021-05-21	South America / Brazil / Sao Paulo
EPI_ISL_2209348	2021-04-28	2021-05-21	South America / Brazil / Sao Paulo
EPI_ISL_2209335	2021-04-25	2021-05-21	South America / Brazil / Sao Paulo
EPI_ISL_2209338	2021-04-04	2021-05-21	South America / Brazil / Sao Paulo
EPI_ISL_2209396	2021-04-19	2021-05-21	South America / Brazil / Sao Paulo
EPI_ISL_2209397	2021-04-22	2021-05-21	South America / Brazil / Sao Paulo
EPI_ISL_2209393	2021-04-25	2021-05-21	South America / Brazil / Sao Paulo
EPI_ISL_2209522	2021-04-16	2021-05-21	South America / Brazil / Sao Paulo
EPI_ISL_2209532	2021-05-03	2021-05-21	South America / Brazil / Sao Paulo
EPI_ISL_2209537	2021-04-13	2021-05-21	South America / Brazil / Sao Paulo
EPI_ISL_2209505	2021-04-09	2021-05-21	South America / Brazil / Sao Paulo
EPI_ISL_2209487	2021-03-29	2021-05-21	South America / Brazil / Sao Paulo
EPI_ISL_2209484	2021-03-28	2021-05-21	South America / Brazil / Sao Paulo
EPI_ISL_2209480	2021-03-29	2021-05-21	South America / Brazil / Sao Paulo
EPI_ISL_2209477	2021-03-29	2021-05-21	South America / Brazil / Sao Paulo
EPI_ISL_2209475	2021-03-30	2021-05-21	South America / Brazil / Sao Paulo
EPI_ISL_2209445	2021-04-12	2021-05-21	South America / Brazil / Sao Paulo
EPI_ISL_2209448	2021-04-09	2021-05-21	South America / Brazil / Sao Paulo
EPI_ISL_2209433	2021-03-30	2021-05-21	South America / Brazil / Sao Paulo
EPI_ISL_2209430	2021-03-30	2021-05-21	South America / Brazil / Sao Paulo
EPI_ISL_2209436	2021-04-20	2021-05-21	South America / Brazil / Sao Paulo
EPI_ISL_2209467	2021-04-04	2021-05-21	South America / Brazil / Sao Paulo
EPI_ISL_2209462	2021-04-14	2021-05-21	South America / Brazil / Sao Paulo
EPI_ISL_2209457	2021-04-14	2021-05-21	South America / Brazil / Sao Paulo
EPI_ISL_2209641	2021-03-30	2021-05-21	South America / Brazil / Sao Paulo
EPI_ISL_2209647	2021-03-30	2021-05-21	South America / Brazil / Sao Paulo
EPI_ISL_2209630	2021-04-21	2021-05-21	South America / Brazil / Sao Paulo
EPI_ISL_2209632	2021-03-30	2021-05-21	South America / Brazil / Sao Paulo
EPI_ISL_2209664	2021-04-28	2021-05-21	South America / Brazil / Sao Paulo
EPI_ISL_2209610	2021-04-09	2021-05-21	South America / Brazil / Sao Paulo
EPI_ISL_2209618	2021-05-06	2021-05-21	South America / Brazil / Sao Paulo
EPI_ISL_2209614	2021-04-26	2021-05-21	South America / Brazil / Sao Paulo
EPI_ISL_2209593	2021-05-04	2021-05-21	South America / Brazil / Sao Paulo
EPI_ISL_2209551	2021-03-28	2021-05-21	South America / Brazil / Sao Paulo
EPI_ISL_2209557	2021-03-28	2021-05-21	South America / Brazil / Sao Paulo
EPI_ISL_2209586	2021-05-03	2021-05-21	South America / Brazil / Sao Paulo
EPI_ISL_2209571	2021-05-03	2021-05-21	South America / Brazil / Sao Paulo
EPI_ISL_2209702	2021-05-07	2021-05-21	South America / Brazil / Sao Paulo
EPI_ISL_2209769	2021-04-12	2021-05-21	South America / Brazil / Sao Paulo
EPI_ISL_2209754	2021-05-03	2021-05-21	South America / Brazil / Sao Paulo
EPI_ISL_2209786	2021-03-28	2021-05-21	South America / Brazil / Sao Paulo
EPI_ISL_2209721	2021-04-28	2021-05-21	South America / Brazil / Sao Paulo
EPI_ISL_2209724	2021-04-12	2021-05-21	South America / Brazil / Sao Paulo
EPI_ISL_2209716	2021-04-30	2021-05-21	South America / Brazil / Sao Paulo
EPI_ISL_1967166	2021-04-09	2021-05-08	South America / Brazil / Sao Paulo
EPI_ISL_2209671	2021-05-02	2021-05-21	South America / Brazil / Sao Paulo
EPI_ISL_2209692	2021-04-13	2021-05-21	South America / Brazil / Sao Paulo
EPI_ISL_2209809	2021-03-28	2021-05-21	South America / Brazil / Sao Paulo
EPI_ISL_2209801	2021-03-28	2021-05-21	South America / Brazil / Sao Paulo
EPI_ISL_2209802	2021-03-28	2021-05-21	South America / Brazil / Sao Paulo
EPI_ISL_2209820	2021-03-28	2021-05-21	South America / Brazil / Sao Paulo
EPI_ISL_2209004	2021-04-22	2021-05-21	South America / Brazil / Sao Paulo
EPI_ISL_2209024	2021-04-25	2021-05-21	South America / Brazil / Sao Paulo
EPI_ISL_2209018	2021-04-21	2021-05-21	South America / Brazil / Sao Paulo
EPI_ISL_2209086	2021-04-28	2021-05-21	South America / Brazil / Sao Paulo
EPI_ISL_2209080	2021-03-31	2021-05-21	South America / Brazil / Sao Paulo
EPI_ISL_2209074	2021-04-12	2021-05-21	South America / Brazil / Sao Paulo
EPI_ISL_2209094	2021-04-26	2021-05-21	South America / Brazil / Sao Paulo
EPI_ISL_2209032	2021-04-22	2021-05-21	South America / Brazil / Sao Paulo
EPI_ISL_2210056	2021-04-12	2021-05-21	South America / Brazil / Sao Paulo
EPI_ISL_2209068	2021-04-28	2021-05-21	South America / Brazil / Sao Paulo
EPI_ISL_2209059	2021-04-12	2021-05-21	South America / Brazil / Sao Paulo
EPI_ISL_2209052	2021-05-03	2021-05-21	South America / Brazil / Sao Paulo
EPI_ISL_2210119	2021-05-05	2021-05-21	South America / Brazil / Sao Paulo
EPI_ISL_2210246	2021-04-27	2021-05-21	South America / Brazil / Sao Paulo
EPI_ISL_2210279	2021-05-05	2021-05-21	South America / Brazil / Sao Paulo
EPI_ISL_2210269	2021-04-14	2021-05-21	South America / Brazil / Sao Paulo
EPI_ISL_2210295	2021-04-04	2021-05-21	South America / Brazil / Sao Paulo
EPI_ISL_2210281	2021-04-15	2021-05-21	South America / Brazil / Sao Paulo
EPI_ISL_1967130	2021-04-07	2021-05-08	South America / Brazil / Sao Paulo
EPI_ISL_2209850	2021-04-27	2021-05-21	South America / Brazil / Sao Paulo
EPI_ISL_2209856	2021-04-09	2021-05-21	South America / Brazil / Sao Paulo
EPI_ISL_2209947	2021-04-13	2021-05-21	South America / Brazil / Sao Paulo
EPI_ISL_2209961	2021-05-03	2021-05-21	South America / Brazil / Sao Paulo
EPI_ISL_2209968	2021-05-05	2021-05-21	South America / Brazil / Sao Paulo
EPI_ISL_2209955	2021-04-13	2021-05-21	South America / Brazil / Sao Paulo
EPI_ISL_2209982	2021-04-12	2021-05-21	South America / Brazil / Sao Paulo
EPI_ISL_2210010	2021-03-30	2021-05-21	South America / Brazil / Sao Paulo
EPI_ISL_2210071	2021-03-28	2021-05-21	South America / Brazil / Sao Paulo
EPI_ISL_2210083	2021-04-22	2021-05-21	South America / Brazil / Sao Paulo
EPI_ISL_2210048	2021-04-12	2021-05-21	South America / Brazil / Sao Paulo
EPI_ISL_2223446	2021-04-06	2021-05-21	South America / Brazil / Sao Paulo / Sao Carlos
EPI_ISL_2223441	2021-04-05	2021-05-21	South America / Brazil / Sao Paulo / Sao Carlos
EPI_ISL_2222905	2021-05-10	2021-05-21	South America / Brazil / Goias / Aparecida de Goiania
EPI_ISL_2222908	2021-05-10	2021-05-21	South America / Brazil / Goias / Aparecida de Goiania
EPI_ISL_2222913	2021-05-10	2021-05-21	South America / Brazil / Goias / Aparecida de Goiania
EPI_ISL_2222911	2021-05-10	2021-05-21	South America / Brazil / Goias / Aparecida de Goiania
EPI_ISL_2222917	2021-05-12	2021-05-21	South America / Brazil / Goias / Aparecida de Goiania
EPI_ISL_2222916	2021-05-10	2021-05-21	South America / Brazil / Goias / Aparecida de Goiania
EPI_ISL_2222918	2021-05-08	2021-05-21	South America / Brazil / Goias / Aparecida de Goiania
EPI_ISL_2222885	2021-02-22	2021-05-21	South America / Brazil / Goias / Aparecida de Goiania
EPI_ISL_2222887	2021-02-23	2021-05-21	South America / Brazil / Goias / Aparecida de Goiania
EPI_ISL_2222898	2021-03-26	2021-05-21	South America / Brazil / Goias / Aparecida de Goiania
EPI_ISL_1967150	2021-04-05	2021-05-08	South America / Brazil / Sao Paulo
EPI_ISL_1967268	2021-04-18	2021-05-08	South America / Brazil / Sao Paulo
EPI_ISL_1967253	2021-04-19	2021-05-08	South America / Brazil / Sao Paulo
EPI_ISL_2227563	2021-03-15	2021-05-22	South America / Brazil / Goias / Aparecida de Goiania
EPI_ISL_2227562	2021-03-15	2021-05-22	South America / Brazil / Goias / Aparecida de Goiania
EPI_ISL_2227565	2021-05-10	2021-05-22	South America / Brazil / Goias / Aparecida de Goiania
EPI_ISL_2227564	2021-05-03	2021-05-22	South America / Brazil / Goias / Aparecida de Goiania
EPI_ISL_1967145	2021-04-08	2021-05-08	South America / Brazil / Sao Paulo
EPI_ISL_1967251	2021-04-22	2021-05-08	South America / Brazil / Sao Paulo
EPI_ISL_2233906	2020-12-21	2021-05-21	South America / Brazil / Amazonas / Manaus
EPI_ISL_2241319	2021-05-11	2021-05-24	South America / Brazil / Sao Paulo
EPI_ISL_2241322	2021-05-12	2021-05-24	South America / Brazil / Sao Paulo
EPI_ISL_2241323	2021-05-12	2021-05-24	South America / Brazil / Sao Paulo
EPI_ISL_2241324	2021-05-13	2021-05-24	South America / Brazil / Sao Paulo
EPI_ISL_2241326	2021-05-13	2021-05-24	South America / Brazil / Sao Paulo
EPI_ISL_2241317	2021-05-13	2021-05-24	South America / Brazil / Sao Paulo
EPI_ISL_2246285	2021-02-17	2021-05-24	South America / Brazil / Paraiba / Joao Pessoa
EPI_ISL_2246286	2021-02-22	2021-05-24	South America / Brazil / Sergipe / Aracaju
EPI_ISL_2241496	2020-10-01	2021-05-24	South America / Brazil / Paraiba / Ingá
EPI_ISL_2241542	2021-02-10	2021-05-24	South America / Brazil / Rondonia / Porto Velho
EPI_ISL_2241545	2021-02-03	2021-05-24	South America / Brazil / Rio Grande do Norte / Parnamirim
EPI_ISL_2241547	2021-02-10	2021-05-24	South America / Brazil / Amapa / Macapa
EPI_ISL_2241549	2021-02-23	2021-05-24	South America / Brazil / Rio Grande do Norte / Parnamirim
EPI_ISL_2241531	2021-02-05	2021-05-24	South America / Brazil / Pernambuco / Recife
EPI_ISL_2241532	2021-01-26	2021-05-24	South America / Brazil / Amazonas / Manaus
EPI_ISL_2241536	2021-02-04	2021-05-24	South America / Brazil / Pernambuco / Petrolina
EPI_ISL_2241507	2021-01-24	2021-05-24	South America / Brazil / Rio Grande do Norte / Parnamirim
EPI_ISL_2241500	2021-02-09	2021-05-24	South America / Brazil / Piaui / Pedreiras
EPI_ISL_2241503	2021-01-25	2021-05-24	South America / Brazil / Rio Grande do Norte / Caicó
EPI_ISL_2245082	2021-02-20	2021-05-24	South America / Brazil / Ceara / Fortaleza
EPI_ISL_2245080	2021-02-20	2021-05-24	South America / Brazil / Ceara / Fortaleza
EPI_ISL_2245089	2021-02-19	2021-05-24	South America / Brazil / Para / Belém
EPI_ISL_2241590	2021-02-22	2021-05-24	South America / Brazil / Sergipe / Aracaju
EPI_ISL_2241581	2021-02-22	2021-05-24	South America / Brazil / Paraiba / Joao Pessoa
EPI_ISL_2241586	2021-03-01	2021-05-24	South America / Brazil / Paraiba / Cajazeiras
EPI_ISL_2241587	2021-02-22	2021-05-24	South America / Brazil / Sergipe / Nossa Senhora do Socorro
EPI_ISL_2241588	2021-02-19	2021-05-24	South America / Brazil / Paraiba / Santa Rita
EPI_ISL_2241589	2021-02-22	2021-05-24	South America / Brazil / Sergipe / Aracaju
EPI_ISL_2241575	2021-03-10	2021-05-24	South America / Brazil / Piaui / Teresina
EPI_ISL_2241576	2021-03-01	2021-05-24	South America / Brazil / Paraiba / Patos
EPI_ISL_2241578	2021-02-22	2021-05-24	South America / Brazil / Sergipe / Aracaju
EPI_ISL_2241579	2021-02-22	2021-05-24	South America / Brazil / Sergipe / Aracaju
EPI_ISL_2241550	2021-02-03	2021-05-24	South America / Brazil / Rio Grande do Norte / Parnamirim
EPI_ISL_2241554	2021-02-09	2021-05-24	South America / Brazil / Piaui / Teresina
EPI_ISL_2241555	2021-02-22	2021-05-24	South America / Brazil / Sergipe / Aracaju
EPI_ISL_2241559	2021-03-01	2021-05-24	South America / Brazil / Paraiba / Patos
EPI_ISL_2245062	2021-01-30	2021-05-24	South America / Brazil / Acre / Rodrigues Alves
EPI_ISL_2241605	2021-01-26	2021-05-24	South America / Brazil / Amazonas / Manaus
EPI_ISL_2241608	2021-01-24	2021-05-24	South America / Brazil / Rio Grande do Norte / Parnamirim
EPI_ISL_2241602	2021-02-22	2021-05-24	South America / Brazil / Sergipe / Aracaju
EPI_ISL_2245108	2021-02-15	2021-05-24	South America / Brazil / Roraima / Boa Vista
EPI_ISL_2245109	2021-01-29	2021-05-24	South America / Brazil / Roraima / Boa Vista
EPI_ISL_2245107	2021-02-07	2021-05-24	South America / Brazil / Roraima / Boa Vista
EPI_ISL_2245180	2021-01-18	2021-05-24	South America / Brazil / Goias / Goiania
EPI_ISL_2245184	2021-02-09	2021-05-24	South America / Brazil / Sao Paulo / Araraquara
EPI_ISL_2245182	2021-01-29	2021-05-24	South America / Brazil / Sao Paulo / Jaú
EPI_ISL_2245177	2021-01-18	2021-05-24	South America / Brazil / Goias / Aparecida de Goiania
EPI_ISL_2245178	2021-01-18	2021-05-24	South America / Brazil / Goias / Aparecida de Goiania
EPI_ISL_2245179	2021-01-15	2021-05-24	South America / Brazil / Sao Paulo / São Paulo
EPI_ISL_2245111	2021-01-28	2021-05-24	South America / Brazil / Roraima / Boa Vista
EPI_ISL_2245112	2021-02-08	2021-05-24	South America / Brazil / Roraima / Bonfim
EPI_ISL_2245110	2021-02-01	2021-05-24	South America / Brazil / Roraima / Boa Vista
EPI_ISL_2245113	2021-02-08	2021-05-24	South America / Brazil / Roraima / Bonfim
EPI_ISL_2248782	2021-02-08	2021-05-24	South America / Brazil / Para / Juruti
EPI_ISL_2248783	2021-02-16	2021-05-24	South America / Brazil / Para / Moju
EPI_ISL_2248766	2021-01-28	2021-05-24	South America / Brazil / Para / Belém
EPI_ISL_2248763	2021-01-14	2021-05-24	South America / Brazil / Para / Óbidos
EPI_ISL_2249385	2021-02-21	2021-05-25	South America / Brazil / Rio Grande do Sul / Sao Carlos
EPI_ISL_2249373	2021-02-14	2021-05-25	South America / Brazil / Rio Grande do Sul / Caxias do Sul
EPI_ISL_2249370	2021-02-24	2021-05-25	South America / Brazil / Rio Grande do Sul / Taquara
EPI_ISL_2249365	2021-02-19	2021-05-25	South America / Brazil / Rio Grande do Sul / Porto Alegre
EPI_ISL_2249361	2021-02-20	2021-05-25	South America / Brazil / Rio Grande do Sul / Santa Vitoria do Palmar
EPI_ISL_2249366	2021-02-25	2021-05-25	South America / Brazil / Rio Grande do Sul / Lajeado
EPI_ISL_2249368	2021-02-26	2021-05-25	South America / Brazil / Rio Grande do Sul / Alegrete
EPI_ISL_2249369	2021-01-26	2021-05-25	South America / Brazil / Rio Grande do Sul / Canoas
EPI_ISL_2249357	2021-02-24	2021-05-25	South America / Brazil / Rio Grande do Sul / Porto Alegre
EPI_ISL_2249358	2021-02-26	2021-05-25	South America / Brazil / Rio Grande do Sul / Tramandai
EPI_ISL_2249395	2021-03-04	2021-05-25	South America / Brazil / Santa Catarina / Sao Francisco do Sul
EPI_ISL_2249398	2021-02-08	2021-05-25	South America / Brazil / Santa Catarina / Palhoca
EPI_ISL_2249392	2021-02-25	2021-05-25	South America / Brazil / Santa Catarina / Ararangua
EPI_ISL_2249393	2021-02-27	2021-05-25	South America / Brazil / Santa Catarina / Florianopolis
EPI_ISL_2249394	2021-02-26	2021-05-25	South America / Brazil / Santa Catarina / Brusque
EPI_ISL_1967197	2021-04-08	2021-05-08	South America / Brazil / Sao Paulo
EPI_ISL_2249450	2021-02-03	2021-05-25	South America / Brazil / Parana / Ponta Grossa
EPI_ISL_2249454	2021-02-18	2021-05-25	South America / Brazil / Parana / Apucarana
EPI_ISL_2249455	2021-02-18	2021-05-25	South America / Brazil / Parana / Ibaiti
EPI_ISL_2249440	2020-11-18	2021-05-25	South America / Brazil / Rio de Janeiro / Volta Redonda
EPI_ISL_2249441	2021-03-08	2021-05-25	South America / Brazil / Rio de Janeiro / Resende
EPI_ISL_2249443	2021-03-06	2021-05-25	South America / Brazil / Rio de Janeiro / Valenca
EPI_ISL_2249444	2020-11-18	2021-05-25	South America / Brazil / Rio de Janeiro / Tres Rios
EPI_ISL_2249445	2021-01-09	2021-05-25	South America / Brazil / Rio de Janeiro / Volta Redonda
EPI_ISL_2249437	2021-02-16	2021-05-25	South America / Brazil / Minas Gerais / Unai
EPI_ISL_2249438	2021-02-23	2021-05-25	South America / Brazil / Minas Gerais / Montes Claros
EPI_ISL_2249439	2021-02-22	2021-05-25	South America / Brazil / Minas Gerais / Pocos de Caldas
EPI_ISL_2249429	2021-02-27	2021-05-25	South America / Brazil / Rio de Janeiro / Areal
EPI_ISL_2249403	2021-02-18	2021-05-25	South America / Brazil / Santa Catarina / Sao Jose
EPI_ISL_2249402	2021-02-21	2021-05-25	South America / Brazil / Santa Catarina / Palhoca
EPI_ISL_1967176	2021-04-09	2021-05-08	South America / Brazil / Sao Paulo
EPI_ISL_1967162	2021-04-07	2021-05-08	South America / Brazil / Sao Paulo
EPI_ISL_1967195	2021-04-08	2021-05-08	South America / Brazil / Sao Paulo
EPI_ISL_1967305	2021-04-18	2021-05-08	South America / Brazil / Sao Paulo
EPI_ISL_1293053	2021-01-18	2021-03-19	South America / Brazil / Rondonia / Porto Velho
EPI_ISL_1967209	2021-04-20	2021-05-08	South America / Brazil / Sao Paulo
EPI_ISL_1967233	2021-04-22	2021-05-08	South America / Brazil / Sao Paulo
EPI_ISL_1967228	2021-04-22	2021-05-08	South America / Brazil / Sao Paulo
EPI_ISL_1967202	2021-04-19	2021-05-08	South America / Brazil / Sao Paulo
EPI_ISL_1967220	2021-04-19	2021-05-08	South America / Brazil / Sao Paulo
EPI_ISL_1967229	2021-04-22	2021-05-08	South America / Brazil / Sao Paulo
EPI_ISL_2274048	2021-04-11	2021-05-25	South America / Brazil / Alagoas / Maceio
EPI_ISL_2274049	2021-04-17	2021-05-25	South America / Brazil / Alagoas / Maceio
EPI_ISL_2274043	2021-04-14	2021-05-25	South America / Brazil / Alagoas / Capela
EPI_ISL_2274044	2021-04-19	2021-05-25	South America / Brazil / Alagoas / Cha Preta
EPI_ISL_2274045	2021-04-08	2021-05-25	South America / Brazil / Alagoas / Delmiro Gouveia
EPI_ISL_2274046	2021-04-05	2021-05-25	South America / Brazil / Alagoas / Flexeiras
EPI_ISL_2274041	2021-04-07	2021-05-25	South America / Brazil / Alagoas / Anadia
EPI_ISL_2274042	2021-04-13	2021-05-25	South America / Brazil / Alagoas / Capela
EPI_ISL_2274058	2021-03-27	2021-05-25	South America / Brazil / Alagoas / Maceio
EPI_ISL_2274059	2021-04-08	2021-05-25	South America / Brazil / Alagoas / Maceio
EPI_ISL_2274055	2021-04-02	2021-05-25	South America / Brazil / Alagoas / Maceio
EPI_ISL_2274056	2021-03-29	2021-05-25	South America / Brazil / Alagoas / Maceio
EPI_ISL_2274057	2021-04-18	2021-05-25	South America / Brazil / Alagoas / Maceio
EPI_ISL_2274050	2021-04-18	2021-05-25	South America / Brazil / Alagoas / Maceio
EPI_ISL_2274051	2021-04-18	2021-05-25	South America / Brazil / Alagoas / Maceio
EPI_ISL_2274052	2021-03-28	2021-05-25	South America / Brazil / Alagoas / Maceio
EPI_ISL_2274053	2021-04-03	2021-05-25	South America / Brazil / Alagoas / Maceio
EPI_ISL_2274106	2021-03-15	2021-05-25	South America / Brazil / Rio de Janeiro / Rio de Janeiro
EPI_ISL_2274107	2021-03-15	2021-05-25	South America / Brazil / Rio de Janeiro / Rio de Janeiro
EPI_ISL_2274108	2021-03-30	2021-05-25	South America / Brazil / Rio Grande do Sul / Acegua
EPI_ISL_2274109	2021-04-01	2021-05-25	South America / Brazil / Rio Grande do Sul / Bento Goncalves
EPI_ISL_2274103	2021-03-08	2021-05-25	South America / Brazil / Rio de Janeiro / Rio de Janeiro
EPI_ISL_2274104	2021-03-09	2021-05-25	South America / Brazil / Rio de Janeiro / Rio de Janeiro
EPI_ISL_2274105	2021-03-09	2021-05-25	South America / Brazil / Rio de Janeiro / Rio de Janeiro
EPI_ISL_2274100	2021-03-07	2021-05-25	South America / Brazil / Rio de Janeiro / Rio de Janeiro
EPI_ISL_2274117	2021-04-09	2021-05-25	South America / Brazil / Rio Grande do Sul / Ijui
EPI_ISL_2274118	2021-03-31	2021-05-25	South America / Brazil / Rio Grande do Sul / Ijui
EPI_ISL_2274119	2021-03-11	2021-05-25	South America / Brazil / Rio Grande do Sul / Lajeado
EPI_ISL_2274113	2021-03-30	2021-05-25	South America / Brazil / Rio Grande do Sul / Caxias do Sul
EPI_ISL_2274114	2021-03-19	2021-05-25	South America / Brazil / Rio Grande do Sul / Condor
EPI_ISL_1967001	2021-04-09	2021-05-08	South America / Brazil / Sao Paulo
EPI_ISL_2274115	2021-04-09	2021-05-25	South America / Brazil / Rio Grande do Sul / Cruz Alta
EPI_ISL_2274116	2021-03-21	2021-05-25	South America / Brazil / Rio Grande do Sul / dom Pedrito
EPI_ISL_1967100	2021-04-08	2021-05-08	South America / Brazil / Sao Paulo
EPI_ISL_2274110	2021-03-19	2021-05-25	South America / Brazil / Rio Grande do Sul / Cachoeira do Sul
EPI_ISL_2274111	2021-03-25	2021-05-25	South America / Brazil / Rio Grande do Sul / Cachoeira do Sul
EPI_ISL_2274112	2021-03-24	2021-05-25	South America / Brazil / Rio Grande do Sul / Canoas
EPI_ISL_2274128	2021-04-08	2021-05-25	South America / Brazil / Rio Grande do Sul / Selbach
EPI_ISL_2274124	2021-03-17	2021-05-25	South America / Brazil / Rio Grande do Sul / Porto Alegre
EPI_ISL_2274126	2021-03-27	2021-05-25	South America / Brazil / Rio Grande do Sul / Santo Antonio da Patrulha
EPI_ISL_2274127	2021-04-05	2021-05-25	South America / Brazil / Rio Grande do Sul / Sao Jose dos Ausentes
EPI_ISL_2274120	2021-03-16	2021-05-25	South America / Brazil / Rio Grande do Sul / Lajeado
EPI_ISL_2274122	2021-03-04	2021-05-25	South America / Brazil / Rio Grande do Sul / Nonoai
EPI_ISL_2274123	2021-04-05	2021-05-25	South America / Brazil / Rio Grande do Sul / Pelotas
EPI_ISL_2274135	2021-03-08	2021-05-25	South America / Brazil / Santa Catarina / Chapeco
EPI_ISL_2274136	2021-03-10	2021-05-25	South America / Brazil / Santa Catarina / Chapeco
EPI_ISL_2274137	2021-03-09	2021-05-25	South America / Brazil / Santa Catarina / Chapeco
EPI_ISL_2274138	2021-03-09	2021-05-25	South America / Brazil / Santa Catarina / Jaragua do Sul
EPI_ISL_2274134	2021-04-06	2021-05-25	South America / Brazil / Santa Catarina / Chapeco
EPI_ISL_2274130	2021-03-26	2021-05-25	South America / Brazil / Rio Grande do Sul / Uruguaiana
EPI_ISL_1967000	2021-04-08	2021-05-08	South America / Brazil / Sao Paulo
EPI_ISL_1967225	2021-04-19	2021-05-08	South America / Brazil / Sao Paulo
EPI_ISL_2274060	2021-04-11	2021-05-25	South America / Brazil / Alagoas / Maceio
EPI_ISL_2274065	2021-04-19	2021-05-25	South America / Brazil / Alagoas / Palmeira dos Indios
EPI_ISL_2274066	2021-04-04	2021-05-25	South America / Brazil / Alagoas / Palmeira dos Indios
EPI_ISL_2274067	2021-03-31	2021-05-25	South America / Brazil / Alagoas / Santana do Ipanema
EPI_ISL_2274068	2021-03-29	2021-05-25	South America / Brazil / Alagoas / Santana do Ipanema
EPI_ISL_2274062	2021-03-02	2021-05-25	South America / Brazil / Alagoas / Maceio
EPI_ISL_2274063	2021-04-09	2021-05-25	South America / Brazil / Alagoas / Palmeira dos Indios
EPI_ISL_2274064	2021-04-04	2021-05-25	South America / Brazil / Alagoas / Palmeira dos Indios
EPI_ISL_2274070	2021-04-19	2021-05-25	South America / Brazil / Alagoas / Sao Sebastiao
EPI_ISL_2274071	2021-04-20	2021-05-25	South America / Brazil / Alagoas / Uniao dos Palmares
EPI_ISL_2274076	2021-03-25	2021-05-25	South America / Brazil / Maranhao / Sao Luis
EPI_ISL_2274077	2021-03-09	2021-05-25	South America / Brazil / Maranhao / Sao Luis
EPI_ISL_2274079	2021-03-19	2021-05-25	South America / Brazil / Maranhao / Sao Luis
EPI_ISL_2274073	2021-05-03	2021-05-25	South America / Brazil / Bahia / Itapicuru
EPI_ISL_2274074	2021-05-03	2021-05-25	South America / Brazil / Bahia / Jandaira
EPI_ISL_2274075	2021-05-11	2021-05-25	South America / Brazil / Bahia / Satiro Dias
EPI_ISL_2274080	2021-03-05	2021-05-25	South America / Brazil / Maranhao / Sao Luis
EPI_ISL_2274082	2021-03-02	2021-05-25	South America / Brazil / Maranhao / Sao Luis
EPI_ISL_2274087	2021-03-01	2021-05-25	South America / Brazil / Maranhao / Sao Luis
EPI_ISL_2274083	2021-03-12	2021-05-25	South America / Brazil / Maranhao / Sao Luis
EPI_ISL_2274086	2021-03-20	2021-05-25	South America / Brazil / Maranhao / Sao Luis
EPI_ISL_2274090	2021-03-10	2021-05-25	South America / Brazil / Maranhao / Sao Luis
EPI_ISL_2274092	2021-02-08	2021-05-25	South America / Brazil / Paraiba / Conde
EPI_ISL_2274093	2021-03-02	2021-05-25	South America / Brazil / Paraiba / Joao Pessoa
EPI_ISL_2274098	2021-04-20	2021-05-25	South America / Brazil / Rio de Janeiro / Iguaba Grande
EPI_ISL_2274099	2021-04-14	2021-05-25	South America / Brazil / Rio de Janeiro / Iguaba Grande
EPI_ISL_2274094	2021-03-01	2021-05-25	South America / Brazil / Parana / Francisco Beltrao
EPI_ISL_2274095	2021-03-11	2021-05-25	South America / Brazil / Parana / Ponta Grossa
EPI_ISL_2274096	2021-04-07	2021-05-25	South America / Brazil / Parana / Renascenca
EPI_ISL_2274097	2021-03-09	2021-05-25	South America / Brazil / Rio de Janeiro / Duque de Caxias
EPI_ISL_2241541	2021-01-20	2021-05-24	South America / Brazil / Sergipe / Aracaju
EPI_ISL_2295405	2021-04-14	2021-05-27	South America / Brazil / Sao Paulo / Porto Ferreira
EPI_ISL_2295404	2021-04-14	2021-05-27	South America / Brazil / Sao Paulo / Porto Ferreira
EPI_ISL_1358293	2021-02-11	2021-03-25	South America / Brazil / Sao Paulo / Diadema
EPI_ISL_1358318	2021-02-27	2021-03-25	South America / Brazil / Sao Paulo / Sao Paulo
EPI_ISL_2292999	2021-03-10	2021-05-27	South America / Brazil / Santa Catarina / Balneario Camburiu
EPI_ISL_2295399	2021-04-08	2021-05-27	South America / Brazil / Sao Paulo / Porto Ferreira
EPI_ISL_2295398	2021-04-08	2021-05-27	South America / Brazil / Sao Paulo / Porto Ferreira
EPI_ISL_2295395	2021-04-06	2021-05-27	South America / Brazil / Sao Paulo / Porto Ferreira
EPI_ISL_2295397	2021-04-08	2021-05-27	South America / Brazil / Sao Paulo / Porto Ferreira
EPI_ISL_2295396	2021-04-08	2021-05-27	South America / Brazil / Sao Paulo / Porto Ferreira
EPI_ISL_2295388	2021-04-01	2021-05-27	South America / Brazil / Sao Paulo / Porto Ferreira
EPI_ISL_2295389	2021-04-01	2021-05-27	South America / Brazil / Sao Paulo / Porto Ferreira
EPI_ISL_2295439	2021-05-12	2021-05-27	South America / Brazil / Sao Paulo / Porto Ferreira
EPI_ISL_2295442	2021-05-13	2021-05-27	South America / Brazil / Sao Paulo / Porto Ferreira
EPI_ISL_2295445	2021-05-13	2021-05-27	South America / Brazil / Sao Paulo / Porto Ferreira
EPI_ISL_2295444	2021-05-13	2021-05-27	South America / Brazil / Sao Paulo / Porto Ferreira
EPI_ISL_2295447	2021-05-13	2021-05-27	South America / Brazil / Sao Paulo / Porto Ferreira
EPI_ISL_2295449	2021-05-13	2021-05-27	South America / Brazil / Sao Paulo / Porto Ferreira
EPI_ISL_2295440	2021-05-12	2021-05-27	South America / Brazil / Sao Paulo / Porto Ferreira
EPI_ISL_2295428	2021-05-11	2021-05-27	South America / Brazil / Sao Paulo / Porto Ferreira
EPI_ISL_2295432	2021-05-11	2021-05-27	South America / Brazil / Sao Paulo / Porto Ferreira
EPI_ISL_2295434	2021-05-11	2021-05-27	South America / Brazil / Sao Paulo / Porto Ferreira
EPI_ISL_2295436	2021-05-11	2021-05-27	South America / Brazil / Sao Paulo / Porto Ferreira
EPI_ISL_2295435	2021-05-11	2021-05-27	South America / Brazil / Sao Paulo / Porto Ferreira
EPI_ISL_2295438	2021-05-12	2021-05-27	South America / Brazil / Sao Paulo / Porto Ferreira
EPI_ISL_2295430	2021-05-11	2021-05-27	South America / Brazil / Sao Paulo / Porto Ferreira
EPI_ISL_2295450	2021-05-14	2021-05-27	South America / Brazil / Sao Paulo / Porto Ferreira
EPI_ISL_2295452	2021-05-14	2021-05-27	South America / Brazil / Sao Paulo / Porto Ferreira
EPI_ISL_2295451	2021-05-14	2021-05-27	South America / Brazil / Sao Paulo / Porto Ferreira
EPI_ISL_2295400	2021-04-12	2021-05-27	South America / Brazil / Sao Paulo / Porto Ferreira
EPI_ISL_2295403	2021-04-14	2021-05-27	South America / Brazil / Sao Paulo / Porto Ferreira
EPI_ISL_2295402	2021-04-12	2021-05-27	South America / Brazil / Sao Paulo / Porto Ferreira
EPI_ISL_2295418	2021-04-20	2021-05-27	South America / Brazil / Sao Paulo / Porto Ferreira
EPI_ISL_2295417	2021-04-20	2021-05-27	South America / Brazil / Sao Paulo / Porto Ferreira
EPI_ISL_2295419	2021-04-20	2021-05-27	South America / Brazil / Sao Paulo / Porto Ferreira
EPI_ISL_2295420	2021-04-22	2021-05-27	South America / Brazil / Sao Paulo / Porto Ferreira
EPI_ISL_2295423	2021-04-22	2021-05-27	South America / Brazil / Sao Paulo / Porto Ferreira
EPI_ISL_2295422	2021-04-22	2021-05-27	South America / Brazil / Sao Paulo / Porto Ferreira
EPI_ISL_2295425	2021-04-22	2021-05-27	South America / Brazil / Sao Paulo / Porto Ferreira
EPI_ISL_2295427	2021-04-26	2021-05-27	South America / Brazil / Sao Paulo / Porto Ferreira
EPI_ISL_2295426	2021-04-22	2021-05-27	South America / Brazil / Sao Paulo / Porto Ferreira
EPI_ISL_2295407	2021-04-14	2021-05-27	South America / Brazil / Sao Paulo / Porto Ferreira
EPI_ISL_2295406	2021-04-14	2021-05-27	South America / Brazil / Sao Paulo / Porto Ferreira
EPI_ISL_2295409	2021-04-14	2021-05-27	South America / Brazil / Sao Paulo / Porto Ferreira
EPI_ISL_2295408	2021-04-14	2021-05-27	South America / Brazil / Sao Paulo / Porto Ferreira
EPI_ISL_2295410	2021-04-16	2021-05-27	South America / Brazil / Sao Paulo / Porto Ferreira
EPI_ISL_2295414	2021-04-16	2021-05-27	South America / Brazil / Sao Paulo / Porto Ferreira
EPI_ISL_2295413	2021-04-16	2021-05-27	South America / Brazil / Sao Paulo / Porto Ferreira
EPI_ISL_2295416	2021-04-16	2021-05-27	South America / Brazil / Sao Paulo / Porto Ferreira
EPI_ISL_2295415	2021-04-16	2021-05-27	South America / Brazil / Sao Paulo / Porto Ferreira
EPI_ISL_2293022	2021-03-11	2021-05-27	South America / Brazil / Minas Gerais / Montes Claros
EPI_ISL_2293020	2021-03-08	2021-05-27	South America / Brazil / Minas Gerais / Varginha
EPI_ISL_2293021	2021-03-09	2021-05-27	South America / Brazil / Minas Gerais / Tres Marias
EPI_ISL_2293011	2021-02-17	2021-05-27	South America / Brazil / Espirito Santo / Viana
EPI_ISL_2293000	2021-03-21	2021-05-27	South America / Brazil / Santa Catarina / Balneario Camburiu
EPI_ISL_2293002	2021-03-20	2021-05-27	South America / Brazil / Santa Catarina / Florianopolis
EPI_ISL_2293003	2021-03-15	2021-05-27	South America / Brazil / Santa Catarina / Blumenau
EPI_ISL_2293004	2021-03-18	2021-05-27	South America / Brazil / Santa Catarina / Laguna
EPI_ISL_2293005	2021-02-14	2021-05-27	South America / Brazil / Santa Catarina / Laguna
EPI_ISL_2293006	2021-02-15	2021-05-27	South America / Brazil / Santa Catarina / Joinville
EPI_ISL_1967007	2021-04-06	2021-05-08	South America / Brazil / Sao Paulo
EPI_ISL_1966833	2021-04-08	2021-05-08	South America / Brazil / Sao Paulo
EPI_ISL_1966845	2021-04-07	2021-05-08	South America / Brazil / Sao Paulo
EPI_ISL_2298795	2021-01-21	2021-05-27	South America / Brazil / Amapa / Macapa
EPI_ISL_2298788	2021-02-25	2021-05-27	South America / Brazil / Roraima / Boa Vista
EPI_ISL_2298787	2021-02-23	2021-05-27	South America / Brazil / Para / Comcordia do Para
EPI_ISL_2298781	2021-02-25	2021-05-27	South America / Brazil / Ceara / Fortaleza
EPI_ISL_2298783	2021-02-22	2021-05-27	South America / Brazil / Para / Cameta
EPI_ISL_2298755	2021-01-25	2021-05-27	South America / Brazil / Maranhao / Sao Luis
EPI_ISL_2298754	2021-01-22	2021-05-27	South America / Brazil / Maranhao / Aracagy
EPI_ISL_2298758	2021-02-06	2021-05-27	South America / Brazil / Para / Belem
EPI_ISL_2298752	2021-01-07	2021-05-27	South America / Brazil / Maranhao / Sao Luis
EPI_ISL_2298779	2021-02-22	2021-05-27	South America / Brazil / Ceara / Fortaleza
EPI_ISL_2298770	2021-01-29	2021-05-27	South America / Brazil / Maranhao / Sao Jose de Ribamar
EPI_ISL_2298764	2021-02-02	2021-05-27	South America / Brazil / Roraima / Boa Vista
EPI_ISL_2298765	2021-02-01	2021-05-27	South America / Brazil / Roraima / Boa Vista
EPI_ISL_2298769	2021-01-28	2021-05-27	South America / Brazil / Roraima / Caraibe
EPI_ISL_2298762	2021-01-03	2021-05-27	South America / Brazil / Roraima / Boa Vista
EPI_ISL_2298828	2021-03-02	2021-05-27	South America / Brazil / Amapa / Vitoria do Jari
EPI_ISL_2298832	2021-03-05	2021-05-27	South America / Brazil / Amapa / Santana
EPI_ISL_2298830	2021-03-04	2021-05-27	South America / Brazil / Amapa / Macapa
EPI_ISL_2298834	2021-02-18	2021-05-27	South America / Brazil / Maranhao / Santa Luzia
EPI_ISL_2298819	2021-02-10	2021-05-27	South America / Brazil / Amapa / Laranjal do Jari
EPI_ISL_2298817	2021-02-13	2021-05-27	South America / Brazil / Amapa / Santana
EPI_ISL_2298821	2021-02-19	2021-05-27	South America / Brazil / Amapa / Macapa
EPI_ISL_2298824	2021-02-23	2021-05-27	South America / Brazil / Amapa / Santana
EPI_ISL_2298849	2021-03-03	2021-05-27	South America / Brazil / Roraima / Boa Vista
EPI_ISL_2298854	2021-01-08	2021-05-27	South America / Brazil / Amazonas / Manaus
EPI_ISL_2298852	2020-12-30	2021-05-27	South America / Brazil / Amazonas / Manaus
EPI_ISL_2298858	2021-01-15	2021-05-27	South America / Brazil / Amazonas / Manaus
EPI_ISL_2298856	2021-01-05	2021-05-27	South America / Brazil / Amazonas / Manaus
EPI_ISL_2298850	2020-12-30	2021-05-27	South America / Brazil / Amazonas / Manaus
EPI_ISL_2298844	2021-03-02	2021-05-27	South America / Brazil / Maranhao / Sao Jose de Ribamar
EPI_ISL_2298842	2021-03-02	2021-05-27	South America / Brazil / Maranhao / Governador Edson Lobao
EPI_ISL_2298847	2021-03-04	2021-05-27	South America / Brazil / Roraima / Boa Vista
EPI_ISL_2298845	2021-03-06	2021-05-27	South America / Brazil / Maranhao / Marica
EPI_ISL_2298840	2021-02-27	2021-05-27	South America / Brazil / Maranhao / Sao Luis
EPI_ISL_2298871	2020-12-25	2021-05-27	South America / Brazil / Amazonas / Manaus
EPI_ISL_2298863	2021-02-22	2021-05-27	South America / Brazil / Amazonas / Parintins
EPI_ISL_2298867	2020-12-26	2021-05-27	South America / Brazil / Amazonas / Manaus
EPI_ISL_2298861	2021-02-22	2021-05-27	South America / Brazil / Amazonas / Manaus
EPI_ISL_2298810	2021-03-06	2021-05-27	South America / Brazil / Para / Ananindeua
EPI_ISL_2298814	2021-03-06	2021-05-27	South America / Brazil / Para / Braganca
EPI_ISL_2298812	2021-03-05	2021-05-27	South America / Brazil / Para / Benevides
EPI_ISL_2298801	2021-01-30	2021-05-27	South America / Brazil / Amapa / Macapa
EPI_ISL_1966956	2021-04-08	2021-05-08	South America / Brazil / Sao Paulo
EPI_ISL_2308446	2021-03-28	2021-05-27	South America / Brazil / Pernambuco / Carnaiba
EPI_ISL_2308411	2021-02-28	2021-05-27	South America / Brazil / Sergipe / Aracaju
EPI_ISL_2308416	2021-03-31	2021-05-27	South America / Brazil / Pernambuco / Recife
EPI_ISL_2308475	2021-02-26	2021-05-27	South America / Brazil / Sergipe / Aracaju
EPI_ISL_2308476	2021-02-27	2021-05-27	South America / Brazil / Sergipe / Aracaju
EPI_ISL_2308477	2021-02-26	2021-05-27	South America / Brazil / Sergipe / Propria
EPI_ISL_2308464	2021-02-26	2021-05-27	South America / Brazil / Rio Grande do Norte / Joao Camara
EPI_ISL_1966963	2021-04-07	2021-05-08	South America / Brazil / Sao Paulo
EPI_ISL_1966840	2021-04-08	2021-05-08	South America / Brazil / Sao Paulo
EPI_ISL_1967026	2021-04-08	2021-05-08	South America / Brazil / Sao Paulo
EPI_ISL_1966846	2021-04-08	2021-05-08	South America / Brazil / Sao Paulo
EPI_ISL_1067736	2021-01-23	2021-02-24	South America / Brazil / Bahia
EPI_ISL_1966967	2021-04-05	2021-05-08	South America / Brazil / Sao Paulo
EPI_ISL_2308399	2021-02-26	2021-05-27	South America / Brazil / Rio Grande do Norte / Parnamirim
EPI_ISL_2308370	2021-03-09	2021-05-27	South America / Brazil / Santa Catarina / Capivari de Baixo
EPI_ISL_2308400	2021-02-21	2021-05-27	South America / Brazil / Alagoas / Maceio
EPI_ISL_2308402	2021-02-27	2021-05-27	South America / Brazil / Sergipe / Aracaju
EPI_ISL_2308404	2021-02-26	2021-05-27	South America / Brazil / Rio Grande do Norte / Parnamirim
EPI_ISL_2308407	2021-02-17	2021-05-27	South America / Brazil / Rio Grande do Norte / Caico
EPI_ISL_2308409	2021-02-26	2021-05-27	South America / Brazil / Sergipe / Aracaju
EPI_ISL_1966852	2021-04-05	2021-05-08	South America / Brazil / Sao Paulo
EPI_ISL_1967014	2021-04-07	2021-05-08	South America / Brazil / Sao Paulo
EPI_ISL_2308437	2021-02-27	2021-05-27	South America / Brazil / Sergipe / Aracaju
EPI_ISL_2308421	2021-02-19	2021-05-27	South America / Brazil / Alagoas / Maceio
EPI_ISL_2308424	2021-02-21	2021-05-27	South America / Brazil / Alagoas / Maceio
EPI_ISL_2308413	2021-02-26	2021-05-27	South America / Brazil / Sergipe / Aracaju
EPI_ISL_2308414	2021-02-26	2021-05-27	South America / Brazil / Sergipe / Aracaju
EPI_ISL_2308415	2021-02-27	2021-05-27	South America / Brazil / Sergipe / Aracaju
EPI_ISL_2308417	2021-02-26	2021-05-27	South America / Brazil / Sergipe / Aracaju
EPI_ISL_2308470	2021-02-26	2021-05-27	South America / Brazil / Sergipe / Aracaju
EPI_ISL_2308471	2021-02-26	2021-05-27	South America / Brazil / Sergipe / Aracaju
EPI_ISL_2308473	2021-02-26	2021-05-27	South America / Brazil / Sergipe / Aracaju
EPI_ISL_2308474	2021-02-26	2021-05-27	South America / Brazil / Sergipe / Aracaju
EPI_ISL_2308478	2021-02-27	2021-05-27	South America / Brazil / Sergipe / Aracaju
EPI_ISL_2308460	2021-02-26	2021-05-27	South America / Brazil / Rio Grande do Norte / Parnamirim
EPI_ISL_2308463	2021-01-31	2021-05-27	South America / Brazil / Alagoas / Maceio
EPI_ISL_2308465	2021-02-26	2021-05-27	South America / Brazil / Sergipe / Aracaju
EPI_ISL_2308466	2021-02-26	2021-05-27	South America / Brazil / Sergipe / Aracaju
EPI_ISL_2308467	2021-02-27	2021-05-27	South America / Brazil / Sergipe / Simao Dias
EPI_ISL_2308454	2021-02-28	2021-05-27	South America / Brazil / Sergipe / Aracaju
EPI_ISL_2308456	2021-02-26	2021-05-27	South America / Brazil / Sergipe / Aracaju
EPI_ISL_1966746	2021-04-14	2021-05-08	South America / Brazil / Sao Paulo
EPI_ISL_1381071	2021-03-12	2021-03-28	South America / Brazil / Sao Paulo / Sao Paulo
EPI_ISL_1381060	2021-02-10	2021-03-28	South America / Brazil / Sao Paulo / Sao Bernardo do Campo
EPI_ISL_1381052	2021-02-11	2021-03-28	South America / Brazil / Sao Paulo / Maua
EPI_ISL_1381070	2021-03-12	2021-03-28	South America / Brazil / Sao Paulo / Sao Paulo
EPI_ISL_1381068	2021-03-02	2021-03-28	South America / Brazil / Sao Paulo / Sao Paulo
EPI_ISL_2323139	2021-05-07	2021-05-28	South America / Brazil / Sao Paulo / Porto Ferreira
EPI_ISL_2323136	2021-05-06	2021-05-28	South America / Brazil / Sao Paulo / Porto Ferreira
EPI_ISL_2323130	2021-05-03	2021-05-28	South America / Brazil / Sao Paulo / Porto Ferreira
EPI_ISL_2323121	2021-04-27	2021-05-28	South America / Brazil / Sao Paulo / Porto Ferreira
EPI_ISL_2323128	2021-05-03	2021-05-28	South America / Brazil / Sao Paulo / Porto Ferreira
EPI_ISL_2323126	2021-04-30	2021-05-28	South America / Brazil / Sao Paulo / Porto Ferreira
EPI_ISL_2336150	2021-05-07	2021-05-29	South America / Brazil / Sao Paulo / Porto Ferreira
EPI_ISL_2345986	2021-04-06	2021-05-30	South America / Brazil / Sao Paulo
EPI_ISL_2344655	2021-04-16	2021-05-30	South America / Brazil / Sao Paulo
EPI_ISL_2221902	2021-02-18	2021-05-21	South America / Brazil / Pernambuco / Recife
EPI_ISL_2344654	2021-04-16	2021-05-30	South America / Brazil / Sao Paulo
EPI_ISL_2345985	2021-04-07	2021-05-30	South America / Brazil / Sao Paulo
EPI_ISL_1966645	2021-04-04	2021-05-08	South America / Brazil / Sao Paulo
EPI_ISL_2340842	2021-05-10	2021-05-30	South America / Brazil / Sao Paulo
EPI_ISL_1966472	2021-03-29	2021-05-08	South America / Brazil / Sao Paulo
EPI_ISL_2344653	2021-04-14	2021-05-30	South America / Brazil / Sao Paulo
EPI_ISL_2345984	2021-04-06	2021-05-30	South America / Brazil / Sao Paulo
EPI_ISL_2344652	2021-04-16	2021-05-30	South America / Brazil / Sao Paulo
EPI_ISL_2345983	2021-04-06	2021-05-30	South America / Brazil / Sao Paulo
EPI_ISL_2344651	2021-04-12	2021-05-30	South America / Brazil / Sao Paulo
EPI_ISL_2345982	2021-04-06	2021-05-30	South America / Brazil / Sao Paulo
EPI_ISL_2345981	2021-04-05	2021-05-30	South America / Brazil / Sao Paulo
EPI_ISL_2344650	2021-04-15	2021-05-30	South America / Brazil / Sao Paulo
EPI_ISL_2345980	2021-04-07	2021-05-30	South America / Brazil / Sao Paulo
EPI_ISL_2344659	2021-03-30	2021-05-30	South America / Brazil / Sao Paulo
EPI_ISL_2345989	2021-04-07	2021-05-30	South America / Brazil / Sao Paulo
EPI_ISL_2345988	2021-04-05	2021-05-30	South America / Brazil / Sao Paulo
EPI_ISL_2344657	2021-03-29	2021-05-30	South America / Brazil / Sao Paulo
EPI_ISL_2344656	2021-03-29	2021-05-30	South America / Brazil / Sao Paulo
EPI_ISL_2345987	2021-04-07	2021-05-30	South America / Brazil / Sao Paulo
EPI_ISL_2344666	2021-03-24	2021-05-30	South America / Brazil / Sao Paulo
EPI_ISL_2345997	2021-04-07	2021-05-30	South America / Brazil / Sao Paulo
EPI_ISL_2344665	2021-03-24	2021-05-30	South America / Brazil / Sao Paulo
EPI_ISL_2345996	2021-04-07	2021-05-30	South America / Brazil / Sao Paulo
EPI_ISL_2344664	2021-03-24	2021-05-30	South America / Brazil / Sao Paulo
EPI_ISL_2344663	2021-03-24	2021-05-30	South America / Brazil / Sao Paulo
EPI_ISL_2345993	2021-04-05	2021-05-30	South America / Brazil / Sao Paulo
EPI_ISL_2344662	2021-03-24	2021-05-30	South America / Brazil / Sao Paulo
EPI_ISL_2345992	2021-04-07	2021-05-30	South America / Brazil / Sao Paulo
EPI_ISL_2344660	2021-03-24	2021-05-30	South America / Brazil / Sao Paulo
EPI_ISL_2345991	2021-04-07	2021-05-30	South America / Brazil / Sao Paulo
EPI_ISL_2344669	2021-03-24	2021-05-30	South America / Brazil / Sao Paulo
EPI_ISL_2345999	2021-04-05	2021-05-30	South America / Brazil / Sao Paulo
EPI_ISL_2345998	2021-04-07	2021-05-30	South America / Brazil / Sao Paulo
EPI_ISL_2344667	2021-03-24	2021-05-30	South America / Brazil / Sao Paulo
EPI_ISL_2344675	2021-03-25	2021-05-30	South America / Brazil / Sao Paulo
EPI_ISL_2344672	2021-03-25	2021-05-30	South America / Brazil / Sao Paulo
EPI_ISL_2344670	2021-03-24	2021-05-30	South America / Brazil / Sao Paulo
EPI_ISL_2344679	2021-03-25	2021-05-30	South America / Brazil / Sao Paulo
EPI_ISL_2344678	2021-03-25	2021-05-30	South America / Brazil / Sao Paulo
EPI_ISL_2344688	2021-03-31	2021-05-30	South America / Brazil / Sao Paulo
EPI_ISL_2344685	2021-03-31	2021-05-30	South America / Brazil / Sao Paulo
EPI_ISL_2344684	2021-03-28	2021-05-30	South America / Brazil / Sao Paulo
EPI_ISL_2344683	2021-03-26	2021-05-30	South America / Brazil / Sao Paulo
EPI_ISL_2344682	2021-03-25	2021-05-30	South America / Brazil / Sao Paulo
EPI_ISL_2344681	2021-03-30	2021-05-30	South America / Brazil / Sao Paulo
EPI_ISL_2344689	2021-03-31	2021-05-30	South America / Brazil / Sao Paulo
EPI_ISL_2344680	2021-03-25	2021-05-30	South America / Brazil / Sao Paulo
EPI_ISL_2344611	2021-04-16	2021-05-30	South America / Brazil / Sao Paulo
EPI_ISL_2345942	2021-03-22	2021-05-30	South America / Brazil / Sao Paulo
EPI_ISL_2344610	2021-04-14	2021-05-30	South America / Brazil / Sao Paulo
EPI_ISL_2345941	2021-03-22	2021-05-30	South America / Brazil / Sao Paulo
EPI_ISL_2345940	2021-03-22	2021-05-30	South America / Brazil / Sao Paulo
EPI_ISL_2344619	2021-04-14	2021-05-30	South America / Brazil / Sao Paulo
EPI_ISL_2344618	2021-04-14	2021-05-30	South America / Brazil / Sao Paulo
EPI_ISL_2345949	2021-03-21	2021-05-30	South America / Brazil / Sao Paulo
EPI_ISL_2344617	2021-04-15	2021-05-30	South America / Brazil / Sao Paulo
EPI_ISL_2344616	2021-04-15	2021-05-30	South America / Brazil / Sao Paulo
EPI_ISL_2345947	2021-03-22	2021-05-30	South America / Brazil / Sao Paulo
EPI_ISL_2344615	2021-04-15	2021-05-30	South America / Brazil / Sao Paulo
EPI_ISL_2345946	2021-03-23	2021-05-30	South America / Brazil / Sao Paulo
EPI_ISL_2344614	2021-04-16	2021-05-30	South America / Brazil / Sao Paulo
EPI_ISL_2345945	2021-03-22	2021-05-30	South America / Brazil / Sao Paulo
EPI_ISL_2344613	2021-04-16	2021-05-30	South America / Brazil / Sao Paulo
EPI_ISL_2345944	2021-03-22	2021-05-30	South America / Brazil / Sao Paulo
EPI_ISL_2344612	2021-04-16	2021-05-30	South America / Brazil / Sao Paulo
EPI_ISL_2344609	2021-04-14	2021-05-30	South America / Brazil / Sao Paulo
EPI_ISL_2344622	2021-04-13	2021-05-30	South America / Brazil / Sao Paulo
EPI_ISL_2345953	2021-03-22	2021-05-30	South America / Brazil / Sao Paulo
EPI_ISL_2345952	2021-03-22	2021-05-30	South America / Brazil / Sao Paulo
EPI_ISL_2344620	2021-04-16	2021-05-30	South America / Brazil / Sao Paulo
EPI_ISL_2344629	2021-04-15	2021-05-30	South America / Brazil / Sao Paulo
EPI_ISL_2345959	2021-04-05	2021-05-30	South America / Brazil / Sao Paulo
EPI_ISL_2344628	2021-04-16	2021-05-30	South America / Brazil / Sao Paulo
EPI_ISL_2345958	2021-03-22	2021-05-30	South America / Brazil / Sao Paulo
EPI_ISL_2344627	2021-04-16	2021-05-30	South America / Brazil / Sao Paulo
EPI_ISL_2344626	2021-04-16	2021-05-30	South America / Brazil / Sao Paulo
EPI_ISL_2345957	2021-03-22	2021-05-30	South America / Brazil / Sao Paulo
EPI_ISL_2344625	2021-04-15	2021-05-30	South America / Brazil / Sao Paulo
EPI_ISL_2345956	2021-03-22	2021-05-30	South America / Brazil / Sao Paulo
EPI_ISL_2344623	2021-04-15	2021-05-30	South America / Brazil / Sao Paulo
EPI_ISL_2345954	2021-03-22	2021-05-30	South America / Brazil / Sao Paulo
EPI_ISL_2344633	2021-04-14	2021-05-30	South America / Brazil / Sao Paulo
EPI_ISL_2344632	2021-04-16	2021-05-30	South America / Brazil / Sao Paulo
EPI_ISL_2345963	2021-04-05	2021-05-30	South America / Brazil / Sao Paulo
EPI_ISL_2344631	2021-04-14	2021-05-30	South America / Brazil / Sao Paulo
EPI_ISL_2345962	2021-04-05	2021-05-30	South America / Brazil / Sao Paulo
EPI_ISL_2344630	2021-04-15	2021-05-30	South America / Brazil / Sao Paulo
EPI_ISL_2345961	2021-04-05	2021-05-30	South America / Brazil / Sao Paulo
EPI_ISL_2345960	2021-04-05	2021-05-30	South America / Brazil / Sao Paulo
EPI_ISL_2344639	2021-04-15	2021-05-30	South America / Brazil / Sao Paulo
EPI_ISL_2344638	2021-04-14	2021-05-30	South America / Brazil / Sao Paulo
EPI_ISL_2344637	2021-04-14	2021-05-30	South America / Brazil / Sao Paulo
EPI_ISL_2344636	2021-04-16	2021-05-30	South America / Brazil / Sao Paulo
EPI_ISL_2345967	2021-04-08	2021-05-30	South America / Brazil / Sao Paulo
EPI_ISL_2344635	2021-04-15	2021-05-30	South America / Brazil / Sao Paulo
EPI_ISL_2345966	2021-04-08	2021-05-30	South America / Brazil / Sao Paulo
EPI_ISL_2344634	2021-04-15	2021-05-30	South America / Brazil / Sao Paulo
EPI_ISL_2345965	2021-04-08	2021-05-30	South America / Brazil / Sao Paulo
EPI_ISL_2344644	2021-04-16	2021-05-30	South America / Brazil / Sao Paulo
EPI_ISL_2345975	2021-04-08	2021-05-30	South America / Brazil / Sao Paulo
EPI_ISL_2344643	2021-04-14	2021-05-30	South America / Brazil / Sao Paulo
EPI_ISL_2345974	2021-04-07	2021-05-30	South America / Brazil / Sao Paulo
EPI_ISL_2344642	2021-04-14	2021-05-30	South America / Brazil / Sao Paulo
EPI_ISL_2345973	2021-04-07	2021-05-30	South America / Brazil / Sao Paulo
EPI_ISL_2344641	2021-04-14	2021-05-30	South America / Brazil / Sao Paulo
EPI_ISL_2345972	2021-04-08	2021-05-30	South America / Brazil / Sao Paulo
EPI_ISL_2344640	2021-04-16	2021-05-30	South America / Brazil / Sao Paulo
EPI_ISL_2345971	2021-04-07	2021-05-30	South America / Brazil / Sao Paulo
EPI_ISL_2345970	2021-04-08	2021-05-30	South America / Brazil / Sao Paulo
EPI_ISL_2344649	2021-04-15	2021-05-30	South America / Brazil / Sao Paulo
EPI_ISL_2345979	2021-04-05	2021-05-30	South America / Brazil / Sao Paulo
EPI_ISL_2344648	2021-04-14	2021-05-30	South America / Brazil / Sao Paulo
EPI_ISL_2344647	2021-04-14	2021-05-30	South America / Brazil / Sao Paulo
EPI_ISL_2345978	2021-04-07	2021-05-30	South America / Brazil / Sao Paulo
EPI_ISL_2344646	2021-04-16	2021-05-30	South America / Brazil / Sao Paulo
EPI_ISL_2345977	2021-04-07	2021-05-30	South America / Brazil / Sao Paulo
EPI_ISL_2344645	2021-04-15	2021-05-30	South America / Brazil / Sao Paulo
EPI_ISL_2345976	2021-04-06	2021-05-30	South America / Brazil / Sao Paulo
EPI_ISL_2345106	2021-04-25	2021-05-30	South America / Brazil / Sao Paulo
EPI_ISL_2345105	2021-04-25	2021-05-30	South America / Brazil / Sao Paulo
EPI_ISL_2345104	2021-04-25	2021-05-30	South America / Brazil / Sao Paulo
EPI_ISL_2345102	2021-04-25	2021-05-30	South America / Brazil / Sao Paulo
EPI_ISL_2345101	2021-04-26	2021-05-30	South America / Brazil / Sao Paulo
EPI_ISL_2345100	2021-04-26	2021-05-30	South America / Brazil / Sao Paulo
EPI_ISL_2345109	2021-04-26	2021-05-30	South America / Brazil / Sao Paulo
EPI_ISL_2345108	2021-04-25	2021-05-30	South America / Brazil / Sao Paulo
EPI_ISL_2345107	2021-04-25	2021-05-30	South America / Brazil / Sao Paulo
EPI_ISL_2345117	2021-04-25	2021-05-30	South America / Brazil / Sao Paulo
EPI_ISL_2345116	2021-04-25	2021-05-30	South America / Brazil / Sao Paulo
EPI_ISL_2345115	2021-04-25	2021-05-30	South America / Brazil / Sao Paulo
EPI_ISL_2345114	2021-04-25	2021-05-30	South America / Brazil / Sao Paulo
EPI_ISL_2345113	2021-04-25	2021-05-30	South America / Brazil / Sao Paulo
EPI_ISL_2345112	2021-04-26	2021-05-30	South America / Brazil / Sao Paulo
EPI_ISL_2345111	2021-04-25	2021-05-30	South America / Brazil / Sao Paulo
EPI_ISL_2345110	2021-04-25	2021-05-30	South America / Brazil / Sao Paulo
EPI_ISL_2345119	2021-04-25	2021-05-30	South America / Brazil / Sao Paulo
EPI_ISL_2345118	2021-04-24	2021-05-30	South America / Brazil / Sao Paulo
EPI_ISL_2345128	2021-04-26	2021-05-30	South America / Brazil / Sao Paulo
EPI_ISL_2345127	2021-04-25	2021-05-30	South America / Brazil / Sao Paulo
EPI_ISL_2345126	2021-04-25	2021-05-30	South America / Brazil / Sao Paulo
EPI_ISL_2345125	2021-04-25	2021-05-30	South America / Brazil / Sao Paulo
EPI_ISL_2345124	2021-04-25	2021-05-30	South America / Brazil / Sao Paulo
EPI_ISL_2345123	2021-04-25	2021-05-30	South America / Brazil / Sao Paulo
EPI_ISL_2345122	2021-04-26	2021-05-30	South America / Brazil / Sao Paulo
EPI_ISL_2345121	2021-04-25	2021-05-30	South America / Brazil / Sao Paulo
EPI_ISL_2345129	2021-04-26	2021-05-30	South America / Brazil / Sao Paulo
EPI_ISL_2345120	2021-04-25	2021-05-30	South America / Brazil / Sao Paulo
EPI_ISL_2345139	2021-04-26	2021-05-30	South America / Brazil / Sao Paulo
EPI_ISL_2345136	2021-04-26	2021-05-30	South America / Brazil / Sao Paulo
EPI_ISL_2345135	2021-04-25	2021-05-30	South America / Brazil / Sao Paulo
EPI_ISL_2345134	2021-04-26	2021-05-30	South America / Brazil / Sao Paulo
EPI_ISL_2345133	2021-04-25	2021-05-30	South America / Brazil / Sao Paulo
EPI_ISL_2345132	2021-04-26	2021-05-30	South America / Brazil / Sao Paulo
EPI_ISL_2345131	2021-04-26	2021-05-30	South America / Brazil / Sao Paulo
EPI_ISL_2345130	2021-04-25	2021-05-30	South America / Brazil / Sao Paulo
EPI_ISL_2344699	2021-04-06	2021-05-30	South America / Brazil / Sao Paulo
EPI_ISL_2344697	2021-04-05	2021-05-30	South America / Brazil / Sao Paulo
EPI_ISL_2344696	2021-03-28	2021-05-30	South America / Brazil / Sao Paulo
EPI_ISL_2344695	2021-04-01	2021-05-30	South America / Brazil / Sao Paulo
EPI_ISL_2344692	2021-03-31	2021-05-30	South America / Brazil / Sao Paulo
EPI_ISL_2344690	2021-03-31	2021-05-30	South America / Brazil / Sao Paulo
EPI_ISL_2345188	2021-04-27	2021-05-30	South America / Brazil / Sao Paulo
EPI_ISL_2345187	2021-04-27	2021-05-30	South America / Brazil / Sao Paulo
EPI_ISL_2345186	2021-04-26	2021-05-30	South America / Brazil / Sao Paulo
EPI_ISL_2345185	2021-04-26	2021-05-30	South America / Brazil / Sao Paulo
EPI_ISL_2345184	2021-04-26	2021-05-30	South America / Brazil / Sao Paulo
EPI_ISL_2345183	2021-04-26	2021-05-30	South America / Brazil / Sao Paulo
EPI_ISL_2345182	2021-04-26	2021-05-30	South America / Brazil / Sao Paulo
EPI_ISL_2345181	2021-04-26	2021-05-30	South America / Brazil / Sao Paulo
EPI_ISL_2345180	2021-04-26	2021-05-30	South America / Brazil / Sao Paulo
EPI_ISL_2345198	2021-04-27	2021-05-30	South America / Brazil / Sao Paulo
EPI_ISL_2345196	2021-04-27	2021-05-30	South America / Brazil / Sao Paulo
EPI_ISL_2345195	2021-04-27	2021-05-30	South America / Brazil / Sao Paulo
EPI_ISL_2345194	2021-04-27	2021-05-30	South America / Brazil / Sao Paulo
EPI_ISL_2345193	2021-04-27	2021-05-30	South America / Brazil / Sao Paulo
EPI_ISL_2345192	2021-04-26	2021-05-30	South America / Brazil / Sao Paulo
EPI_ISL_2345191	2021-04-26	2021-05-30	South America / Brazil / Sao Paulo
EPI_ISL_2345190	2021-04-26	2021-05-30	South America / Brazil / Sao Paulo
EPI_ISL_2345149	2021-04-25	2021-05-30	South America / Brazil / Sao Paulo
EPI_ISL_2345148	2021-04-26	2021-05-30	South America / Brazil / Sao Paulo
EPI_ISL_2345147	2021-04-26	2021-05-30	South America / Brazil / Sao Paulo
EPI_ISL_2345146	2021-04-26	2021-05-30	South America / Brazil / Sao Paulo
EPI_ISL_2345145	2021-04-26	2021-05-30	South America / Brazil / Sao Paulo
EPI_ISL_2345144	2021-04-26	2021-05-30	South America / Brazil / Sao Paulo
EPI_ISL_2345143	2021-04-26	2021-05-30	South America / Brazil / Sao Paulo
EPI_ISL_2345142	2021-04-26	2021-05-30	South America / Brazil / Sao Paulo
EPI_ISL_2345141	2021-04-26	2021-05-30	South America / Brazil / Sao Paulo
EPI_ISL_2345159	2021-04-26	2021-05-30	South America / Brazil / Sao Paulo
EPI_ISL_2345158	2021-04-26	2021-05-30	South America / Brazil / Sao Paulo
EPI_ISL_2345157	2021-04-26	2021-05-30	South America / Brazil / Sao Paulo
EPI_ISL_2345156	2021-04-26	2021-05-30	South America / Brazil / Sao Paulo
EPI_ISL_2345155	2021-04-26	2021-05-30	South America / Brazil / Sao Paulo
EPI_ISL_2345154	2021-04-26	2021-05-30	South America / Brazil / Sao Paulo
EPI_ISL_2345153	2021-04-26	2021-05-30	South America / Brazil / Sao Paulo
EPI_ISL_2345152	2021-04-25	2021-05-30	South America / Brazil / Sao Paulo
EPI_ISL_2345151	2021-04-26	2021-05-30	South America / Brazil / Sao Paulo
EPI_ISL_2345150	2021-04-25	2021-05-30	South America / Brazil / Sao Paulo
EPI_ISL_2345169	2021-04-24	2021-05-30	South America / Brazil / Sao Paulo
EPI_ISL_2345168	2021-04-26	2021-05-30	South America / Brazil / Sao Paulo
EPI_ISL_2345167	2021-04-26	2021-05-30	South America / Brazil / Sao Paulo
EPI_ISL_2345166	2021-04-26	2021-05-30	South America / Brazil / Sao Paulo
EPI_ISL_2345165	2021-04-26	2021-05-30	South America / Brazil / Sao Paulo
EPI_ISL_2345163	2021-04-26	2021-05-30	South America / Brazil / Sao Paulo
EPI_ISL_2345162	2021-04-26	2021-05-30	South America / Brazil / Sao Paulo
EPI_ISL_2345161	2021-04-24	2021-05-30	South America / Brazil / Sao Paulo
EPI_ISL_2345160	2021-04-26	2021-05-30	South America / Brazil / Sao Paulo
EPI_ISL_2345179	2021-04-26	2021-05-30	South America / Brazil / Sao Paulo
EPI_ISL_2345178	2021-04-26	2021-05-30	South America / Brazil / Sao Paulo
EPI_ISL_2345177	2021-04-26	2021-05-30	South America / Brazil / Sao Paulo
EPI_ISL_2345176	2021-04-26	2021-05-30	South America / Brazil / Sao Paulo
EPI_ISL_2345175	2021-04-26	2021-05-30	South America / Brazil / Sao Paulo
EPI_ISL_2345173	2021-04-26	2021-05-30	South America / Brazil / Sao Paulo
EPI_ISL_2345171	2021-04-26	2021-05-30	South America / Brazil / Sao Paulo
EPI_ISL_2345170	2021-04-25	2021-05-30	South America / Brazil / Sao Paulo
EPI_ISL_2344707	2021-03-28	2021-05-30	South America / Brazil / Sao Paulo
EPI_ISL_2344706	2021-04-09	2021-05-30	South America / Brazil / Sao Paulo
EPI_ISL_2344704	2021-04-08	2021-05-30	South America / Brazil / Sao Paulo
EPI_ISL_2344703	2021-04-08	2021-05-30	South America / Brazil / Sao Paulo
EPI_ISL_2344702	2021-04-08	2021-05-30	South America / Brazil / Sao Paulo
EPI_ISL_2344701	2021-04-07	2021-05-30	South America / Brazil / Sao Paulo
EPI_ISL_2344710	2021-04-13	2021-05-30	South America / Brazil / Sao Paulo
EPI_ISL_2344717	2021-03-28	2021-05-30	South America / Brazil / Sao Paulo
EPI_ISL_2344716	2021-04-15	2021-05-30	South America / Brazil / Sao Paulo
EPI_ISL_2344715	2021-04-14	2021-05-30	South America / Brazil / Sao Paulo
EPI_ISL_2344714	2021-04-14	2021-05-30	South America / Brazil / Sao Paulo
EPI_ISL_2344713	2021-04-14	2021-05-30	South America / Brazil / Sao Paulo
EPI_ISL_2344711	2021-04-12	2021-05-30	South America / Brazil / Sao Paulo
EPI_ISL_2344708	2021-04-13	2021-05-30	South America / Brazil / Sao Paulo
EPI_ISL_2344720	2021-04-15	2021-05-30	South America / Brazil / Sao Paulo
EPI_ISL_2344729	2021-04-16	2021-05-30	South America / Brazil / Sao Paulo
EPI_ISL_2344728	2021-04-15	2021-05-30	South America / Brazil / Sao Paulo
EPI_ISL_2344727	2021-04-16	2021-05-30	South America / Brazil / Sao Paulo
EPI_ISL_2344726	2021-04-15	2021-05-30	South America / Brazil / Sao Paulo
EPI_ISL_2344725	2021-04-16	2021-05-30	South America / Brazil / Sao Paulo
EPI_ISL_2344723	2021-04-16	2021-05-30	South America / Brazil / Sao Paulo
EPI_ISL_2344719	2021-04-15	2021-05-30	South America / Brazil / Sao Paulo
EPI_ISL_2345865	2021-05-05	2021-05-30	South America / Brazil / Sao Paulo
EPI_ISL_2345864	2021-05-05	2021-05-30	South America / Brazil / Sao Paulo
EPI_ISL_2345863	2021-04-29	2021-05-30	South America / Brazil / Sao Paulo
EPI_ISL_2345862	2021-04-11	2021-05-30	South America / Brazil / Sao Paulo
EPI_ISL_2345861	2021-05-05	2021-05-30	South America / Brazil / Sao Paulo
EPI_ISL_2345860	2021-05-03	2021-05-30	South America / Brazil / Sao Paulo
EPI_ISL_2345869	2021-04-26	2021-05-30	South America / Brazil / Sao Paulo
EPI_ISL_2345868	2021-05-05	2021-05-30	South America / Brazil / Sao Paulo
EPI_ISL_2345867	2021-05-05	2021-05-30	South America / Brazil / Sao Paulo
EPI_ISL_2345866	2021-04-30	2021-05-30	South America / Brazil / Sao Paulo
EPI_ISL_2344545	2021-03-30	2021-05-30	South America / Brazil / Sao Paulo
EPI_ISL_2344544	2021-03-05	2021-05-30	South America / Brazil / Sao Paulo
EPI_ISL_2345875	2021-05-05	2021-05-30	South America / Brazil / Sao Paulo
EPI_ISL_2344543	2021-03-31	2021-05-30	South America / Brazil / Sao Paulo
EPI_ISL_2345874	2021-04-25	2021-05-30	South America / Brazil / Sao Paulo
EPI_ISL_2345873	2021-04-26	2021-05-30	South America / Brazil / Sao Paulo
EPI_ISL_2344542	2021-03-29	2021-05-30	South America / Brazil / Sao Paulo
EPI_ISL_2345872	2021-05-03	2021-05-30	South America / Brazil / Sao Paulo
EPI_ISL_2344541	2021-03-30	2021-05-30	South America / Brazil / Sao Paulo
EPI_ISL_2344540	2021-03-30	2021-05-30	South America / Brazil / Sao Paulo
EPI_ISL_2345871	2021-05-05	2021-05-30	South America / Brazil / Sao Paulo
EPI_ISL_2345870	2021-04-28	2021-05-30	South America / Brazil / Sao Paulo
EPI_ISL_2344549	2021-03-29	2021-05-30	South America / Brazil / Sao Paulo
EPI_ISL_2344548	2021-03-30	2021-05-30	South America / Brazil / Sao Paulo
EPI_ISL_2345879	2021-05-05	2021-05-30	South America / Brazil / Sao Paulo
EPI_ISL_2345878	2021-04-28	2021-05-30	South America / Brazil / Sao Paulo
EPI_ISL_2344547	2021-03-30	2021-05-30	South America / Brazil / Sao Paulo
EPI_ISL_2345877	2021-04-27	2021-05-30	South America / Brazil / Sao Paulo
EPI_ISL_2344546	2021-03-29	2021-05-30	South America / Brazil / Sao Paulo
EPI_ISL_2344556	2021-04-07	2021-05-30	South America / Brazil / Sao Paulo
EPI_ISL_2345887	2021-04-04	2021-05-30	South America / Brazil / Sao Paulo
EPI_ISL_2344555	2021-02-23	2021-05-30	South America / Brazil / Sao Paulo
EPI_ISL_2345886	2021-04-05	2021-05-30	South America / Brazil / Sao Paulo
EPI_ISL_2345885	2021-04-04	2021-05-30	South America / Brazil / Sao Paulo
EPI_ISL_2344554	2021-04-03	2021-05-30	South America / Brazil / Sao Paulo
EPI_ISL_2345884	2021-04-04	2021-05-30	South America / Brazil / Sao Paulo
EPI_ISL_2344553	2021-04-05	2021-05-30	South America / Brazil / Sao Paulo
EPI_ISL_2345883	2021-04-04	2021-05-30	South America / Brazil / Sao Paulo
EPI_ISL_2344552	2021-04-03	2021-05-30	South America / Brazil / Sao Paulo
EPI_ISL_2345882	2021-04-05	2021-05-30	South America / Brazil / Sao Paulo
EPI_ISL_2344551	2021-04-04	2021-05-30	South America / Brazil / Sao Paulo
EPI_ISL_2345881	2021-04-04	2021-05-30	South America / Brazil / Sao Paulo
EPI_ISL_2344550	2021-04-01	2021-05-30	South America / Brazil / Sao Paulo
EPI_ISL_2345880	2021-05-05	2021-05-30	South America / Brazil / Sao Paulo
EPI_ISL_2344559	2021-04-14	2021-05-30	South America / Brazil / Sao Paulo
EPI_ISL_2345889	2021-04-04	2021-05-30	South America / Brazil / Sao Paulo
EPI_ISL_2344557	2021-04-15	2021-05-30	South America / Brazil / Sao Paulo
EPI_ISL_2345898	2021-04-04	2021-05-30	South America / Brazil / Sao Paulo
EPI_ISL_2344567	2021-04-12	2021-05-30	South America / Brazil / Sao Paulo
EPI_ISL_2345897	2021-04-04	2021-05-30	South America / Brazil / Sao Paulo
EPI_ISL_2344565	2021-04-12	2021-05-30	South America / Brazil / Sao Paulo
EPI_ISL_2345896	2021-04-04	2021-05-30	South America / Brazil / Sao Paulo
EPI_ISL_2345895	2021-04-04	2021-05-30	South America / Brazil / Sao Paulo
EPI_ISL_2344564	2021-04-15	2021-05-30	South America / Brazil / Sao Paulo
EPI_ISL_2345894	2021-04-04	2021-05-30	South America / Brazil / Sao Paulo
EPI_ISL_2344563	2021-04-15	2021-05-30	South America / Brazil / Sao Paulo
EPI_ISL_2344562	2021-04-15	2021-05-30	South America / Brazil / Sao Paulo
EPI_ISL_2345892	2021-04-04	2021-05-30	South America / Brazil / Sao Paulo
EPI_ISL_2344560	2021-04-14	2021-05-30	South America / Brazil / Sao Paulo
EPI_ISL_2345891	2021-04-04	2021-05-30	South America / Brazil / Sao Paulo
EPI_ISL_2345899	2021-04-04	2021-05-30	South America / Brazil / Sao Paulo
EPI_ISL_2345890	2021-04-04	2021-05-30	South America / Brazil / Sao Paulo
EPI_ISL_2345820	2021-05-05	2021-05-30	South America / Brazil / Sao Paulo
EPI_ISL_2345829	2021-04-27	2021-05-30	South America / Brazil / Sao Paulo
EPI_ISL_2345828	2021-05-03	2021-05-30	South America / Brazil / Sao Paulo
EPI_ISL_2345827	2021-05-05	2021-05-30	South America / Brazil / Sao Paulo
EPI_ISL_2345826	2021-04-30	2021-05-30	South America / Brazil / Sao Paulo
EPI_ISL_2345825	2021-04-27	2021-05-30	South America / Brazil / Sao Paulo
EPI_ISL_2345823	2021-05-05	2021-05-30	South America / Brazil / Sao Paulo
EPI_ISL_2345822	2021-04-30	2021-05-30	South America / Brazil / Sao Paulo
EPI_ISL_2345819	2021-04-30	2021-05-30	South America / Brazil / Sao Paulo
EPI_ISL_2345832	2021-04-25	2021-05-30	South America / Brazil / Sao Paulo
EPI_ISL_2345831	2021-05-04	2021-05-30	South America / Brazil / Sao Paulo
EPI_ISL_2345839	2021-05-05	2021-05-30	South America / Brazil / Sao Paulo
EPI_ISL_2345838	2021-05-04	2021-05-30	South America / Brazil / Sao Paulo
EPI_ISL_2345836	2021-04-27	2021-05-30	South America / Brazil / Sao Paulo
EPI_ISL_2345835	2021-04-13	2021-05-30	South America / Brazil / Sao Paulo
EPI_ISL_2345834	2021-05-04	2021-05-30	South America / Brazil / Sao Paulo
EPI_ISL_2345833	2021-05-05	2021-05-30	South America / Brazil / Sao Paulo
EPI_ISL_2345843	2021-04-26	2021-05-30	South America / Brazil / Sao Paulo
EPI_ISL_2345842	2021-05-05	2021-05-30	South America / Brazil / Sao Paulo
EPI_ISL_2345841	2021-05-02	2021-05-30	South America / Brazil / Sao Paulo
EPI_ISL_2345840	2021-04-26	2021-05-30	South America / Brazil / Sao Paulo
EPI_ISL_2345849	2021-05-03	2021-05-30	South America / Brazil / Sao Paulo
EPI_ISL_2345848	2021-04-28	2021-05-30	South America / Brazil / Sao Paulo
EPI_ISL_2345847	2021-04-25	2021-05-30	South America / Brazil / Sao Paulo
EPI_ISL_2345846	2021-05-04	2021-05-30	South America / Brazil / Sao Paulo
EPI_ISL_2345844	2021-04-27	2021-05-30	South America / Brazil / Sao Paulo
EPI_ISL_2345854	2021-04-25	2021-05-30	South America / Brazil / Sao Paulo
EPI_ISL_2345853	2021-05-07	2021-05-30	South America / Brazil / Sao Paulo
EPI_ISL_2345852	2021-04-29	2021-05-30	South America / Brazil / Sao Paulo
EPI_ISL_2345851	2021-04-25	2021-05-30	South America / Brazil / Sao Paulo
EPI_ISL_2345858	2021-04-30	2021-05-30	South America / Brazil / Sao Paulo
EPI_ISL_2345857	2021-05-06	2021-05-30	South America / Brazil / Sao Paulo
EPI_ISL_2345856	2021-05-02	2021-05-30	South America / Brazil / Sao Paulo
EPI_ISL_2345855	2021-04-29	2021-05-30	South America / Brazil / Sao Paulo
EPI_ISL_2345007	2021-04-23	2021-05-30	South America / Brazil / Sao Paulo
EPI_ISL_2345005	2021-04-23	2021-05-30	South America / Brazil / Sao Paulo
EPI_ISL_2345004	2021-04-23	2021-05-30	South America / Brazil / Sao Paulo
EPI_ISL_2345003	2021-04-23	2021-05-30	South America / Brazil / Sao Paulo
EPI_ISL_2345002	2021-04-23	2021-05-30	South America / Brazil / Sao Paulo
EPI_ISL_2345001	2021-04-23	2021-05-30	South America / Brazil / Sao Paulo
EPI_ISL_2345000	2021-04-23	2021-05-30	South America / Brazil / Sao Paulo
EPI_ISL_2345009	2021-04-23	2021-05-30	South America / Brazil / Sao Paulo
EPI_ISL_2345008	2021-04-23	2021-05-30	South America / Brazil / Sao Paulo
EPI_ISL_2345018	2021-04-24	2021-05-30	South America / Brazil / Sao Paulo
EPI_ISL_2345016	2021-04-23	2021-05-30	South America / Brazil / Sao Paulo
EPI_ISL_2345014	2021-04-23	2021-05-30	South America / Brazil / Sao Paulo
EPI_ISL_2345013	2021-04-23	2021-05-30	South America / Brazil / Sao Paulo
EPI_ISL_2345012	2021-04-23	2021-05-30	South America / Brazil / Sao Paulo
EPI_ISL_2345011	2021-04-23	2021-05-30	South America / Brazil / Sao Paulo
EPI_ISL_2345019	2021-04-22	2021-05-30	South America / Brazil / Sao Paulo
EPI_ISL_2345010	2021-04-23	2021-05-30	South America / Brazil / Sao Paulo
EPI_ISL_2344578	2021-04-12	2021-05-30	South America / Brazil / Sao Paulo
EPI_ISL_2344577	2021-04-12	2021-05-30	South America / Brazil / Sao Paulo
EPI_ISL_2344576	2021-04-12	2021-05-30	South America / Brazil / Sao Paulo
EPI_ISL_2344575	2021-04-12	2021-05-30	South America / Brazil / Sao Paulo
EPI_ISL_2344574	2021-04-12	2021-05-30	South America / Brazil / Sao Paulo
EPI_ISL_2344573	2021-04-12	2021-05-30	South America / Brazil / Sao Paulo
EPI_ISL_2344572	2021-04-12	2021-05-30	South America / Brazil / Sao Paulo
EPI_ISL_2344571	2021-04-12	2021-05-30	South America / Brazil / Sao Paulo
EPI_ISL_2344579	2021-04-12	2021-05-30	South America / Brazil / Sao Paulo
EPI_ISL_2344570	2021-04-12	2021-05-30	South America / Brazil / Sao Paulo
EPI_ISL_2344589	2021-03-05	2021-05-30	South America / Brazil / Sao Paulo
EPI_ISL_2344588	2021-03-29	2021-05-30	South America / Brazil / Sao Paulo
EPI_ISL_2344587	2021-03-30	2021-05-30	South America / Brazil / Sao Paulo
EPI_ISL_2344586	2021-03-30	2021-05-30	South America / Brazil / Sao Paulo
EPI_ISL_2344585	2021-02-25	2021-05-30	South America / Brazil / Sao Paulo
EPI_ISL_2344584	2021-03-29	2021-05-30	South America / Brazil / Sao Paulo
EPI_ISL_2344583	2021-04-12	2021-05-30	South America / Brazil / Sao Paulo
EPI_ISL_2344582	2021-04-12	2021-05-30	South America / Brazil / Sao Paulo
EPI_ISL_2344581	2021-04-12	2021-05-30	South America / Brazil / Sao Paulo
EPI_ISL_2344580	2021-04-12	2021-05-30	South America / Brazil / Sao Paulo
EPI_ISL_2344599	2021-04-16	2021-05-30	South America / Brazil / Sao Paulo
EPI_ISL_2344598	2021-04-16	2021-05-30	South America / Brazil / Sao Paulo
EPI_ISL_2344597	2021-04-15	2021-05-30	South America / Brazil / Sao Paulo
EPI_ISL_2344596	2021-04-15	2021-05-30	South America / Brazil / Sao Paulo
EPI_ISL_2344595	2021-04-16	2021-05-30	South America / Brazil / Sao Paulo
EPI_ISL_2344594	2021-04-15	2021-05-30	South America / Brazil / Sao Paulo
EPI_ISL_2344593	2021-04-15	2021-05-30	South America / Brazil / Sao Paulo
EPI_ISL_2344591	2021-03-30	2021-05-30	South America / Brazil / Sao Paulo
EPI_ISL_2344590	2021-03-30	2021-05-30	South America / Brazil / Sao Paulo
EPI_ISL_2345069	2021-04-25	2021-05-30	South America / Brazil / Sao Paulo
EPI_ISL_2345068	2021-04-26	2021-05-30	South America / Brazil / Sao Paulo
EPI_ISL_2345067	2021-04-25	2021-05-30	South America / Brazil / Sao Paulo
EPI_ISL_2345066	2021-04-25	2021-05-30	South America / Brazil / Sao Paulo
EPI_ISL_2345065	2021-04-25	2021-05-30	South America / Brazil / Sao Paulo
EPI_ISL_2345064	2021-04-25	2021-05-30	South America / Brazil / Sao Paulo
EPI_ISL_2345061	2021-04-25	2021-05-30	South America / Brazil / Sao Paulo
EPI_ISL_2345060	2021-04-25	2021-05-30	South America / Brazil / Sao Paulo
EPI_ISL_2345079	2021-04-26	2021-05-30	South America / Brazil / Sao Paulo
EPI_ISL_2345078	2021-04-26	2021-05-30	South America / Brazil / Sao Paulo
EPI_ISL_2345077	2021-04-26	2021-05-30	South America / Brazil / Sao Paulo
EPI_ISL_2345076	2021-04-25	2021-05-30	South America / Brazil / Sao Paulo
EPI_ISL_2345075	2021-04-26	2021-05-30	South America / Brazil / Sao Paulo
EPI_ISL_2345074	2021-04-26	2021-05-30	South America / Brazil / Sao Paulo
EPI_ISL_2345072	2021-04-26	2021-05-30	South America / Brazil / Sao Paulo
EPI_ISL_2345071	2021-04-26	2021-05-30	South America / Brazil / Sao Paulo
EPI_ISL_2345089	2021-04-25	2021-05-30	South America / Brazil / Sao Paulo
EPI_ISL_2345088	2021-04-25	2021-05-30	South America / Brazil / Sao Paulo
EPI_ISL_1966615	2021-04-04	2021-05-08	South America / Brazil / Sao Paulo
EPI_ISL_2345087	2021-04-25	2021-05-30	South America / Brazil / Sao Paulo
EPI_ISL_2345086	2021-04-26	2021-05-30	South America / Brazil / Sao Paulo
EPI_ISL_2345085	2021-04-25	2021-05-30	South America / Brazil / Sao Paulo
EPI_ISL_2345084	2021-04-26	2021-05-30	South America / Brazil / Sao Paulo
EPI_ISL_2345083	2021-04-25	2021-05-30	South America / Brazil / Sao Paulo
EPI_ISL_2345081	2021-04-25	2021-05-30	South America / Brazil / Sao Paulo
EPI_ISL_2345080	2021-04-25	2021-05-30	South America / Brazil / Sao Paulo
EPI_ISL_2345099	2021-04-25	2021-05-30	South America / Brazil / Sao Paulo
EPI_ISL_2345090	2021-04-25	2021-05-30	South America / Brazil / Sao Paulo
EPI_ISL_2345098	2021-04-25	2021-05-30	South America / Brazil / Sao Paulo
EPI_ISL_2345097	2021-04-25	2021-05-30	South America / Brazil / Sao Paulo
EPI_ISL_2345095	2021-04-25	2021-05-30	South America / Brazil / Sao Paulo
EPI_ISL_2345094	2021-04-25	2021-05-30	South America / Brazil / Sao Paulo
EPI_ISL_2345093	2021-04-25	2021-05-30	South America / Brazil / Sao Paulo
EPI_ISL_2345092	2021-04-25	2021-05-30	South America / Brazil / Sao Paulo
EPI_ISL_2345091	2021-04-26	2021-05-30	South America / Brazil / Sao Paulo
EPI_ISL_2345029	2021-04-23	2021-05-30	South America / Brazil / Sao Paulo
EPI_ISL_2345028	2021-04-23	2021-05-30	South America / Brazil / Sao Paulo
EPI_ISL_2345027	2021-04-23	2021-05-30	South America / Brazil / Sao Paulo
EPI_ISL_2345025	2021-04-23	2021-05-30	South America / Brazil / Sao Paulo
EPI_ISL_2345024	2021-04-23	2021-05-30	South America / Brazil / Sao Paulo
EPI_ISL_2345023	2021-04-24	2021-05-30	South America / Brazil / Sao Paulo
EPI_ISL_2345022	2021-04-21	2021-05-30	South America / Brazil / Sao Paulo
EPI_ISL_2345021	2021-04-24	2021-05-30	South America / Brazil / Sao Paulo
EPI_ISL_2345020	2021-04-22	2021-05-30	South America / Brazil / Sao Paulo
EPI_ISL_2345039	2021-04-22	2021-05-30	South America / Brazil / Sao Paulo
EPI_ISL_2345038	2021-04-23	2021-05-30	South America / Brazil / Sao Paulo
EPI_ISL_2345037	2021-04-23	2021-05-30	South America / Brazil / Sao Paulo
EPI_ISL_2345036	2021-04-23	2021-05-30	South America / Brazil / Sao Paulo
EPI_ISL_2345035	2021-04-23	2021-05-30	South America / Brazil / Sao Paulo
EPI_ISL_2345034	2021-04-24	2021-05-30	South America / Brazil / Sao Paulo
EPI_ISL_2345033	2021-04-23	2021-05-30	South America / Brazil / Sao Paulo
EPI_ISL_2345030	2021-04-24	2021-05-30	South America / Brazil / Sao Paulo
EPI_ISL_2345049	2021-04-25	2021-05-30	South America / Brazil / Sao Paulo
EPI_ISL_2345048	2021-04-25	2021-05-30	South America / Brazil / Sao Paulo
EPI_ISL_2345047	2021-04-25	2021-05-30	South America / Brazil / Sao Paulo
EPI_ISL_2345046	2021-04-25	2021-05-30	South America / Brazil / Sao Paulo
EPI_ISL_2345045	2021-04-25	2021-05-30	South America / Brazil / Sao Paulo
EPI_ISL_2345044	2021-04-25	2021-05-30	South America / Brazil / Sao Paulo
EPI_ISL_2345043	2021-04-25	2021-05-30	South America / Brazil / Sao Paulo
EPI_ISL_2345042	2021-04-25	2021-05-30	South America / Brazil / Sao Paulo
EPI_ISL_2345041	2021-04-22	2021-05-30	South America / Brazil / Sao Paulo
EPI_ISL_2345040	2021-04-22	2021-05-30	South America / Brazil / Sao Paulo
EPI_ISL_2345059	2021-04-25	2021-05-30	South America / Brazil / Sao Paulo
EPI_ISL_2345058	2021-04-25	2021-05-30	South America / Brazil / Sao Paulo
EPI_ISL_2345057	2021-04-25	2021-05-30	South America / Brazil / Sao Paulo
EPI_ISL_2345056	2021-04-25	2021-05-30	South America / Brazil / Sao Paulo
EPI_ISL_2345055	2021-04-25	2021-05-30	South America / Brazil / Sao Paulo
EPI_ISL_2345054	2021-04-25	2021-05-30	South America / Brazil / Sao Paulo
EPI_ISL_2345053	2021-04-25	2021-05-30	South America / Brazil / Sao Paulo
EPI_ISL_2345052	2021-04-25	2021-05-30	South America / Brazil / Sao Paulo
EPI_ISL_2345051	2021-04-25	2021-05-30	South America / Brazil / Sao Paulo
EPI_ISL_2345050	2021-04-25	2021-05-30	South America / Brazil / Sao Paulo
EPI_ISL_2345906	2021-04-20	2021-05-30	South America / Brazil / Sao Paulo
EPI_ISL_2345905	2021-04-04	2021-05-30	South America / Brazil / Sao Paulo
EPI_ISL_2345904	2021-04-04	2021-05-30	South America / Brazil / Sao Paulo
EPI_ISL_2345903	2021-04-04	2021-05-30	South America / Brazil / Sao Paulo
EPI_ISL_2345902	2021-04-04	2021-05-30	South America / Brazil / Sao Paulo
EPI_ISL_2345901	2021-04-04	2021-05-30	South America / Brazil / Sao Paulo
EPI_ISL_2345900	2021-04-04	2021-05-30	South America / Brazil / Sao Paulo
EPI_ISL_2345917	2021-04-20	2021-05-30	South America / Brazil / Sao Paulo
EPI_ISL_2345916	2021-04-20	2021-05-30	South America / Brazil / Sao Paulo
EPI_ISL_2345915	2021-04-20	2021-05-30	South America / Brazil / Sao Paulo
EPI_ISL_2345914	2021-04-19	2021-05-30	South America / Brazil / Sao Paulo
EPI_ISL_2345913	2021-04-21	2021-05-30	South America / Brazil / Sao Paulo
EPI_ISL_2345912	2021-04-19	2021-05-30	South America / Brazil / Sao Paulo
EPI_ISL_2345911	2021-04-20	2021-05-30	South America / Brazil / Sao Paulo
EPI_ISL_2345910	2021-04-20	2021-05-30	South America / Brazil / Sao Paulo
EPI_ISL_2345909	2021-04-20	2021-05-30	South America / Brazil / Sao Paulo
EPI_ISL_2345908	2021-04-20	2021-05-30	South America / Brazil / Sao Paulo
EPI_ISL_2345907	2021-04-20	2021-05-30	South America / Brazil / Sao Paulo
EPI_ISL_2345920	2021-04-23	2021-05-30	South America / Brazil / Sao Paulo
EPI_ISL_2345928	2021-04-22	2021-05-30	South America / Brazil / Sao Paulo
EPI_ISL_2345927	2021-04-22	2021-05-30	South America / Brazil / Sao Paulo
EPI_ISL_2345926	2021-04-21	2021-05-30	South America / Brazil / Sao Paulo
EPI_ISL_2345925	2021-04-19	2021-05-30	South America / Brazil / Sao Paulo
EPI_ISL_2345922	2021-04-20	2021-05-30	South America / Brazil / Sao Paulo
EPI_ISL_2345921	2021-04-20	2021-05-30	South America / Brazil / Sao Paulo
EPI_ISL_2345919	2021-04-22	2021-05-30	South America / Brazil / Sao Paulo
EPI_ISL_2345918	2021-04-22	2021-05-30	South America / Brazil / Sao Paulo
EPI_ISL_2345931	2021-04-19	2021-05-30	South America / Brazil / Sao Paulo
EPI_ISL_2344600	2021-04-14	2021-05-30	South America / Brazil / Sao Paulo
EPI_ISL_2345930	2021-04-20	2021-05-30	South America / Brazil / Sao Paulo
EPI_ISL_2345939	2021-03-22	2021-05-30	South America / Brazil / Sao Paulo
EPI_ISL_2344608	2021-04-13	2021-05-30	South America / Brazil / Sao Paulo
EPI_ISL_2345938	2021-04-22	2021-05-30	South America / Brazil / Sao Paulo
EPI_ISL_2344607	2021-04-13	2021-05-30	South America / Brazil / Sao Paulo
EPI_ISL_2345937	2021-04-20	2021-05-30	South America / Brazil / Sao Paulo
EPI_ISL_2344606	2021-04-16	2021-05-30	South America / Brazil / Sao Paulo
EPI_ISL_2344605	2021-04-15	2021-05-30	South America / Brazil / Sao Paulo
EPI_ISL_2344604	2021-04-15	2021-05-30	South America / Brazil / Sao Paulo
EPI_ISL_2345935	2021-04-20	2021-05-30	South America / Brazil / Sao Paulo
EPI_ISL_2345934	2021-04-20	2021-05-30	South America / Brazil / Sao Paulo
EPI_ISL_2344603	2021-04-16	2021-05-30	South America / Brazil / Sao Paulo
EPI_ISL_2345933	2021-04-20	2021-05-30	South America / Brazil / Sao Paulo
EPI_ISL_2344602	2021-04-15	2021-05-30	South America / Brazil / Sao Paulo
EPI_ISL_2344601	2021-04-16	2021-05-30	South America / Brazil / Sao Paulo
EPI_ISL_2345932	2021-04-20	2021-05-30	South America / Brazil / Sao Paulo
EPI_ISL_2345929	2021-04-19	2021-05-30	South America / Brazil / Sao Paulo
EPI_ISL_2344897	2021-04-22	2021-05-30	South America / Brazil / Sao Paulo
EPI_ISL_2344895	2021-04-22	2021-05-30	South America / Brazil / Sao Paulo
EPI_ISL_2344894	2021-04-21	2021-05-30	South America / Brazil / Sao Paulo
EPI_ISL_2344893	2021-04-22	2021-05-30	South America / Brazil / Sao Paulo
EPI_ISL_2344892	2021-04-20	2021-05-30	South America / Brazil / Sao Paulo
EPI_ISL_2344891	2021-04-21	2021-05-30	South America / Brazil / Sao Paulo
EPI_ISL_2344890	2021-04-21	2021-05-30	South America / Brazil / Sao Paulo
EPI_ISL_2344899	2021-04-22	2021-05-30	South America / Brazil / Sao Paulo
EPI_ISL_2344898	2021-04-21	2021-05-30	South America / Brazil / Sao Paulo
EPI_ISL_2344851	2021-04-20	2021-05-30	South America / Brazil / Sao Paulo
EPI_ISL_2344858	2021-04-20	2021-05-30	South America / Brazil / Sao Paulo
EPI_ISL_2344857	2021-04-21	2021-05-30	South America / Brazil / Sao Paulo
EPI_ISL_2344856	2021-04-21	2021-05-30	South America / Brazil / Sao Paulo
EPI_ISL_2344855	2021-04-21	2021-05-30	South America / Brazil / Sao Paulo
EPI_ISL_2344854	2021-04-21	2021-05-30	South America / Brazil / Sao Paulo
EPI_ISL_2344864	2021-04-22	2021-05-30	South America / Brazil / Sao Paulo
EPI_ISL_2344863	2021-04-22	2021-05-30	South America / Brazil / Sao Paulo
EPI_ISL_2344861	2021-04-21	2021-05-30	South America / Brazil / Sao Paulo
EPI_ISL_2344860	2021-04-21	2021-05-30	South America / Brazil / Sao Paulo
EPI_ISL_2344869	2021-04-22	2021-05-30	South America / Brazil / Sao Paulo
EPI_ISL_2344867	2021-04-22	2021-05-30	South America / Brazil / Sao Paulo
EPI_ISL_2344865	2021-04-20	2021-05-30	South America / Brazil / Sao Paulo
EPI_ISL_2344875	2021-04-22	2021-05-30	South America / Brazil / Sao Paulo
EPI_ISL_2344874	2021-04-22	2021-05-30	South America / Brazil / Sao Paulo
EPI_ISL_2344873	2021-04-21	2021-05-30	South America / Brazil / Sao Paulo
EPI_ISL_2344872	2021-04-20	2021-05-30	South America / Brazil / Sao Paulo
EPI_ISL_2344871	2021-04-22	2021-05-30	South America / Brazil / Sao Paulo
EPI_ISL_2344870	2021-04-20	2021-05-30	South America / Brazil / Sao Paulo
EPI_ISL_2344879	2021-04-22	2021-05-30	South America / Brazil / Sao Paulo
EPI_ISL_2344878	2021-04-21	2021-05-30	South America / Brazil / Sao Paulo
EPI_ISL_2344877	2021-04-22	2021-05-30	South America / Brazil / Sao Paulo
EPI_ISL_2344876	2021-04-21	2021-05-30	South America / Brazil / Sao Paulo
EPI_ISL_2344886	2021-04-21	2021-05-30	South America / Brazil / Sao Paulo
EPI_ISL_2344885	2021-04-20	2021-05-30	South America / Brazil / Sao Paulo
EPI_ISL_2344883	2021-04-21	2021-05-30	South America / Brazil / Sao Paulo
EPI_ISL_2344882	2021-04-22	2021-05-30	South America / Brazil / Sao Paulo
EPI_ISL_2344881	2021-04-22	2021-05-30	South America / Brazil / Sao Paulo
EPI_ISL_2344880	2021-04-22	2021-05-30	South America / Brazil / Sao Paulo
EPI_ISL_2344889	2021-04-22	2021-05-30	South America / Brazil / Sao Paulo
EPI_ISL_2344888	2021-04-21	2021-05-30	South America / Brazil / Sao Paulo
EPI_ISL_2344887	2021-04-22	2021-05-30	South America / Brazil / Sao Paulo
EPI_ISL_2345347	2021-03-21	2021-05-30	South America / Brazil / Sao Paulo
EPI_ISL_2345346	2021-03-21	2021-05-30	South America / Brazil / Sao Paulo
EPI_ISL_2345343	2021-03-22	2021-05-30	South America / Brazil / Sao Paulo
EPI_ISL_2345342	2021-03-22	2021-05-30	South America / Brazil / Sao Paulo
EPI_ISL_2345340	2021-03-22	2021-05-30	South America / Brazil / Sao Paulo
EPI_ISL_2345359	2021-03-22	2021-05-30	South America / Brazil / Sao Paulo
EPI_ISL_2345358	2021-03-22	2021-05-30	South America / Brazil / Sao Paulo
EPI_ISL_2345357	2021-03-21	2021-05-30	South America / Brazil / Sao Paulo
EPI_ISL_2345356	2021-03-21	2021-05-30	South America / Brazil / Sao Paulo
EPI_ISL_2345355	2021-03-21	2021-05-30	South America / Brazil / Sao Paulo
EPI_ISL_2345353	2021-03-21	2021-05-30	South America / Brazil / Sao Paulo
EPI_ISL_2345352	2021-03-21	2021-05-30	South America / Brazil / Sao Paulo
EPI_ISL_2345351	2021-03-21	2021-05-30	South America / Brazil / Sao Paulo
EPI_ISL_2345350	2021-03-21	2021-05-30	South America / Brazil / Sao Paulo
EPI_ISL_2345369	2021-03-21	2021-05-30	South America / Brazil / Sao Paulo
EPI_ISL_2345368	2021-03-21	2021-05-30	South America / Brazil / Sao Paulo
EPI_ISL_2345367	2021-03-21	2021-05-30	South America / Brazil / Sao Paulo
EPI_ISL_2345366	2021-03-21	2021-05-30	South America / Brazil / Sao Paulo
EPI_ISL_2345365	2021-03-21	2021-05-30	South America / Brazil / Sao Paulo
EPI_ISL_2345364	2021-03-21	2021-05-30	South America / Brazil / Sao Paulo
EPI_ISL_2345363	2021-03-21	2021-05-30	South America / Brazil / Sao Paulo
EPI_ISL_2345362	2021-03-21	2021-05-30	South America / Brazil / Sao Paulo
EPI_ISL_2345361	2021-03-21	2021-05-30	South America / Brazil / Sao Paulo
EPI_ISL_2345360	2021-03-22	2021-05-30	South America / Brazil / Sao Paulo
EPI_ISL_2345379	2021-03-22	2021-05-30	South America / Brazil / Sao Paulo
EPI_ISL_2345378	2021-03-22	2021-05-30	South America / Brazil / Sao Paulo
EPI_ISL_2345377	2021-03-23	2021-05-30	South America / Brazil / Sao Paulo
EPI_ISL_2345376	2021-03-22	2021-05-30	South America / Brazil / Sao Paulo
EPI_ISL_2345375	2021-03-23	2021-05-30	South America / Brazil / Sao Paulo
EPI_ISL_2345374	2021-03-23	2021-05-30	South America / Brazil / Sao Paulo
EPI_ISL_2345373	2021-03-23	2021-05-30	South America / Brazil / Sao Paulo
EPI_ISL_2345372	2021-03-22	2021-05-30	South America / Brazil / Sao Paulo
EPI_ISL_2345371	2021-03-22	2021-05-30	South America / Brazil / Sao Paulo
EPI_ISL_2345304	2021-03-28	2021-05-30	South America / Brazil / Sao Paulo
EPI_ISL_2345303	2021-03-31	2021-05-30	South America / Brazil / Sao Paulo
EPI_ISL_2345302	2021-03-28	2021-05-30	South America / Brazil / Sao Paulo
EPI_ISL_2345300	2021-03-28	2021-05-30	South America / Brazil / Sao Paulo
EPI_ISL_2345309	2021-03-21	2021-05-30	South America / Brazil / Sao Paulo
EPI_ISL_2345308	2021-03-29	2021-05-30	South America / Brazil / Sao Paulo
EPI_ISL_2345307	2021-03-30	2021-05-30	South America / Brazil / Sao Paulo
EPI_ISL_2345306	2021-03-29	2021-05-30	South America / Brazil / Sao Paulo
EPI_ISL_2345305	2021-03-28	2021-05-30	South America / Brazil / Sao Paulo
EPI_ISL_2345315	2021-03-21	2021-05-30	South America / Brazil / Sao Paulo
EPI_ISL_2345313	2021-03-22	2021-05-30	South America / Brazil / Sao Paulo
EPI_ISL_2345312	2021-03-22	2021-05-30	South America / Brazil / Sao Paulo
EPI_ISL_2345311	2021-03-22	2021-05-30	South America / Brazil / Sao Paulo
EPI_ISL_2345310	2021-03-22	2021-05-30	South America / Brazil / Sao Paulo
EPI_ISL_2345319	2021-03-21	2021-05-30	South America / Brazil / Sao Paulo
EPI_ISL_2345318	2021-03-21	2021-05-30	South America / Brazil / Sao Paulo
EPI_ISL_2345317	2021-03-21	2021-05-30	South America / Brazil / Sao Paulo
EPI_ISL_2345326	2021-03-21	2021-05-30	South America / Brazil / Sao Paulo
EPI_ISL_2345325	2021-03-21	2021-05-30	South America / Brazil / Sao Paulo
EPI_ISL_2345323	2021-03-21	2021-05-30	South America / Brazil / Sao Paulo
EPI_ISL_2345322	2021-03-21	2021-05-30	South America / Brazil / Sao Paulo
EPI_ISL_2345321	2021-03-22	2021-05-30	South America / Brazil / Sao Paulo
EPI_ISL_2345320	2021-03-22	2021-05-30	South America / Brazil / Sao Paulo
EPI_ISL_2345328	2021-03-22	2021-05-30	South America / Brazil / Sao Paulo
EPI_ISL_2345327	2021-03-21	2021-05-30	South America / Brazil / Sao Paulo
EPI_ISL_2345337	2021-03-21	2021-05-30	South America / Brazil / Sao Paulo
EPI_ISL_2345336	2021-03-21	2021-05-30	South America / Brazil / Sao Paulo
EPI_ISL_2345335	2021-03-21	2021-05-30	South America / Brazil / Sao Paulo
EPI_ISL_2345334	2021-03-21	2021-05-30	South America / Brazil / Sao Paulo
EPI_ISL_2345333	2021-03-21	2021-05-30	South America / Brazil / Sao Paulo
EPI_ISL_2345332	2021-03-21	2021-05-30	South America / Brazil / Sao Paulo
EPI_ISL_2345331	2021-03-21	2021-05-30	South America / Brazil / Sao Paulo
EPI_ISL_2345330	2021-03-21	2021-05-30	South America / Brazil / Sao Paulo
EPI_ISL_2345339	2021-03-22	2021-05-30	South America / Brazil / Sao Paulo
EPI_ISL_2345338	2021-03-21	2021-05-30	South America / Brazil / Sao Paulo
EPI_ISL_2345389	2021-03-23	2021-05-30	South America / Brazil / Sao Paulo
EPI_ISL_2345388	2021-03-23	2021-05-30	South America / Brazil / Sao Paulo
EPI_ISL_2345387	2021-03-22	2021-05-30	South America / Brazil / Sao Paulo
EPI_ISL_2345383	2021-03-23	2021-05-30	South America / Brazil / Sao Paulo
EPI_ISL_2345381	2021-03-23	2021-05-30	South America / Brazil / Sao Paulo
EPI_ISL_2345380	2021-03-22	2021-05-30	South America / Brazil / Sao Paulo
EPI_ISL_2345399	2021-03-21	2021-05-30	South America / Brazil / Sao Paulo
EPI_ISL_2345398	2021-03-21	2021-05-30	South America / Brazil / Sao Paulo
EPI_ISL_2345397	2021-03-21	2021-05-30	South America / Brazil / Sao Paulo
EPI_ISL_2345396	2021-03-21	2021-05-30	South America / Brazil / Sao Paulo
EPI_ISL_1966467	2021-03-30	2021-05-08	South America / Brazil / Sao Paulo
EPI_ISL_2345395	2021-03-21	2021-05-30	South America / Brazil / Sao Paulo
EPI_ISL_2345394	2021-03-21	2021-05-30	South America / Brazil / Sao Paulo
EPI_ISL_2345393	2021-03-21	2021-05-30	South America / Brazil / Sao Paulo
EPI_ISL_2345392	2021-03-21	2021-05-30	South America / Brazil / Sao Paulo
EPI_ISL_2345391	2021-03-21	2021-05-30	South America / Brazil / Sao Paulo
EPI_ISL_2344930	2021-04-20	2021-05-30	South America / Brazil / Sao Paulo
EPI_ISL_2344938	2021-04-22	2021-05-30	South America / Brazil / Sao Paulo
EPI_ISL_2344937	2021-04-22	2021-05-30	South America / Brazil / Sao Paulo
EPI_ISL_2344936	2021-04-22	2021-05-30	South America / Brazil / Sao Paulo
EPI_ISL_2344935	2021-04-22	2021-05-30	South America / Brazil / Sao Paulo
EPI_ISL_2344934	2021-04-21	2021-05-30	South America / Brazil / Sao Paulo
EPI_ISL_2344933	2021-04-22	2021-05-30	South America / Brazil / Sao Paulo
EPI_ISL_2344932	2021-04-22	2021-05-30	South America / Brazil / Sao Paulo
EPI_ISL_2344931	2021-04-22	2021-05-30	South America / Brazil / Sao Paulo
EPI_ISL_2344929	2021-04-21	2021-05-30	South America / Brazil / Sao Paulo
EPI_ISL_2344941	2021-04-22	2021-05-30	South America / Brazil / Sao Paulo
EPI_ISL_2344940	2021-04-22	2021-05-30	South America / Brazil / Sao Paulo
EPI_ISL_2344949	2021-04-23	2021-05-30	South America / Brazil / Sao Paulo
EPI_ISL_2344948	2021-04-20	2021-05-30	South America / Brazil / Sao Paulo
EPI_ISL_2344947	2021-04-19	2021-05-30	South America / Brazil / Sao Paulo
EPI_ISL_2344946	2021-04-22	2021-05-30	South America / Brazil / Sao Paulo
EPI_ISL_2344945	2021-04-22	2021-05-30	South America / Brazil / Sao Paulo
EPI_ISL_2344944	2021-04-22	2021-05-30	South America / Brazil / Sao Paulo
EPI_ISL_2344943	2021-04-22	2021-05-30	South America / Brazil / Sao Paulo
EPI_ISL_2344942	2021-04-22	2021-05-30	South America / Brazil / Sao Paulo
EPI_ISL_2344939	2021-04-22	2021-05-30	South America / Brazil / Sao Paulo
EPI_ISL_2344952	2021-04-23	2021-05-30	South America / Brazil / Sao Paulo
EPI_ISL_2344951	2021-04-21	2021-05-30	South America / Brazil / Sao Paulo
EPI_ISL_2344950	2021-04-22	2021-05-30	South America / Brazil / Sao Paulo
EPI_ISL_2344959	2021-04-22	2021-05-30	South America / Brazil / Sao Paulo
EPI_ISL_2344958	2021-04-21	2021-05-30	South America / Brazil / Sao Paulo
EPI_ISL_2344957	2021-04-23	2021-05-30	South America / Brazil / Sao Paulo
EPI_ISL_2344956	2021-04-23	2021-05-30	South America / Brazil / Sao Paulo
EPI_ISL_2344955	2021-04-23	2021-05-30	South America / Brazil / Sao Paulo
EPI_ISL_2344954	2021-04-23	2021-05-30	South America / Brazil / Sao Paulo
EPI_ISL_2344953	2021-04-23	2021-05-30	South America / Brazil / Sao Paulo
EPI_ISL_2344963	2021-04-20	2021-05-30	South America / Brazil / Sao Paulo
EPI_ISL_2344962	2021-04-21	2021-05-30	South America / Brazil / Sao Paulo
EPI_ISL_2344961	2021-04-22	2021-05-30	South America / Brazil / Sao Paulo
EPI_ISL_2344960	2021-04-23	2021-05-30	South America / Brazil / Sao Paulo
EPI_ISL_2344969	2021-04-23	2021-05-30	South America / Brazil / Sao Paulo
EPI_ISL_2344968	2021-04-21	2021-05-30	South America / Brazil / Sao Paulo
EPI_ISL_2344967	2021-04-20	2021-05-30	South America / Brazil / Sao Paulo
EPI_ISL_2344966	2021-04-21	2021-05-30	South America / Brazil / Sao Paulo
EPI_ISL_2344965	2021-04-21	2021-05-30	South America / Brazil / Sao Paulo
EPI_ISL_2344964	2021-04-21	2021-05-30	South America / Brazil / Sao Paulo
EPI_ISL_2344905	2021-04-22	2021-05-30	South America / Brazil / Sao Paulo
EPI_ISL_2344904	2021-04-22	2021-05-30	South America / Brazil / Sao Paulo
EPI_ISL_2344903	2021-04-22	2021-05-30	South America / Brazil / Sao Paulo
EPI_ISL_2344902	2021-04-22	2021-05-30	South America / Brazil / Sao Paulo
EPI_ISL_2344901	2021-04-22	2021-05-30	South America / Brazil / Sao Paulo
EPI_ISL_2344900	2021-04-22	2021-05-30	South America / Brazil / Sao Paulo
EPI_ISL_2344916	2021-04-22	2021-05-30	South America / Brazil / Sao Paulo
EPI_ISL_2344914	2021-04-21	2021-05-30	South America / Brazil / Sao Paulo
EPI_ISL_2344913	2021-04-22	2021-05-30	South America / Brazil / Sao Paulo
EPI_ISL_2344912	2021-04-22	2021-05-30	South America / Brazil / Sao Paulo
EPI_ISL_2344911	2021-04-22	2021-05-30	South America / Brazil / Sao Paulo
EPI_ISL_2344910	2021-04-22	2021-05-30	South America / Brazil / Sao Paulo
EPI_ISL_2344909	2021-04-20	2021-05-30	South America / Brazil / Sao Paulo
EPI_ISL_2344908	2021-04-22	2021-05-30	South America / Brazil / Sao Paulo
EPI_ISL_2344907	2021-04-22	2021-05-30	South America / Brazil / Sao Paulo
EPI_ISL_2344906	2021-04-22	2021-05-30	South America / Brazil / Sao Paulo
EPI_ISL_2344927	2021-04-20	2021-05-30	South America / Brazil / Sao Paulo
EPI_ISL_2344926	2021-04-21	2021-05-30	South America / Brazil / Sao Paulo
EPI_ISL_2344925	2021-04-22	2021-05-30	South America / Brazil / Sao Paulo
EPI_ISL_2344924	2021-04-21	2021-05-30	South America / Brazil / Sao Paulo
EPI_ISL_2344922	2021-04-20	2021-05-30	South America / Brazil / Sao Paulo
EPI_ISL_2344921	2021-04-21	2021-05-30	South America / Brazil / Sao Paulo
EPI_ISL_2344920	2021-04-20	2021-05-30	South America / Brazil / Sao Paulo
EPI_ISL_2344919	2021-04-21	2021-05-30	South America / Brazil / Sao Paulo
EPI_ISL_2344918	2021-04-22	2021-05-30	South America / Brazil / Sao Paulo
EPI_ISL_2344917	2021-04-20	2021-05-30	South America / Brazil / Sao Paulo
EPI_ISL_2344776	2021-04-18	2021-05-30	South America / Brazil / Sao Paulo
EPI_ISL_2344774	2021-04-19	2021-05-30	South America / Brazil / Sao Paulo
EPI_ISL_2344773	2021-04-19	2021-05-30	South America / Brazil / Sao Paulo
EPI_ISL_2344772	2021-04-19	2021-05-30	South America / Brazil / Sao Paulo
EPI_ISL_2344771	2021-04-19	2021-05-30	South America / Brazil / Sao Paulo
EPI_ISL_2344770	2021-04-19	2021-05-30	South America / Brazil / Sao Paulo
EPI_ISL_2344779	2021-04-19	2021-05-30	South America / Brazil / Sao Paulo
EPI_ISL_2344787	2021-04-19	2021-05-30	South America / Brazil / Sao Paulo
EPI_ISL_2344786	2021-04-18	2021-05-30	South America / Brazil / Sao Paulo
EPI_ISL_2344785	2021-04-19	2021-05-30	South America / Brazil / Sao Paulo
EPI_ISL_2344784	2021-04-19	2021-05-30	South America / Brazil / Sao Paulo
EPI_ISL_2344783	2021-04-19	2021-05-30	South America / Brazil / Sao Paulo
EPI_ISL_2344781	2021-04-19	2021-05-30	South America / Brazil / Sao Paulo
EPI_ISL_2344789	2021-04-19	2021-05-30	South America / Brazil / Sao Paulo
EPI_ISL_2344788	2021-04-19	2021-05-30	South America / Brazil / Sao Paulo
EPI_ISL_2344798	2021-04-19	2021-05-30	South America / Brazil / Sao Paulo
EPI_ISL_2344797	2021-04-19	2021-05-30	South America / Brazil / Sao Paulo
EPI_ISL_2344796	2021-04-18	2021-05-30	South America / Brazil / Sao Paulo
EPI_ISL_2344795	2021-04-18	2021-05-30	South America / Brazil / Sao Paulo
EPI_ISL_2344792	2021-04-19	2021-05-30	South America / Brazil / Sao Paulo
EPI_ISL_2344791	2021-04-19	2021-05-30	South America / Brazil / Sao Paulo
EPI_ISL_2344790	2021-04-19	2021-05-30	South America / Brazil / Sao Paulo
EPI_ISL_2344732	2021-03-28	2021-05-30	South America / Brazil / Sao Paulo
EPI_ISL_2344731	2021-04-16	2021-05-30	South America / Brazil / Sao Paulo
EPI_ISL_2344730	2021-04-16	2021-05-30	South America / Brazil / Sao Paulo
EPI_ISL_2344739	2021-04-19	2021-05-30	South America / Brazil / Sao Paulo
EPI_ISL_2344738	2021-04-18	2021-05-30	South America / Brazil / Sao Paulo
EPI_ISL_2344737	2021-04-16	2021-05-30	South America / Brazil / Sao Paulo
EPI_ISL_2344736	2021-04-18	2021-05-30	South America / Brazil / Sao Paulo
EPI_ISL_2344735	2021-04-18	2021-05-30	South America / Brazil / Sao Paulo
EPI_ISL_2344734	2021-04-16	2021-05-30	South America / Brazil / Sao Paulo
EPI_ISL_2344733	2021-04-16	2021-05-30	South America / Brazil / Sao Paulo
EPI_ISL_2344743	2021-04-18	2021-05-30	South America / Brazil / Sao Paulo
EPI_ISL_2344742	2021-04-19	2021-05-30	South America / Brazil / Sao Paulo
EPI_ISL_2344741	2021-04-19	2021-05-30	South America / Brazil / Sao Paulo
EPI_ISL_2344740	2021-04-19	2021-05-30	South America / Brazil / Sao Paulo
EPI_ISL_2344749	2021-04-19	2021-05-30	South America / Brazil / Sao Paulo
EPI_ISL_2344748	2021-04-18	2021-05-30	South America / Brazil / Sao Paulo
EPI_ISL_2344747	2021-04-19	2021-05-30	South America / Brazil / Sao Paulo
EPI_ISL_2344746	2021-04-17	2021-05-30	South America / Brazil / Sao Paulo
EPI_ISL_2344745	2021-04-19	2021-05-30	South America / Brazil / Sao Paulo
EPI_ISL_2344744	2021-04-19	2021-05-30	South America / Brazil / Sao Paulo
EPI_ISL_2344754	2021-04-19	2021-05-30	South America / Brazil / Sao Paulo
EPI_ISL_2344753	2021-04-19	2021-05-30	South America / Brazil / Sao Paulo
EPI_ISL_2344752	2021-04-19	2021-05-30	South America / Brazil / Sao Paulo
EPI_ISL_2344751	2021-04-19	2021-05-30	South America / Brazil / Sao Paulo
EPI_ISL_2344750	2021-04-19	2021-05-30	South America / Brazil / Sao Paulo
EPI_ISL_2344759	2021-04-19	2021-05-30	South America / Brazil / Sao Paulo
EPI_ISL_2344758	2021-04-19	2021-05-30	South America / Brazil / Sao Paulo
EPI_ISL_2344757	2021-04-19	2021-05-30	South America / Brazil / Sao Paulo
EPI_ISL_2344755	2021-04-19	2021-05-30	South America / Brazil / Sao Paulo
EPI_ISL_2344765	2021-04-19	2021-05-30	South America / Brazil / Sao Paulo
EPI_ISL_2344764	2021-04-19	2021-05-30	South America / Brazil / Sao Paulo
EPI_ISL_2344763	2021-04-19	2021-05-30	South America / Brazil / Sao Paulo
EPI_ISL_2344762	2021-04-19	2021-05-30	South America / Brazil / Sao Paulo
EPI_ISL_2344761	2021-04-19	2021-05-30	South America / Brazil / Sao Paulo
EPI_ISL_2344760	2021-04-19	2021-05-30	South America / Brazil / Sao Paulo
EPI_ISL_2344769	2021-04-19	2021-05-30	South America / Brazil / Sao Paulo
EPI_ISL_2344768	2021-04-19	2021-05-30	South America / Brazil / Sao Paulo
EPI_ISL_2344767	2021-04-19	2021-05-30	South America / Brazil / Sao Paulo
EPI_ISL_2344766	2021-04-19	2021-05-30	South America / Brazil / Sao Paulo
EPI_ISL_2345227	2021-04-27	2021-05-30	South America / Brazil / Sao Paulo
EPI_ISL_2345226	2021-04-27	2021-05-30	South America / Brazil / Sao Paulo
EPI_ISL_2345225	2021-04-26	2021-05-30	South America / Brazil / Sao Paulo
EPI_ISL_2345224	2021-04-26	2021-05-30	South America / Brazil / Sao Paulo
EPI_ISL_2345223	2021-04-26	2021-05-30	South America / Brazil / Sao Paulo
EPI_ISL_2345222	2021-04-27	2021-05-30	South America / Brazil / Sao Paulo
EPI_ISL_2345221	2021-04-27	2021-05-30	South America / Brazil / Sao Paulo
EPI_ISL_2345229	2021-04-26	2021-05-30	South America / Brazil / Sao Paulo
EPI_ISL_2345228	2021-04-26	2021-05-30	South America / Brazil / Sao Paulo
EPI_ISL_2345238	2021-04-26	2021-05-30	South America / Brazil / Sao Paulo
EPI_ISL_2345237	2021-04-26	2021-05-30	South America / Brazil / Sao Paulo
EPI_ISL_2345236	2021-04-27	2021-05-30	South America / Brazil / Sao Paulo
EPI_ISL_2345235	2021-04-27	2021-05-30	South America / Brazil / Sao Paulo
EPI_ISL_2345234	2021-04-27	2021-05-30	South America / Brazil / Sao Paulo
EPI_ISL_2345233	2021-04-27	2021-05-30	South America / Brazil / Sao Paulo
EPI_ISL_2345232	2021-04-27	2021-05-30	South America / Brazil / Sao Paulo
EPI_ISL_2345231	2021-04-26	2021-05-30	South America / Brazil / Sao Paulo
EPI_ISL_2345239	2021-04-27	2021-05-30	South America / Brazil / Sao Paulo
EPI_ISL_2345230	2021-04-26	2021-05-30	South America / Brazil / Sao Paulo
EPI_ISL_2345249	2021-04-27	2021-05-30	South America / Brazil / Sao Paulo
EPI_ISL_2345248	2021-04-26	2021-05-30	South America / Brazil / Sao Paulo
EPI_ISL_2345247	2021-04-27	2021-05-30	South America / Brazil / Sao Paulo
EPI_ISL_2345246	2021-04-27	2021-05-30	South America / Brazil / Sao Paulo
EPI_ISL_2345245	2021-04-27	2021-05-30	South America / Brazil / Sao Paulo
EPI_ISL_2345244	2021-04-27	2021-05-30	South America / Brazil / Sao Paulo
EPI_ISL_2345243	2021-04-27	2021-05-30	South America / Brazil / Sao Paulo
EPI_ISL_2345242	2021-04-27	2021-05-30	South America / Brazil / Sao Paulo
EPI_ISL_2345241	2021-04-27	2021-05-30	South America / Brazil / Sao Paulo
EPI_ISL_2345240	2021-04-27	2021-05-30	South America / Brazil / Sao Paulo
EPI_ISL_2345259	2021-04-27	2021-05-30	South America / Brazil / Sao Paulo
EPI_ISL_2345258	2021-04-27	2021-05-30	South America / Brazil / Sao Paulo
EPI_ISL_2345257	2021-04-27	2021-05-30	South America / Brazil / Sao Paulo
EPI_ISL_2345256	2021-04-27	2021-05-30	South America / Brazil / Sao Paulo
EPI_ISL_2345255	2021-04-27	2021-05-30	South America / Brazil / Sao Paulo
EPI_ISL_2345254	2021-04-27	2021-05-30	South America / Brazil / Sao Paulo
EPI_ISL_2345253	2021-04-27	2021-05-30	South America / Brazil / Sao Paulo
EPI_ISL_2345252	2021-04-27	2021-05-30	South America / Brazil / Sao Paulo
EPI_ISL_2345251	2021-04-26	2021-05-30	South America / Brazil / Sao Paulo
EPI_ISL_2345250	2021-04-26	2021-05-30	South America / Brazil / Sao Paulo
EPI_ISL_2345205	2021-04-27	2021-05-30	South America / Brazil / Sao Paulo
EPI_ISL_2345204	2021-04-26	2021-05-30	South America / Brazil / Sao Paulo
EPI_ISL_2345203	2021-04-26	2021-05-30	South America / Brazil / Sao Paulo
EPI_ISL_2345202	2021-04-26	2021-05-30	South America / Brazil / Sao Paulo
EPI_ISL_2345201	2021-04-26	2021-05-30	South America / Brazil / Sao Paulo
EPI_ISL_2345200	2021-04-27	2021-05-30	South America / Brazil / Sao Paulo
EPI_ISL_2345209	2021-04-27	2021-05-30	South America / Brazil / Sao Paulo
EPI_ISL_2345208	2021-04-27	2021-05-30	South America / Brazil / Sao Paulo
EPI_ISL_2345207	2021-04-27	2021-05-30	South America / Brazil / Sao Paulo
EPI_ISL_2345206	2021-04-27	2021-05-30	South America / Brazil / Sao Paulo
EPI_ISL_2345215	2021-04-27	2021-05-30	South America / Brazil / Sao Paulo
EPI_ISL_2345214	2021-04-27	2021-05-30	South America / Brazil / Sao Paulo
EPI_ISL_2345213	2021-04-27	2021-05-30	South America / Brazil / Sao Paulo
EPI_ISL_2345212	2021-04-27	2021-05-30	South America / Brazil / Sao Paulo
EPI_ISL_2345211	2021-04-27	2021-05-30	South America / Brazil / Sao Paulo
EPI_ISL_2345210	2021-04-27	2021-05-30	South America / Brazil / Sao Paulo
EPI_ISL_2345219	2021-04-26	2021-05-30	South America / Brazil / Sao Paulo
EPI_ISL_2345218	2021-04-27	2021-05-30	South America / Brazil / Sao Paulo
EPI_ISL_2345269	2021-04-27	2021-05-30	South America / Brazil / Sao Paulo
EPI_ISL_2345268	2021-04-28	2021-05-30	South America / Brazil / Sao Paulo
EPI_ISL_2345267	2021-04-27	2021-05-30	South America / Brazil / Sao Paulo
EPI_ISL_2345266	2021-04-25	2021-05-30	South America / Brazil / Sao Paulo
EPI_ISL_2345265	2021-04-27	2021-05-30	South America / Brazil / Sao Paulo
EPI_ISL_2345264	2021-04-25	2021-05-30	South America / Brazil / Sao Paulo
EPI_ISL_2345263	2021-04-27	2021-05-30	South America / Brazil / Sao Paulo
EPI_ISL_2345262	2021-04-25	2021-05-30	South America / Brazil / Sao Paulo
EPI_ISL_2345261	2021-04-27	2021-05-30	South America / Brazil / Sao Paulo
EPI_ISL_2345279	2021-04-27	2021-05-30	South America / Brazil / Sao Paulo
EPI_ISL_2345278	2021-04-28	2021-05-30	South America / Brazil / Sao Paulo
EPI_ISL_2345277	2021-04-27	2021-05-30	South America / Brazil / Sao Paulo
EPI_ISL_2345275	2021-04-27	2021-05-30	South America / Brazil / Sao Paulo
EPI_ISL_2345274	2021-04-28	2021-05-30	South America / Brazil / Sao Paulo
EPI_ISL_2345273	2021-04-28	2021-05-30	South America / Brazil / Sao Paulo
EPI_ISL_2345272	2021-04-27	2021-05-30	South America / Brazil / Sao Paulo
EPI_ISL_2345271	2021-04-27	2021-05-30	South America / Brazil / Sao Paulo
EPI_ISL_2345270	2021-04-27	2021-05-30	South America / Brazil / Sao Paulo
EPI_ISL_2345289	2021-04-28	2021-05-30	South America / Brazil / Sao Paulo
EPI_ISL_2345288	2021-04-27	2021-05-30	South America / Brazil / Sao Paulo
EPI_ISL_2345287	2021-04-26	2021-05-30	South America / Brazil / Sao Paulo
EPI_ISL_2345286	2021-04-27	2021-05-30	South America / Brazil / Sao Paulo
EPI_ISL_2345285	2021-04-27	2021-05-30	South America / Brazil / Sao Paulo
EPI_ISL_2345284	2021-04-27	2021-05-30	South America / Brazil / Sao Paulo
EPI_ISL_2345283	2021-04-27	2021-05-30	South America / Brazil / Sao Paulo
EPI_ISL_2345282	2021-04-27	2021-05-30	South America / Brazil / Sao Paulo
EPI_ISL_2345281	2021-04-27	2021-05-30	South America / Brazil / Sao Paulo
EPI_ISL_2345280	2021-04-27	2021-05-30	South America / Brazil / Sao Paulo
EPI_ISL_2345299	2021-03-28	2021-05-30	South America / Brazil / Sao Paulo
EPI_ISL_2345298	2021-04-29	2021-05-30	South America / Brazil / Sao Paulo
EPI_ISL_2345297	2021-04-29	2021-05-30	South America / Brazil / Sao Paulo
EPI_ISL_2345296	2021-04-28	2021-05-30	South America / Brazil / Sao Paulo
EPI_ISL_2345295	2021-04-28	2021-05-30	South America / Brazil / Sao Paulo
EPI_ISL_2345294	2021-04-28	2021-05-30	South America / Brazil / Sao Paulo
EPI_ISL_2345293	2021-04-28	2021-05-30	South America / Brazil / Sao Paulo
EPI_ISL_2345292	2021-04-28	2021-05-30	South America / Brazil / Sao Paulo
EPI_ISL_2345291	2021-04-28	2021-05-30	South America / Brazil / Sao Paulo
EPI_ISL_2345290	2021-04-28	2021-05-30	South America / Brazil / Sao Paulo
EPI_ISL_2344817	2021-04-20	2021-05-30	South America / Brazil / Sao Paulo
EPI_ISL_2344816	2021-04-20	2021-05-30	South America / Brazil / Sao Paulo
EPI_ISL_2344815	2021-04-20	2021-05-30	South America / Brazil / Sao Paulo
EPI_ISL_2344813	2021-04-20	2021-05-30	South America / Brazil / Sao Paulo
EPI_ISL_2344812	2021-04-20	2021-05-30	South America / Brazil / Sao Paulo
EPI_ISL_2344810	2021-04-20	2021-05-30	South America / Brazil / Sao Paulo
EPI_ISL_2344809	2021-04-19	2021-05-30	South America / Brazil / Sao Paulo
EPI_ISL_2344807	2021-04-19	2021-05-30	South America / Brazil / Sao Paulo
EPI_ISL_2344828	2021-04-19	2021-05-30	South America / Brazil / Sao Paulo
EPI_ISL_2344827	2021-04-19	2021-05-30	South America / Brazil / Sao Paulo
EPI_ISL_2344826	2021-04-19	2021-05-30	South America / Brazil / Sao Paulo
EPI_ISL_2344825	2021-04-20	2021-05-30	South America / Brazil / Sao Paulo
EPI_ISL_2344824	2021-04-20	2021-05-30	South America / Brazil / Sao Paulo
EPI_ISL_2344823	2021-04-20	2021-05-30	South America / Brazil / Sao Paulo
EPI_ISL_2344822	2021-04-20	2021-05-30	South America / Brazil / Sao Paulo
EPI_ISL_2344819	2021-04-20	2021-05-30	South America / Brazil / Sao Paulo
EPI_ISL_2344818	2021-04-19	2021-05-30	South America / Brazil / Sao Paulo
EPI_ISL_2344831	2021-04-20	2021-05-30	South America / Brazil / Sao Paulo
EPI_ISL_2344830	2021-04-20	2021-05-30	South America / Brazil / Sao Paulo
EPI_ISL_2344839	2021-04-19	2021-05-30	South America / Brazil / Sao Paulo
EPI_ISL_2344838	2021-04-20	2021-05-30	South America / Brazil / Sao Paulo
EPI_ISL_2344837	2021-04-19	2021-05-30	South America / Brazil / Sao Paulo
EPI_ISL_2344836	2021-04-19	2021-05-30	South America / Brazil / Sao Paulo
EPI_ISL_2344835	2021-04-20	2021-05-30	South America / Brazil / Sao Paulo
EPI_ISL_2344834	2021-04-20	2021-05-30	South America / Brazil / Sao Paulo
EPI_ISL_2344833	2021-03-19	2021-05-30	South America / Brazil / Sao Paulo
EPI_ISL_2344832	2021-04-20	2021-05-30	South America / Brazil / Sao Paulo
EPI_ISL_2344842	2021-04-19	2021-05-30	South America / Brazil / Sao Paulo
EPI_ISL_2344841	2021-04-19	2021-05-30	South America / Brazil / Sao Paulo
EPI_ISL_2344840	2021-04-19	2021-05-30	South America / Brazil / Sao Paulo
EPI_ISL_2344849	2021-04-20	2021-05-30	South America / Brazil / Sao Paulo
EPI_ISL_2344848	2021-04-20	2021-05-30	South America / Brazil / Sao Paulo
EPI_ISL_2344847	2021-04-21	2021-05-30	South America / Brazil / Sao Paulo
EPI_ISL_2344844	2021-04-19	2021-05-30	South America / Brazil / Sao Paulo
EPI_ISL_2344843	2021-04-19	2021-05-30	South America / Brazil / Sao Paulo
EPI_ISL_2344805	2021-04-20	2021-05-30	South America / Brazil / Sao Paulo
EPI_ISL_2344804	2021-04-20	2021-05-30	South America / Brazil / Sao Paulo
EPI_ISL_2344803	2021-04-20	2021-05-30	South America / Brazil / Sao Paulo
EPI_ISL_2344802	2021-04-20	2021-05-30	South America / Brazil / Sao Paulo
EPI_ISL_2344801	2021-04-19	2021-05-30	South America / Brazil / Sao Paulo
EPI_ISL_2344800	2021-04-19	2021-05-30	South America / Brazil / Sao Paulo
EPI_ISL_2345502	2021-03-24	2021-05-30	South America / Brazil / Sao Paulo
EPI_ISL_2345501	2021-03-24	2021-05-30	South America / Brazil / Sao Paulo
EPI_ISL_2345500	2021-03-23	2021-05-30	South America / Brazil / Sao Paulo
EPI_ISL_2345507	2021-03-23	2021-05-30	South America / Brazil / Sao Paulo
EPI_ISL_2345506	2021-03-24	2021-05-30	South America / Brazil / Sao Paulo
EPI_ISL_2345504	2021-03-23	2021-05-30	South America / Brazil / Sao Paulo
EPI_ISL_2345503	2021-03-23	2021-05-30	South America / Brazil / Sao Paulo
EPI_ISL_2345513	2021-03-24	2021-05-30	South America / Brazil / Sao Paulo
EPI_ISL_2345510	2021-03-24	2021-05-30	South America / Brazil / Sao Paulo
EPI_ISL_2345519	2021-03-22	2021-05-30	South America / Brazil / Sao Paulo
EPI_ISL_2345518	2021-03-22	2021-05-30	South America / Brazil / Sao Paulo
EPI_ISL_2345517	2021-03-22	2021-05-30	South America / Brazil / Sao Paulo
EPI_ISL_2345515	2021-03-22	2021-05-30	South America / Brazil / Sao Paulo
EPI_ISL_2345514	2021-03-21	2021-05-30	South America / Brazil / Sao Paulo
EPI_ISL_2345524	2021-03-22	2021-05-30	South America / Brazil / Sao Paulo
EPI_ISL_2345522	2021-03-23	2021-05-30	South America / Brazil / Sao Paulo
EPI_ISL_2345521	2021-03-22	2021-05-30	South America / Brazil / Sao Paulo
EPI_ISL_2345520	2021-03-22	2021-05-30	South America / Brazil / Sao Paulo
EPI_ISL_2345529	2021-03-22	2021-05-30	South America / Brazil / Sao Paulo
EPI_ISL_2345528	2021-03-22	2021-05-30	South America / Brazil / Sao Paulo
EPI_ISL_2345526	2021-03-24	2021-05-30	South America / Brazil / Sao Paulo
EPI_ISL_2345525	2021-03-24	2021-05-30	South America / Brazil / Sao Paulo
EPI_ISL_2345535	2021-03-22	2021-05-30	South America / Brazil / Sao Paulo
EPI_ISL_2345534	2021-03-22	2021-05-30	South America / Brazil / Sao Paulo
EPI_ISL_2345532	2021-03-21	2021-05-30	South America / Brazil / Sao Paulo
EPI_ISL_2345530	2021-03-21	2021-05-30	South America / Brazil / Sao Paulo
EPI_ISL_2345539	2021-03-22	2021-05-30	South America / Brazil / Sao Paulo
EPI_ISL_2345538	2021-03-22	2021-05-30	South America / Brazil / Sao Paulo
EPI_ISL_2345536	2021-03-22	2021-05-30	South America / Brazil / Sao Paulo
EPI_ISL_2345589	2021-03-24	2021-05-30	South America / Brazil / Sao Paulo
EPI_ISL_2345588	2021-03-23	2021-05-30	South America / Brazil / Sao Paulo
EPI_ISL_2345587	2021-03-24	2021-05-30	South America / Brazil / Sao Paulo
EPI_ISL_2345585	2021-03-24	2021-05-30	South America / Brazil / Sao Paulo
EPI_ISL_2345582	2021-03-23	2021-05-30	South America / Brazil / Sao Paulo
EPI_ISL_2345599	2021-03-24	2021-05-30	South America / Brazil / Sao Paulo
EPI_ISL_2345596	2021-03-24	2021-05-30	South America / Brazil / Sao Paulo
EPI_ISL_2345594	2021-03-24	2021-05-30	South America / Brazil / Sao Paulo
EPI_ISL_2345593	2021-03-24	2021-05-30	South America / Brazil / Sao Paulo
EPI_ISL_2345592	2021-03-23	2021-05-30	South America / Brazil / Sao Paulo
EPI_ISL_2345591	2021-03-24	2021-05-30	South America / Brazil / Sao Paulo
EPI_ISL_2345590	2021-03-24	2021-05-30	South America / Brazil / Sao Paulo
EPI_ISL_2345546	2021-03-22	2021-05-30	South America / Brazil / Sao Paulo
EPI_ISL_2345545	2021-03-22	2021-05-30	South America / Brazil / Sao Paulo
EPI_ISL_2345543	2021-03-22	2021-05-30	South America / Brazil / Sao Paulo
EPI_ISL_2345542	2021-03-22	2021-05-30	South America / Brazil / Sao Paulo
EPI_ISL_2345540	2021-03-22	2021-05-30	South America / Brazil / Sao Paulo
EPI_ISL_2345549	2021-03-22	2021-05-30	South America / Brazil / Sao Paulo
EPI_ISL_2345548	2021-03-22	2021-05-30	South America / Brazil / Sao Paulo
EPI_ISL_2345555	2021-03-22	2021-05-30	South America / Brazil / Sao Paulo
EPI_ISL_2345554	2021-03-22	2021-05-30	South America / Brazil / Sao Paulo
EPI_ISL_2345553	2021-03-22	2021-05-30	South America / Brazil / Sao Paulo
EPI_ISL_2345550	2021-03-22	2021-05-30	South America / Brazil / Sao Paulo
EPI_ISL_2345559	2021-03-22	2021-05-30	South America / Brazil / Sao Paulo
EPI_ISL_2345558	2021-03-22	2021-05-30	South America / Brazil / Sao Paulo
EPI_ISL_2345568	2021-03-22	2021-05-30	South America / Brazil / Sao Paulo
EPI_ISL_2345566	2021-03-23	2021-05-30	South America / Brazil / Sao Paulo
EPI_ISL_2345565	2021-03-22	2021-05-30	South America / Brazil / Sao Paulo
EPI_ISL_2345562	2021-03-22	2021-05-30	South America / Brazil / Sao Paulo
EPI_ISL_2345569	2021-03-22	2021-05-30	South America / Brazil / Sao Paulo
EPI_ISL_2345560	2021-03-22	2021-05-30	South America / Brazil / Sao Paulo
EPI_ISL_2345579	2021-03-23	2021-05-30	South America / Brazil / Sao Paulo
EPI_ISL_2345578	2021-03-22	2021-05-30	South America / Brazil / Sao Paulo
EPI_ISL_2345576	2021-03-23	2021-05-30	South America / Brazil / Sao Paulo
EPI_ISL_2345570	2021-03-22	2021-05-30	South America / Brazil / Sao Paulo
EPI_ISL_2346039	2021-04-06	2021-05-30	South America / Brazil / Sao Paulo
EPI_ISL_2346038	2021-04-08	2021-05-30	South America / Brazil / Sao Paulo
EPI_ISL_2346037	2021-04-05	2021-05-30	South America / Brazil / Sao Paulo
EPI_ISL_2346036	2021-04-08	2021-05-30	South America / Brazil / Sao Paulo
EPI_ISL_2346034	2021-04-06	2021-05-30	South America / Brazil / Sao Paulo
EPI_ISL_2346033	2021-04-08	2021-05-30	South America / Brazil / Sao Paulo
EPI_ISL_2346032	2021-04-05	2021-05-30	South America / Brazil / Sao Paulo
EPI_ISL_2346031	2021-04-06	2021-05-30	South America / Brazil / Sao Paulo
EPI_ISL_2346030	2021-04-07	2021-05-30	South America / Brazil / Sao Paulo
EPI_ISL_2346049	2021-04-07	2021-05-30	South America / Brazil / Sao Paulo
EPI_ISL_2346048	2021-04-06	2021-05-30	South America / Brazil / Sao Paulo
EPI_ISL_2346047	2021-04-07	2021-05-30	South America / Brazil / Sao Paulo
EPI_ISL_2346046	2021-04-06	2021-05-30	South America / Brazil / Sao Paulo
EPI_ISL_2346044	2021-04-06	2021-05-30	South America / Brazil / Sao Paulo
EPI_ISL_2346043	2021-04-05	2021-05-30	South America / Brazil / Sao Paulo
EPI_ISL_2346041	2021-04-07	2021-05-30	South America / Brazil / Sao Paulo
EPI_ISL_2346069	2021-03-03	2021-05-30	South America / Brazil / Sao Paulo
EPI_ISL_2346067	2021-03-03	2021-05-30	South America / Brazil / Sao Paulo
EPI_ISL_2344299	2020-09-11	2021-05-30	South America / Brazil / Sao Paulo / Ribeirao Preto
EPI_ISL_2346008	2021-04-07	2021-05-30	South America / Brazil / Sao Paulo
EPI_ISL_2346007	2021-04-07	2021-05-30	South America / Brazil / Sao Paulo
EPI_ISL_2346005	2021-04-07	2021-05-30	South America / Brazil / Sao Paulo
EPI_ISL_2346004	2021-04-07	2021-05-30	South America / Brazil / Sao Paulo
EPI_ISL_2346003	2021-04-08	2021-05-30	South America / Brazil / Sao Paulo
EPI_ISL_2346002	2021-04-05	2021-05-30	South America / Brazil / Sao Paulo
EPI_ISL_2346001	2021-04-07	2021-05-30	South America / Brazil / Sao Paulo
EPI_ISL_2346000	2021-04-07	2021-05-30	South America / Brazil / Sao Paulo
EPI_ISL_2346019	2021-04-08	2021-05-30	South America / Brazil / Sao Paulo
EPI_ISL_2346018	2021-04-06	2021-05-30	South America / Brazil / Sao Paulo
EPI_ISL_2346017	2021-04-07	2021-05-30	South America / Brazil / Sao Paulo
EPI_ISL_2346016	2021-04-08	2021-05-30	South America / Brazil / Sao Paulo
EPI_ISL_2346015	2021-04-08	2021-05-30	South America / Brazil / Sao Paulo
EPI_ISL_2346014	2021-04-07	2021-05-30	South America / Brazil / Sao Paulo
EPI_ISL_2346013	2021-04-07	2021-05-30	South America / Brazil / Sao Paulo
EPI_ISL_2346012	2021-04-07	2021-05-30	South America / Brazil / Sao Paulo
EPI_ISL_2346011	2021-04-07	2021-05-30	South America / Brazil / Sao Paulo
EPI_ISL_2346010	2021-04-05	2021-05-30	South America / Brazil / Sao Paulo
EPI_ISL_2346028	2021-04-08	2021-05-30	South America / Brazil / Sao Paulo
EPI_ISL_2346027	2021-04-08	2021-05-30	South America / Brazil / Sao Paulo
EPI_ISL_2346026	2021-04-06	2021-05-30	South America / Brazil / Sao Paulo
EPI_ISL_2346025	2021-04-06	2021-05-30	South America / Brazil / Sao Paulo
EPI_ISL_2346024	2021-04-07	2021-05-30	South America / Brazil / Sao Paulo
EPI_ISL_2346022	2021-04-07	2021-05-30	South America / Brazil / Sao Paulo
EPI_ISL_2346021	2021-04-05	2021-05-30	South America / Brazil / Sao Paulo
EPI_ISL_2346020	2021-04-08	2021-05-30	South America / Brazil / Sao Paulo
EPI_ISL_2346079	2021-03-17	2021-05-30	South America / Brazil / Sao Paulo
EPI_ISL_2346078	2021-03-17	2021-05-30	South America / Brazil / Sao Paulo
EPI_ISL_2346077	2021-03-17	2021-05-30	South America / Brazil / Sao Paulo
EPI_ISL_2346076	2021-03-16	2021-05-30	South America / Brazil / Sao Paulo
EPI_ISL_2346075	2021-03-15	2021-05-30	South America / Brazil / Sao Paulo
EPI_ISL_2346074	2021-03-13	2021-05-30	South America / Brazil / Sao Paulo
EPI_ISL_2346073	2021-03-13	2021-05-30	South America / Brazil / Sao Paulo
EPI_ISL_2346072	2021-03-03	2021-05-30	South America / Brazil / Sao Paulo
EPI_ISL_2346070	2021-03-03	2021-05-30	South America / Brazil / Sao Paulo
EPI_ISL_2346089	2021-04-15	2021-05-30	South America / Brazil / Sao Paulo
EPI_ISL_2346088	2021-04-15	2021-05-30	South America / Brazil / Sao Paulo
EPI_ISL_2346087	2021-04-15	2021-05-30	South America / Brazil / Sao Paulo
EPI_ISL_2346086	2021-04-15	2021-05-30	South America / Brazil / Sao Paulo
EPI_ISL_2346085	2021-04-15	2021-05-30	South America / Brazil / Sao Paulo
EPI_ISL_2346084	2021-04-15	2021-05-30	South America / Brazil / Sao Paulo
EPI_ISL_2346083	2021-04-15	2021-05-30	South America / Brazil / Sao Paulo
EPI_ISL_2346091	2021-04-15	2021-05-30	South America / Brazil / Sao Paulo
EPI_ISL_2346090	2021-04-15	2021-05-30	South America / Brazil / Sao Paulo
EPI_ISL_2346099	2021-04-20	2021-05-30	South America / Brazil / Sao Paulo
EPI_ISL_2346098	2021-04-20	2021-05-30	South America / Brazil / Sao Paulo
EPI_ISL_2346097	2021-04-20	2021-05-30	South America / Brazil / Sao Paulo
EPI_ISL_2346096	2021-04-20	2021-05-30	South America / Brazil / Sao Paulo
EPI_ISL_2346095	2021-04-20	2021-05-30	South America / Brazil / Sao Paulo
EPI_ISL_2346094	2021-04-20	2021-05-30	South America / Brazil / Sao Paulo
EPI_ISL_2346093	2021-04-15	2021-05-30	South America / Brazil / Sao Paulo
EPI_ISL_2346092	2021-04-15	2021-05-30	South America / Brazil / Sao Paulo
EPI_ISL_2345403	2021-03-21	2021-05-30	South America / Brazil / Sao Paulo
EPI_ISL_2345402	2021-03-21	2021-05-30	South America / Brazil / Sao Paulo
EPI_ISL_2345401	2021-03-21	2021-05-30	South America / Brazil / Sao Paulo
EPI_ISL_2345400	2021-03-21	2021-05-30	South America / Brazil / Sao Paulo
EPI_ISL_2345409	2021-03-21	2021-05-30	South America / Brazil / Sao Paulo
EPI_ISL_2345406	2021-03-21	2021-05-30	South America / Brazil / Sao Paulo
EPI_ISL_2345404	2021-03-20	2021-05-30	South America / Brazil / Sao Paulo
EPI_ISL_2345413	2021-03-21	2021-05-30	South America / Brazil / Sao Paulo
EPI_ISL_2345412	2021-03-21	2021-05-30	South America / Brazil / Sao Paulo
EPI_ISL_2345411	2021-03-21	2021-05-30	South America / Brazil / Sao Paulo
EPI_ISL_2345410	2021-03-21	2021-05-30	South America / Brazil / Sao Paulo
EPI_ISL_2345419	2021-03-21	2021-05-30	South America / Brazil / Sao Paulo
EPI_ISL_2345418	2021-03-21	2021-05-30	South America / Brazil / Sao Paulo
EPI_ISL_2345417	2021-03-21	2021-05-30	South America / Brazil / Sao Paulo
EPI_ISL_2345416	2021-03-21	2021-05-30	South America / Brazil / Sao Paulo
EPI_ISL_2345415	2021-03-21	2021-05-30	South America / Brazil / Sao Paulo
EPI_ISL_2344974	2021-04-20	2021-05-30	South America / Brazil / Sao Paulo
EPI_ISL_2344973	2021-04-23	2021-05-30	South America / Brazil / Sao Paulo
EPI_ISL_2344972	2021-04-22	2021-05-30	South America / Brazil / Sao Paulo
EPI_ISL_2344971	2021-04-23	2021-05-30	South America / Brazil / Sao Paulo
EPI_ISL_2344970	2021-04-21	2021-05-30	South America / Brazil / Sao Paulo
EPI_ISL_2344979	2021-04-23	2021-05-30	South America / Brazil / Sao Paulo
EPI_ISL_2344978	2021-04-23	2021-05-30	South America / Brazil / Sao Paulo
EPI_ISL_2344977	2021-04-23	2021-05-30	South America / Brazil / Sao Paulo
EPI_ISL_2344976	2021-04-23	2021-05-30	South America / Brazil / Sao Paulo
EPI_ISL_2344975	2021-04-23	2021-05-30	South America / Brazil / Sao Paulo
EPI_ISL_2344985	2021-04-22	2021-05-30	South America / Brazil / Sao Paulo
EPI_ISL_2344984	2021-04-22	2021-05-30	South America / Brazil / Sao Paulo
EPI_ISL_2344983	2021-04-22	2021-05-30	South America / Brazil / Sao Paulo
EPI_ISL_2344982	2021-04-22	2021-05-30	South America / Brazil / Sao Paulo
EPI_ISL_2344981	2021-04-21	2021-05-30	South America / Brazil / Sao Paulo
EPI_ISL_2344980	2021-04-23	2021-05-30	South America / Brazil / Sao Paulo
EPI_ISL_2344989	2021-04-23	2021-05-30	South America / Brazil / Sao Paulo
EPI_ISL_2344988	2021-04-23	2021-05-30	South America / Brazil / Sao Paulo
EPI_ISL_2344987	2021-04-23	2021-05-30	South America / Brazil / Sao Paulo
EPI_ISL_2344986	2021-04-21	2021-05-30	South America / Brazil / Sao Paulo
EPI_ISL_2344996	2021-04-22	2021-05-30	South America / Brazil / Sao Paulo
EPI_ISL_2344994	2021-04-20	2021-05-30	South America / Brazil / Sao Paulo
EPI_ISL_2344993	2021-04-20	2021-05-30	South America / Brazil / Sao Paulo
EPI_ISL_2344992	2021-04-20	2021-05-30	South America / Brazil / Sao Paulo
EPI_ISL_2344991	2021-04-22	2021-05-30	South America / Brazil / Sao Paulo
EPI_ISL_2344990	2021-04-22	2021-05-30	South America / Brazil / Sao Paulo
EPI_ISL_2344999	2021-04-23	2021-05-30	South America / Brazil / Sao Paulo
EPI_ISL_2344998	2021-04-21	2021-05-30	South America / Brazil / Sao Paulo
EPI_ISL_2344997	2021-04-23	2021-05-30	South America / Brazil / Sao Paulo
EPI_ISL_2345469	2021-03-24	2021-05-30	South America / Brazil / Sao Paulo
EPI_ISL_2345468	2021-03-24	2021-05-30	South America / Brazil / Sao Paulo
EPI_ISL_2345467	2021-03-24	2021-05-30	South America / Brazil / Sao Paulo
EPI_ISL_2345466	2021-03-24	2021-05-30	South America / Brazil / Sao Paulo
EPI_ISL_2345465	2021-03-21	2021-05-30	South America / Brazil / Sao Paulo
EPI_ISL_2345463	2021-03-22	2021-05-30	South America / Brazil / Sao Paulo
EPI_ISL_2345461	2021-03-22	2021-05-30	South America / Brazil / Sao Paulo
EPI_ISL_2345460	2021-03-22	2021-05-30	South America / Brazil / Sao Paulo
EPI_ISL_2345478	2021-03-23	2021-05-30	South America / Brazil / Sao Paulo
EPI_ISL_2345477	2021-03-23	2021-05-30	South America / Brazil / Sao Paulo
EPI_ISL_2345476	2021-03-23	2021-05-30	South America / Brazil / Sao Paulo
EPI_ISL_2345475	2021-03-24	2021-05-30	South America / Brazil / Sao Paulo
EPI_ISL_2345472	2021-03-24	2021-05-30	South America / Brazil / Sao Paulo
EPI_ISL_2345470	2021-03-24	2021-05-30	South America / Brazil / Sao Paulo
EPI_ISL_2345489	2021-03-23	2021-05-30	South America / Brazil / Sao Paulo
EPI_ISL_2345488	2021-03-23	2021-05-30	South America / Brazil / Sao Paulo
EPI_ISL_2345487	2021-03-23	2021-05-30	South America / Brazil / Sao Paulo
EPI_ISL_2345486	2021-03-23	2021-05-30	South America / Brazil / Sao Paulo
EPI_ISL_2345485	2021-03-23	2021-05-30	South America / Brazil / Sao Paulo
EPI_ISL_2345484	2021-03-23	2021-05-30	South America / Brazil / Sao Paulo
EPI_ISL_2345483	2021-03-23	2021-05-30	South America / Brazil / Sao Paulo
EPI_ISL_2345482	2021-03-23	2021-05-30	South America / Brazil / Sao Paulo
EPI_ISL_2345480	2021-03-23	2021-05-30	South America / Brazil / Sao Paulo
EPI_ISL_2345499	2021-03-24	2021-05-30	South America / Brazil / Sao Paulo
EPI_ISL_2345498	2021-03-24	2021-05-30	South America / Brazil / Sao Paulo
EPI_ISL_2345497	2021-03-24	2021-05-30	South America / Brazil / Sao Paulo
EPI_ISL_2345496	2021-03-24	2021-05-30	South America / Brazil / Sao Paulo
EPI_ISL_2345495	2021-03-24	2021-05-30	South America / Brazil / Sao Paulo
EPI_ISL_2345494	2021-03-24	2021-05-30	South America / Brazil / Sao Paulo
EPI_ISL_2345493	2021-03-24	2021-05-30	South America / Brazil / Sao Paulo
EPI_ISL_2345492	2021-03-24	2021-05-30	South America / Brazil / Sao Paulo
EPI_ISL_2345491	2021-03-23	2021-05-30	South America / Brazil / Sao Paulo
EPI_ISL_2345490	2021-03-23	2021-05-30	South America / Brazil / Sao Paulo
EPI_ISL_2345425	2021-03-21	2021-05-30	South America / Brazil / Sao Paulo
EPI_ISL_2345423	2021-03-21	2021-05-30	South America / Brazil / Sao Paulo
EPI_ISL_2345422	2021-03-21	2021-05-30	South America / Brazil / Sao Paulo
EPI_ISL_2345420	2021-03-21	2021-05-30	South America / Brazil / Sao Paulo
EPI_ISL_2345429	2021-03-21	2021-05-30	South America / Brazil / Sao Paulo
EPI_ISL_2345428	2021-03-21	2021-05-30	South America / Brazil / Sao Paulo
EPI_ISL_2345427	2021-03-21	2021-05-30	South America / Brazil / Sao Paulo
EPI_ISL_2345426	2021-03-21	2021-05-30	South America / Brazil / Sao Paulo
EPI_ISL_2345436	2021-03-21	2021-05-30	South America / Brazil / Sao Paulo
EPI_ISL_2345435	2021-03-21	2021-05-30	South America / Brazil / Sao Paulo
EPI_ISL_2345430	2021-03-21	2021-05-30	South America / Brazil / Sao Paulo
EPI_ISL_2345439	2021-03-21	2021-05-30	South America / Brazil / Sao Paulo
EPI_ISL_2345438	2021-03-21	2021-05-30	South America / Brazil / Sao Paulo
EPI_ISL_2345447	2021-03-21	2021-05-30	South America / Brazil / Sao Paulo
EPI_ISL_2345445	2021-03-23	2021-05-30	South America / Brazil / Sao Paulo
EPI_ISL_2345444	2021-03-22	2021-05-30	South America / Brazil / Sao Paulo
EPI_ISL_2345443	2021-03-22	2021-05-30	South America / Brazil / Sao Paulo
EPI_ISL_2345442	2021-03-22	2021-05-30	South America / Brazil / Sao Paulo
EPI_ISL_2345440	2021-03-21	2021-05-30	South America / Brazil / Sao Paulo
EPI_ISL_2345449	2021-03-20	2021-05-30	South America / Brazil / Sao Paulo
EPI_ISL_2345458	2021-03-22	2021-05-30	South America / Brazil / Sao Paulo
EPI_ISL_2345457	2021-03-22	2021-05-30	South America / Brazil / Sao Paulo
EPI_ISL_2345456	2021-03-22	2021-05-30	South America / Brazil / Sao Paulo
EPI_ISL_2345455	2021-03-22	2021-05-30	South America / Brazil / Sao Paulo
EPI_ISL_2345453	2021-03-20	2021-05-30	South America / Brazil / Sao Paulo
EPI_ISL_2345452	2021-03-20	2021-05-30	South America / Brazil / Sao Paulo
EPI_ISL_2345451	2021-03-20	2021-05-30	South America / Brazil / Sao Paulo
EPI_ISL_2345459	2021-03-22	2021-05-30	South America / Brazil / Sao Paulo
EPI_ISL_2345744	2021-04-26	2021-05-30	South America / Brazil / Sao Paulo
EPI_ISL_2345743	2021-04-26	2021-05-30	South America / Brazil / Sao Paulo
EPI_ISL_2345742	2021-04-15	2021-05-30	South America / Brazil / Sao Paulo
EPI_ISL_2345741	2021-05-06	2021-05-30	South America / Brazil / Sao Paulo
EPI_ISL_2345740	2021-05-05	2021-05-30	South America / Brazil / Sao Paulo
EPI_ISL_2345749	2021-05-04	2021-05-30	South America / Brazil / Sao Paulo
EPI_ISL_2345748	2021-05-03	2021-05-30	South America / Brazil / Sao Paulo
EPI_ISL_2345747	2021-04-26	2021-05-30	South America / Brazil / Sao Paulo
EPI_ISL_2345746	2021-05-04	2021-05-30	South America / Brazil / Sao Paulo
EPI_ISL_2345745	2021-05-05	2021-05-30	South America / Brazil / Sao Paulo
EPI_ISL_2345755	2021-04-28	2021-05-30	South America / Brazil / Sao Paulo
EPI_ISL_2345754	2021-04-25	2021-05-30	South America / Brazil / Sao Paulo
EPI_ISL_2345753	2021-05-04	2021-05-30	South America / Brazil / Sao Paulo
EPI_ISL_2345752	2021-05-03	2021-05-30	South America / Brazil / Sao Paulo
EPI_ISL_2344420	2020-10-26	2021-05-30	South America / Brazil / Parana / Curitiba
EPI_ISL_2345751	2021-04-29	2021-05-30	South America / Brazil / Sao Paulo
EPI_ISL_2345750	2021-04-14	2021-05-30	South America / Brazil / Sao Paulo
EPI_ISL_2345759	2021-04-28	2021-05-30	South America / Brazil / Sao Paulo
EPI_ISL_2345758	2021-04-25	2021-05-30	South America / Brazil / Sao Paulo
EPI_ISL_2345757	2021-05-03	2021-05-30	South America / Brazil / Sao Paulo
EPI_ISL_2345756	2021-05-03	2021-05-30	South America / Brazil / Sao Paulo
EPI_ISL_2345766	2021-05-05	2021-05-30	South America / Brazil / Sao Paulo
EPI_ISL_2345765	2021-05-02	2021-05-30	South America / Brazil / Sao Paulo
EPI_ISL_2345764	2021-04-28	2021-05-30	South America / Brazil / Sao Paulo
EPI_ISL_2345763	2021-04-29	2021-05-30	South America / Brazil / Sao Paulo
EPI_ISL_2345762	2021-04-14	2021-05-30	South America / Brazil / Sao Paulo
EPI_ISL_2345761	2021-05-07	2021-05-30	South America / Brazil / Sao Paulo
EPI_ISL_2345760	2021-05-03	2021-05-30	South America / Brazil / Sao Paulo
EPI_ISL_2345769	2021-04-11	2021-05-30	South America / Brazil / Sao Paulo
EPI_ISL_2345768	2021-05-04	2021-05-30	South America / Brazil / Sao Paulo
EPI_ISL_2345767	2021-04-30	2021-05-30	South America / Brazil / Sao Paulo
EPI_ISL_2345777	2021-05-03	2021-05-30	South America / Brazil / Sao Paulo
EPI_ISL_2345776	2021-05-05	2021-05-30	South America / Brazil / Sao Paulo
EPI_ISL_2345775	2021-04-26	2021-05-30	South America / Brazil / Sao Paulo
EPI_ISL_2345774	2021-05-04	2021-05-30	South America / Brazil / Sao Paulo
EPI_ISL_2345773	2021-05-05	2021-05-30	South America / Brazil / Sao Paulo
EPI_ISL_2345772	2021-04-26	2021-05-30	South America / Brazil / Sao Paulo
EPI_ISL_2345771	2021-05-04	2021-05-30	South America / Brazil / Sao Paulo
EPI_ISL_2345770	2021-04-30	2021-05-30	South America / Brazil / Sao Paulo
EPI_ISL_2345778	2021-04-26	2021-05-30	South America / Brazil / Sao Paulo
EPI_ISL_2345700	2021-04-29	2021-05-30	South America / Brazil / Sao Paulo
EPI_ISL_2345708	2021-04-29	2021-05-30	South America / Brazil / Sao Paulo
EPI_ISL_2345707	2021-04-25	2021-05-30	South America / Brazil / Sao Paulo
EPI_ISL_2345706	2021-04-14	2021-05-30	South America / Brazil / Sao Paulo
EPI_ISL_2345704	2021-05-03	2021-05-30	South America / Brazil / Sao Paulo
EPI_ISL_2345703	2021-04-25	2021-05-30	South America / Brazil / Sao Paulo
EPI_ISL_2345702	2021-05-04	2021-05-30	South America / Brazil / Sao Paulo
EPI_ISL_2345711	2021-04-14	2021-05-30	South America / Brazil / Sao Paulo
EPI_ISL_2345710	2021-05-07	2021-05-30	South America / Brazil / Sao Paulo
EPI_ISL_2345719	2021-05-05	2021-05-30	South America / Brazil / Sao Paulo
EPI_ISL_2345718	2021-04-29	2021-05-30	South America / Brazil / Sao Paulo
EPI_ISL_2345716	2021-04-11	2021-05-30	South America / Brazil / Sao Paulo
EPI_ISL_2345715	2021-05-07	2021-05-30	South America / Brazil / Sao Paulo
EPI_ISL_2345714	2021-05-03	2021-05-30	South America / Brazil / Sao Paulo
EPI_ISL_2345712	2021-04-25	2021-05-30	South America / Brazil / Sao Paulo
EPI_ISL_2345709	2021-05-03	2021-05-30	South America / Brazil / Sao Paulo
EPI_ISL_2345721	2021-04-29	2021-05-30	South America / Brazil / Sao Paulo
EPI_ISL_2345720	2021-05-04	2021-05-30	South America / Brazil / Sao Paulo
EPI_ISL_2345729	2021-05-04	2021-05-30	South America / Brazil / Sao Paulo
EPI_ISL_2345728	2021-05-05	2021-05-30	South America / Brazil / Sao Paulo
EPI_ISL_2345727	2021-04-30	2021-05-30	South America / Brazil / Sao Paulo
EPI_ISL_2345726	2021-04-27	2021-05-30	South America / Brazil / Sao Paulo
EPI_ISL_2345725	2021-04-15	2021-05-30	South America / Brazil / Sao Paulo
EPI_ISL_2345723	2021-05-05	2021-05-30	South America / Brazil / Sao Paulo
EPI_ISL_2345733	2021-05-03	2021-05-30	South America / Brazil / Sao Paulo
EPI_ISL_2345732	2021-05-05	2021-05-30	South America / Brazil / Sao Paulo
EPI_ISL_2345730	2021-04-26	2021-05-30	South America / Brazil / Sao Paulo
EPI_ISL_2345739	2021-04-30	2021-05-30	South America / Brazil / Sao Paulo
EPI_ISL_2345738	2021-04-26	2021-05-30	South America / Brazil / Sao Paulo
EPI_ISL_2345736	2021-05-05	2021-05-30	South America / Brazil / Sao Paulo
EPI_ISL_2345735	2021-04-28	2021-05-30	South America / Brazil / Sao Paulo
EPI_ISL_2345788	2021-05-05	2021-05-30	South America / Brazil / Sao Paulo
EPI_ISL_2345787	2021-04-26	2021-05-30	South America / Brazil / Sao Paulo
EPI_ISL_2345786	2021-04-26	2021-05-30	South America / Brazil / Sao Paulo
EPI_ISL_2345785	2021-05-06	2021-05-30	South America / Brazil / Sao Paulo
EPI_ISL_2345784	2021-05-05	2021-05-30	South America / Brazil / Sao Paulo
EPI_ISL_2345783	2021-04-30	2021-05-30	South America / Brazil / Sao Paulo
EPI_ISL_2345782	2021-04-26	2021-05-30	South America / Brazil / Sao Paulo
EPI_ISL_2345781	2021-05-03	2021-05-30	South America / Brazil / Sao Paulo
EPI_ISL_2345789	2021-05-04	2021-05-30	South America / Brazil / Sao Paulo
EPI_ISL_2345799	2021-05-05	2021-05-30	South America / Brazil / Sao Paulo
EPI_ISL_2345798	2021-05-07	2021-05-30	South America / Brazil / Sao Paulo
EPI_ISL_2345797	2021-05-03	2021-05-30	South America / Brazil / Sao Paulo
EPI_ISL_2345796	2021-04-30	2021-05-30	South America / Brazil / Sao Paulo
EPI_ISL_2345795	2021-04-25	2021-05-30	South America / Brazil / Sao Paulo
EPI_ISL_2345794	2021-05-03	2021-05-30	South America / Brazil / Sao Paulo
EPI_ISL_2345793	2021-05-03	2021-05-30	South America / Brazil / Sao Paulo
EPI_ISL_2345792	2021-04-27	2021-05-30	South America / Brazil / Sao Paulo
EPI_ISL_2345791	2021-04-26	2021-05-30	South America / Brazil / Sao Paulo
EPI_ISL_2345790	2021-04-14	2021-05-30	South America / Brazil / Sao Paulo
EPI_ISL_2345807	2021-04-13	2021-05-30	South America / Brazil / Sao Paulo
EPI_ISL_2345806	2021-05-03	2021-05-30	South America / Brazil / Sao Paulo
EPI_ISL_2345805	2021-04-28	2021-05-30	South America / Brazil / Sao Paulo
EPI_ISL_2345804	2021-04-25	2021-05-30	South America / Brazil / Sao Paulo
EPI_ISL_2345803	2021-05-03	2021-05-30	South America / Brazil / Sao Paulo
EPI_ISL_2345802	2021-05-03	2021-05-30	South America / Brazil / Sao Paulo
EPI_ISL_2345801	2021-04-13	2021-05-30	South America / Brazil / Sao Paulo
EPI_ISL_2345800	2021-05-03	2021-05-30	South America / Brazil / Sao Paulo
EPI_ISL_2345810	2021-05-02	2021-05-30	South America / Brazil / Sao Paulo
EPI_ISL_2345818	2021-04-29	2021-05-30	South America / Brazil / Sao Paulo
EPI_ISL_2345817	2021-04-11	2021-05-30	South America / Brazil / Sao Paulo
EPI_ISL_2345816	2021-05-05	2021-05-30	South America / Brazil / Sao Paulo
EPI_ISL_2345815	2021-05-03	2021-05-30	South America / Brazil / Sao Paulo
EPI_ISL_2345814	2021-04-28	2021-05-30	South America / Brazil / Sao Paulo
EPI_ISL_2345813	2021-04-29	2021-05-30	South America / Brazil / Sao Paulo
EPI_ISL_2345812	2021-04-11	2021-05-30	South America / Brazil / Sao Paulo
EPI_ISL_2345811	2021-05-07	2021-05-30	South America / Brazil / Sao Paulo
EPI_ISL_2345809	2021-04-28	2021-05-30	South America / Brazil / Sao Paulo
EPI_ISL_2345808	2021-04-25	2021-05-30	South America / Brazil / Sao Paulo
EPI_ISL_2345622	2021-03-21	2021-05-30	South America / Brazil / Sao Paulo
EPI_ISL_2345621	2021-03-21	2021-05-30	South America / Brazil / Sao Paulo
EPI_ISL_2345629	2021-03-21	2021-05-30	South America / Brazil / Sao Paulo
EPI_ISL_2345628	2021-03-22	2021-05-30	South America / Brazil / Sao Paulo
EPI_ISL_2345627	2021-03-21	2021-05-30	South America / Brazil / Sao Paulo
EPI_ISL_2345634	2021-03-21	2021-05-30	South America / Brazil / Sao Paulo
EPI_ISL_2345633	2021-03-21	2021-05-30	South America / Brazil / Sao Paulo
EPI_ISL_2345632	2021-03-21	2021-05-30	South America / Brazil / Sao Paulo
EPI_ISL_2345631	2021-03-21	2021-05-30	South America / Brazil / Sao Paulo
EPI_ISL_2345639	2021-03-23	2021-05-30	South America / Brazil / Sao Paulo
EPI_ISL_2345637	2021-03-23	2021-05-30	South America / Brazil / Sao Paulo
EPI_ISL_2345636	2021-03-26	2021-05-30	South America / Brazil / Sao Paulo
EPI_ISL_2345635	2021-03-21	2021-05-30	South America / Brazil / Sao Paulo
EPI_ISL_2345645	2021-04-26	2021-05-30	South America / Brazil / Sao Paulo
EPI_ISL_2345644	2021-04-26	2021-05-30	South America / Brazil / Sao Paulo
EPI_ISL_2345643	2021-04-14	2021-05-30	South America / Brazil / Sao Paulo
EPI_ISL_2345642	2021-03-30	2021-05-30	South America / Brazil / Sao Paulo
EPI_ISL_2344311	2020-11-20	2021-05-30	South America / Brazil / Rio Grande do Sul / Porto Alegre
EPI_ISL_2345641	2021-03-22	2021-05-30	South America / Brazil / Sao Paulo
EPI_ISL_2345640	2021-03-22	2021-05-30	South America / Brazil / Sao Paulo
EPI_ISL_2345649	2021-04-26	2021-05-30	South America / Brazil / Sao Paulo
EPI_ISL_2345648	2021-04-14	2021-05-30	South America / Brazil / Sao Paulo
EPI_ISL_2345647	2021-05-04	2021-05-30	South America / Brazil / Sao Paulo
EPI_ISL_2345646	2021-05-04	2021-05-30	South America / Brazil / Sao Paulo
EPI_ISL_2345656	2021-05-03	2021-05-30	South America / Brazil / Sao Paulo
EPI_ISL_2345655	2021-04-28	2021-05-30	South America / Brazil / Sao Paulo
EPI_ISL_2345654	2021-04-26	2021-05-30	South America / Brazil / Sao Paulo
EPI_ISL_2345653	2021-04-13	2021-05-30	South America / Brazil / Sao Paulo
EPI_ISL_2345652	2021-05-05	2021-05-30	South America / Brazil / Sao Paulo
EPI_ISL_2345651	2021-05-03	2021-05-30	South America / Brazil / Sao Paulo
EPI_ISL_2345650	2021-04-26	2021-05-30	South America / Brazil / Sao Paulo
EPI_ISL_2345659	2021-04-25	2021-05-30	South America / Brazil / Sao Paulo
EPI_ISL_2345658	2021-04-14	2021-05-30	South America / Brazil / Sao Paulo
EPI_ISL_2345657	2021-05-04	2021-05-30	South America / Brazil / Sao Paulo
EPI_ISL_2345609	2021-03-26	2021-05-30	South America / Brazil / Sao Paulo
EPI_ISL_2345608	2021-03-26	2021-05-30	South America / Brazil / Sao Paulo
EPI_ISL_2345607	2021-03-26	2021-05-30	South America / Brazil / Sao Paulo
EPI_ISL_2345606	2021-03-26	2021-05-30	South America / Brazil / Sao Paulo
EPI_ISL_2345605	2021-03-26	2021-05-30	South America / Brazil / Sao Paulo
EPI_ISL_2345604	2021-03-26	2021-05-30	South America / Brazil / Sao Paulo
EPI_ISL_2345603	2021-03-26	2021-05-30	South America / Brazil / Sao Paulo
EPI_ISL_2345602	2021-03-22	2021-05-30	South America / Brazil / Sao Paulo
EPI_ISL_2345612	2021-03-24	2021-05-30	South America / Brazil / Sao Paulo
EPI_ISL_2345611	2021-03-21	2021-05-30	South America / Brazil / Sao Paulo
EPI_ISL_2345610	2021-03-23	2021-05-30	South America / Brazil / Sao Paulo
EPI_ISL_2345619	2021-03-21	2021-05-30	South America / Brazil / Sao Paulo
EPI_ISL_2345617	2021-03-21	2021-05-30	South America / Brazil / Sao Paulo
EPI_ISL_2345616	2021-03-21	2021-05-30	South America / Brazil / Sao Paulo
EPI_ISL_2345615	2021-03-22	2021-05-30	South America / Brazil / Sao Paulo
EPI_ISL_2345613	2021-03-21	2021-05-30	South America / Brazil / Sao Paulo
EPI_ISL_2345667	2021-04-25	2021-05-30	South America / Brazil / Sao Paulo
EPI_ISL_2345666	2021-05-07	2021-05-30	South America / Brazil / Sao Paulo
EPI_ISL_2345665	2021-05-03	2021-05-30	South America / Brazil / Sao Paulo
EPI_ISL_2345664	2021-04-29	2021-05-30	South America / Brazil / Sao Paulo
EPI_ISL_2345663	2021-04-25	2021-05-30	South America / Brazil / Sao Paulo
EPI_ISL_2345662	2021-05-03	2021-05-30	South America / Brazil / Sao Paulo
EPI_ISL_2345661	2021-05-03	2021-05-30	South America / Brazil / Sao Paulo
EPI_ISL_2345660	2021-04-28	2021-05-30	South America / Brazil / Sao Paulo
EPI_ISL_2345669	2021-05-03	2021-05-30	South America / Brazil / Sao Paulo
EPI_ISL_2345668	2021-04-29	2021-05-30	South America / Brazil / Sao Paulo
EPI_ISL_2345678	2021-04-28	2021-05-30	South America / Brazil / Sao Paulo
EPI_ISL_2345677	2021-05-05	2021-05-30	South America / Brazil / Sao Paulo
EPI_ISL_2345676	2021-04-30	2021-05-30	South America / Brazil / Sao Paulo
EPI_ISL_2345675	2021-04-29	2021-05-30	South America / Brazil / Sao Paulo
EPI_ISL_2345674	2021-05-04	2021-05-30	South America / Brazil / Sao Paulo
EPI_ISL_2345673	2021-05-05	2021-05-30	South America / Brazil / Sao Paulo
EPI_ISL_2345672	2021-04-30	2021-05-30	South America / Brazil / Sao Paulo
EPI_ISL_2345671	2021-04-30	2021-05-30	South America / Brazil / Sao Paulo
EPI_ISL_2345679	2021-05-04	2021-05-30	South America / Brazil / Sao Paulo
EPI_ISL_2345689	2021-04-26	2021-05-30	South America / Brazil / Sao Paulo
EPI_ISL_2345688	2021-04-26	2021-05-30	South America / Brazil / Sao Paulo
EPI_ISL_2345686	2021-05-05	2021-05-30	South America / Brazil / Sao Paulo
EPI_ISL_2345685	2021-04-27	2021-05-30	South America / Brazil / Sao Paulo
EPI_ISL_2345684	2021-05-03	2021-05-30	South America / Brazil / Sao Paulo
EPI_ISL_2345683	2021-05-05	2021-05-30	South America / Brazil / Sao Paulo
EPI_ISL_2345682	2021-04-29	2021-05-30	South America / Brazil / Sao Paulo
EPI_ISL_2345681	2021-04-27	2021-05-30	South America / Brazil / Sao Paulo
EPI_ISL_2345680	2021-05-05	2021-05-30	South America / Brazil / Sao Paulo
EPI_ISL_2345699	2021-04-25	2021-05-30	South America / Brazil / Sao Paulo
EPI_ISL_2345698	2021-04-12	2021-05-30	South America / Brazil / Sao Paulo
EPI_ISL_2345697	2021-05-05	2021-05-30	South America / Brazil / Sao Paulo
EPI_ISL_2345696	2021-05-03	2021-05-30	South America / Brazil / Sao Paulo
EPI_ISL_2345694	2021-04-26	2021-05-30	South America / Brazil / Sao Paulo
EPI_ISL_2345693	2021-05-04	2021-05-30	South America / Brazil / Sao Paulo
EPI_ISL_2345692	2021-05-04	2021-05-30	South America / Brazil / Sao Paulo
EPI_ISL_2345691	2021-05-06	2021-05-30	South America / Brazil / Sao Paulo
EPI_ISL_2345690	2021-05-05	2021-05-30	South America / Brazil / Sao Paulo
EPI_ISL_1213201	2021-01-21	2021-03-11	South America / Brazil / Paraiba / Joao Pessoa
EPI_ISL_1966649	2021-04-04	2021-05-08	South America / Brazil / Sao Paulo
EPI_ISL_1966677	2021-04-05	2021-05-08	South America / Brazil / Sao Paulo
EPI_ISL_1966543	2021-03-29	2021-05-08	South America / Brazil / Sao Paulo
EPI_ISL_1966642	2021-04-05	2021-05-08	South America / Brazil / Sao Paulo
EPI_ISL_2348610	2021-05-10	2021-05-30	South America / Brazil / Goias / Aparecida de Goiania
EPI_ISL_2348611	2021-05-12	2021-05-30	South America / Brazil / Goias / Aparecida de Goiania
EPI_ISL_2348612	2021-05-12	2021-05-30	South America / Brazil / Goias / Aparecida de Goiania
EPI_ISL_2348613	2021-05-13	2021-05-30	South America / Brazil / Goias / Aparecida de Goiania
EPI_ISL_2348614	2021-05-13	2021-05-30	South America / Brazil / Goias / Aparecida de Goiania
EPI_ISL_2348615	2021-05-13	2021-05-30	South America / Brazil / Goias / Aparecida de Goiania
EPI_ISL_2348605	2021-05-05	2021-05-30	South America / Brazil / Goias / Aparecida de Goiania
EPI_ISL_2348606	2021-05-08	2021-05-30	South America / Brazil / Goias / Aparecida de Goiania
EPI_ISL_2348607	2021-05-07	2021-05-30	South America / Brazil / Goias / Aparecida de Goiania
EPI_ISL_2348608	2021-05-10	2021-05-30	South America / Brazil / Goias / Aparecida de Goiania
EPI_ISL_2348609	2021-05-10	2021-05-30	South America / Brazil / Goias / Aparecida de Goiania
EPI_ISL_2348600	2021-02-25	2021-05-30	South America / Brazil / Goias / Aparecida de Goiania
EPI_ISL_2348601	2021-03-09	2021-05-30	South America / Brazil / Goias / Aparecida de Goiania
EPI_ISL_2348602	2021-03-17	2021-05-30	South America / Brazil / Goias / Aparecida de Goiania
EPI_ISL_2348603	2021-03-22	2021-05-30	South America / Brazil / Goias / Aparecida de Goiania
EPI_ISL_2348604	2021-05-04	2021-05-30	South America / Brazil / Goias / Aparecida de Goiania
EPI_ISL_1261693	2021-02-15	2021-03-16	South America / Brazil / Ceara
EPI_ISL_2348599	2021-02-19	2021-05-30	South America / Brazil / Goias / Aparecida de Goiania
EPI_ISL_2362272	2021-05-04	2021-05-31	South America / Brazil / Sao Paulo
EPI_ISL_2362270	2021-04-13	2021-05-31	South America / Brazil / Sao Paulo
EPI_ISL_2362271	2021-04-14	2021-05-31	South America / Brazil / Sao Paulo
EPI_ISL_2362274	2021-04-13	2021-05-31	South America / Brazil / Sao Paulo
EPI_ISL_2362275	2021-04-13	2021-05-31	South America / Brazil / Sao Paulo
EPI_ISL_2362241	2021-04-13	2021-05-31	South America / Brazil / Sao Paulo
EPI_ISL_2362247	2021-04-12	2021-05-31	South America / Brazil / Sao Paulo
EPI_ISL_2362237	2021-04-09	2021-05-31	South America / Brazil / Sao Paulo
EPI_ISL_2362239	2021-04-12	2021-05-31	South America / Brazil / Sao Paulo
EPI_ISL_2362262	2021-04-27	2021-05-31	South America / Brazil / Sao Paulo
EPI_ISL_2362260	2021-04-27	2021-05-31	South America / Brazil / Sao Paulo
EPI_ISL_2362266	2021-04-11	2021-05-31	South America / Brazil / Sao Paulo
EPI_ISL_2362263	2021-04-12	2021-05-31	South America / Brazil / Sao Paulo
EPI_ISL_2362264	2021-04-14	2021-05-31	South America / Brazil / Sao Paulo
EPI_ISL_2362269	2021-04-29	2021-05-31	South America / Brazil / Sao Paulo
EPI_ISL_2362268	2021-05-05	2021-05-31	South America / Brazil / Sao Paulo
EPI_ISL_2362254	2021-04-28	2021-05-31	South America / Brazil / Sao Paulo
EPI_ISL_2362255	2021-04-13	2021-05-31	South America / Brazil / Sao Paulo
EPI_ISL_2362252	2021-04-14	2021-05-31	South America / Brazil / Sao Paulo
EPI_ISL_2362253	2021-04-13	2021-05-31	South America / Brazil / Sao Paulo
EPI_ISL_2362256	2021-04-12	2021-05-31	South America / Brazil / Sao Paulo
EPI_ISL_2362243	2021-05-05	2021-05-31	South America / Brazil / Sao Paulo
EPI_ISL_2362242	2021-04-14	2021-05-31	South America / Brazil / Sao Paulo
EPI_ISL_2362246	2021-04-26	2021-05-31	South America / Brazil / Sao Paulo
EPI_ISL_2362265	2021-05-07	2021-05-31	South America / Brazil / Sao Paulo
EPI_ISL_2362267	2021-04-11	2021-05-31	South America / Brazil / Sao Paulo
EPI_ISL_2362250	2021-05-03	2021-05-31	South America / Brazil / Sao Paulo
EPI_ISL_2362251	2021-04-27	2021-05-31	South America / Brazil / Sao Paulo
EPI_ISL_2375840	2021-04-18	2021-06-01	South America / Brazil / Rio Grande do Sul
EPI_ISL_2375842	2021-04-19	2021-06-01	South America / Brazil / Rio Grande do Sul
EPI_ISL_2375841	2021-04-04	2021-06-01	South America / Brazil / Rio Grande do Sul
EPI_ISL_2375844	2021-04-21	2021-06-01	South America / Brazil / Rio Grande do Sul
EPI_ISL_2375843	2021-04-19	2021-06-01	South America / Brazil / Rio Grande do Sul
EPI_ISL_2375846	2021-04-19	2021-06-01	South America / Brazil / Rio Grande do Sul
EPI_ISL_2375845	2021-04-23	2021-06-01	South America / Brazil / Rio Grande do Sul
EPI_ISL_2375847	2021-04-23	2021-06-01	South America / Brazil / Rio Grande do Sul
EPI_ISL_2376139	2021-04-18	2021-06-01	South America / Brazil / Rio Grande do Sul
EPI_ISL_2376027	2021-04-17	2021-06-01	South America / Brazil / Rio Grande do Sul
EPI_ISL_2376028	2021-04-16	2021-06-01	South America / Brazil / Rio Grande do Sul
EPI_ISL_2376029	2021-04-17	2021-06-01	South America / Brazil / Rio Grande do Sul
EPI_ISL_2376030	2021-04-16	2021-06-01	South America / Brazil / Rio Grande do Sul
EPI_ISL_2376033	2021-04-18	2021-06-01	South America / Brazil / Rio Grande do Sul
EPI_ISL_2376031	2021-04-16	2021-06-01	South America / Brazil / Rio Grande do Sul
EPI_ISL_2376032	2021-04-18	2021-06-01	South America / Brazil / Rio Grande do Sul
EPI_ISL_2375476	2021-05-27	2021-06-01	South America / Brazil / Espirito Santo / Vitoria
EPI_ISL_2375503	2021-04-17	2021-06-01	South America / Brazil / Rio Grande do Sul
EPI_ISL_2375505	2021-03-23	2021-06-01	South America / Brazil / Rio Grande do Sul
EPI_ISL_2375507	2021-04-16	2021-06-01	South America / Brazil / Rio Grande do Sul
EPI_ISL_2375506	2021-03-16	2021-06-01	South America / Brazil / Rio Grande do Sul
EPI_ISL_2375509	2021-04-16	2021-06-01	South America / Brazil / Rio Grande do Sul
EPI_ISL_2375508	2021-04-17	2021-06-01	South America / Brazil / Rio Grande do Sul
EPI_ISL_2375510	2021-04-16	2021-06-01	South America / Brazil / Rio Grande do Sul
EPI_ISL_2375511	2021-04-16	2021-06-01	South America / Brazil / Rio Grande do Sul
EPI_ISL_2378750	2021-05-17	2021-06-02	South America / Brazil / Sao Paulo
EPI_ISL_2378753	2021-05-20	2021-06-02	South America / Brazil / Sao Paulo
EPI_ISL_2378752	2021-05-17	2021-06-02	South America / Brazil / Sao Paulo
EPI_ISL_2378737	2021-05-16	2021-06-02	South America / Brazil / Sao Paulo
EPI_ISL_2378736	2021-05-16	2021-06-02	South America / Brazil / Sao Paulo
EPI_ISL_2378739	2021-05-17	2021-06-02	South America / Brazil / Sao Paulo
EPI_ISL_2378740	2021-05-17	2021-06-02	South America / Brazil / Sao Paulo
EPI_ISL_2378744	2021-05-20	2021-06-02	South America / Brazil / Sao Paulo
EPI_ISL_2378743	2021-05-17	2021-06-02	South America / Brazil / Sao Paulo
EPI_ISL_2378741	2021-05-17	2021-06-02	South America / Brazil / Sao Paulo
EPI_ISL_2378748	2021-05-20	2021-06-02	South America / Brazil / Sao Paulo
EPI_ISL_2378746	2021-05-19	2021-06-02	South America / Brazil / Sao Paulo
EPI_ISL_2378745	2021-05-19	2021-06-02	South America / Brazil / Sao Paulo
EPI_ISL_2378749	2021-05-20	2021-06-02	South America / Brazil / Sao Paulo
EPI_ISL_2383035	2021-05-17	2021-06-02	South America / Brazil / Sao Paulo
EPI_ISL_2383034	2021-05-17	2021-06-02	South America / Brazil / Sao Paulo
EPI_ISL_2378670	2021-05-13	2021-06-02	South America / Brazil / Sao Paulo / Descalvado
EPI_ISL_2378674	2021-05-14	2021-06-02	South America / Brazil / Sao Paulo / Descalvado
EPI_ISL_2378673	2021-05-13	2021-06-02	South America / Brazil / Sao Paulo / Porto Ferreira
EPI_ISL_2378672	2021-05-13	2021-06-02	South America / Brazil / Sao Paulo / Descalvado
EPI_ISL_2378678	2021-05-15	2021-06-02	South America / Brazil / Sao Paulo / Araraquara
EPI_ISL_2378677	2021-05-15	2021-06-02	South America / Brazil / Sao Paulo / Araraquara
EPI_ISL_2378685	2021-05-16	2021-06-02	South America / Brazil / Sao Paulo / Araraquara
EPI_ISL_2378683	2021-05-15	2021-06-02	South America / Brazil / Sao Paulo / Araraquara
EPI_ISL_2378682	2021-05-15	2021-06-02	South America / Brazil / Sao Paulo / Araraquara
EPI_ISL_2378689	2021-05-16	2021-06-02	South America / Brazil / Sao Paulo / Taquaritinga
EPI_ISL_2378688	2021-05-16	2021-06-02	South America / Brazil / Sao Paulo / Araraquara
EPI_ISL_2378687	2021-05-16	2021-06-02	South America / Brazil / Sao Paulo / Araraquara
EPI_ISL_2378686	2021-05-16	2021-06-02	South America / Brazil / Sao Paulo / Araraquara
EPI_ISL_2378652	2021-05-07	2021-06-02	South America / Brazil / Sao Paulo / Descalvado
EPI_ISL_2378651	2021-05-06	2021-06-02	South America / Brazil / Sao Paulo / Descalvado
EPI_ISL_2378650	2021-05-05	2021-06-02	South America / Brazil / Sao Paulo / Porto Ferreira
EPI_ISL_2378656	2021-05-07	2021-06-02	South America / Brazil / Sao Paulo / Descalvado
EPI_ISL_2378655	2021-05-07	2021-06-02	South America / Brazil / Sao Paulo / Descalvado
EPI_ISL_2378654	2021-05-07	2021-06-02	South America / Brazil / Sao Paulo / Descalvado
EPI_ISL_2378653	2021-05-07	2021-06-02	South America / Brazil / Sao Paulo / Descalvado
EPI_ISL_2378659	2021-05-08	2021-06-02	South America / Brazil / Sao Paulo / Descalvado
EPI_ISL_2378658	2021-05-07	2021-06-02	South America / Brazil / Sao Paulo / Porto Ferreira
EPI_ISL_2378657	2021-05-07	2021-06-02	South America / Brazil / Sao Paulo / Descalvado
EPI_ISL_2378662	2021-05-11	2021-06-02	South America / Brazil / Sao Paulo / Descalvado
EPI_ISL_2378667	2021-05-12	2021-06-02	South America / Brazil / Sao Paulo / Descalvado
EPI_ISL_2378665	2021-05-12	2021-06-02	South America / Brazil / Sao Paulo / Descalvado
EPI_ISL_2378669	2021-05-13	2021-06-02	South America / Brazil / Sao Paulo / Descalvado
EPI_ISL_2378668	2021-05-12	2021-06-02	South America / Brazil / Sao Paulo / Descalvado
EPI_ISL_2378641	2021-04-27	2021-06-02	South America / Brazil / Sao Paulo / Porto Ferreira
EPI_ISL_2378640	2021-04-26	2021-06-02	South America / Brazil / Sao Paulo / Porto Ferreira
EPI_ISL_2378644	2021-05-03	2021-06-02	South America / Brazil / Sao Paulo / Porto Ferreira
EPI_ISL_2378643	2021-04-30	2021-06-02	South America / Brazil / Sao Paulo / Porto Ferreira
EPI_ISL_2378642	2021-04-29	2021-06-02	South America / Brazil / Sao Paulo / Porto Ferreira
EPI_ISL_2378649	2021-05-05	2021-06-02	South America / Brazil / Sao Paulo / Itapetininga
EPI_ISL_2378648	2021-05-04	2021-06-02	South America / Brazil / Sao Paulo / Porto Ferreira
EPI_ISL_2378647	2021-05-04	2021-06-02	South America / Brazil / Sao Paulo / Descalvado
EPI_ISL_2378646	2021-05-04	2021-06-02	South America / Brazil / Sao Paulo / Descalvado
EPI_ISL_2378691	2021-05-16	2021-06-02	South America / Brazil / Sao Paulo / Americo Brasiliense
EPI_ISL_2378690	2021-05-16	2021-06-02	South America / Brazil / Sao Paulo / Taquaritinga
EPI_ISL_2378696	2021-05-16	2021-06-02	South America / Brazil / Sao Paulo / Araraquara
EPI_ISL_2378695	2021-05-16	2021-06-02	South America / Brazil / Sao Paulo / Araraquara
EPI_ISL_2378694	2021-05-16	2021-06-02	South America / Brazil / Sao Paulo / Araraquara
EPI_ISL_2378693	2021-05-16	2021-06-02	South America / Brazil / Sao Paulo / Araraquara
EPI_ISL_2378698	2021-05-17	2021-06-02	South America / Brazil / Sao Paulo / Porto Ferreira
EPI_ISL_2378697	2021-05-16	2021-06-02	South America / Brazil / Sao Paulo / Americo Brasiliense
EPI_ISL_2385489	2021-05-02	2021-06-03	South America / Brazil / Rio de Janeiro / Cardoso Moreira
EPI_ISL_2385488	2021-05-02	2021-06-03	South America / Brazil / Rio de Janeiro / Cardoso Moreira
EPI_ISL_2385487	2021-04-29	2021-06-03	South America / Brazil / Rio de Janeiro / Paraiba do Sul
EPI_ISL_2385486	2021-04-29	2021-06-03	South America / Brazil / Rio de Janeiro / Paraiba do Sul
EPI_ISL_2385484	2021-04-30	2021-06-03	South America / Brazil / Rio de Janeiro / Bom Jardim
EPI_ISL_2385482	2021-04-30	2021-06-03	South America / Brazil / Rio de Janeiro / Bom Jardim
EPI_ISL_2385480	2021-04-30	2021-06-03	South America / Brazil / Rio de Janeiro / Italva
EPI_ISL_2385498	2021-05-01	2021-06-03	South America / Brazil / Rio de Janeiro / Tres Rios
EPI_ISL_2385497	2021-05-01	2021-06-03	South America / Brazil / Rio de Janeiro / Tres Rios
EPI_ISL_2385496	2021-04-29	2021-06-03	South America / Brazil / Rio de Janeiro / Petropolis
EPI_ISL_2385495	2021-04-30	2021-06-03	South America / Brazil / Rio de Janeiro / Petropolis
EPI_ISL_2385493	2021-04-30	2021-06-03	South America / Brazil / Rio de Janeiro / Petropolis
EPI_ISL_2385492	2021-04-30	2021-06-03	South America / Brazil / Rio de Janeiro / Petropolis
EPI_ISL_2385469	2021-05-01	2021-06-03	South America / Brazil / Rio de Janeiro / Rio das Ostras
EPI_ISL_2385468	2021-05-01	2021-06-03	South America / Brazil / Rio de Janeiro / Rio das Ostras
EPI_ISL_2385467	2021-04-29	2021-06-03	South America / Brazil / Rio de Janeiro / Rio das Ostras
EPI_ISL_2385466	2021-04-30	2021-06-03	South America / Brazil / Rio de Janeiro / Rio Claro
EPI_ISL_2385465	2021-04-30	2021-06-03	South America / Brazil / Rio de Janeiro / Rio Claro
EPI_ISL_2385464	2021-05-01	2021-06-03	South America / Brazil / Rio de Janeiro / Barra Mansa
EPI_ISL_2385463	2021-04-29	2021-06-03	South America / Brazil / Rio de Janeiro / Itatiaia
EPI_ISL_2385462	2021-04-29	2021-06-03	South America / Brazil / Rio de Janeiro / Casimiro de Abreu
EPI_ISL_2385461	2021-04-28	2021-06-03	South America / Brazil / Rio de Janeiro / Casimiro de Abreu
EPI_ISL_2385460	2021-04-30	2021-06-03	South America / Brazil / Rio de Janeiro / Carmo
EPI_ISL_2385477	2021-05-02	2021-06-03	South America / Brazil / Rio de Janeiro / Rio das Ostras
EPI_ISL_2385475	2021-05-02	2021-06-03	South America / Brazil / Rio de Janeiro / Rio das Ostras
EPI_ISL_2385474	2021-05-01	2021-06-03	South America / Brazil / Rio de Janeiro / Rio das Ostras
EPI_ISL_2385473	2021-05-02	2021-06-03	South America / Brazil / Rio de Janeiro / Rio das Ostras
EPI_ISL_2385472	2021-05-01	2021-06-03	South America / Brazil / Rio de Janeiro / Rio das Ostras
EPI_ISL_2385471	2021-05-01	2021-06-03	South America / Brazil / Rio de Janeiro / Rio das Ostras
EPI_ISL_2385470	2021-05-01	2021-06-03	South America / Brazil / Rio de Janeiro / Rio das Ostras
EPI_ISL_2385449	2021-04-29	2021-06-03	South America / Brazil / Rio de Janeiro / Petropolis
EPI_ISL_2385448	2021-04-29	2021-06-03	South America / Brazil / Rio de Janeiro / Petropolis
EPI_ISL_2385447	2021-04-28	2021-06-03	South America / Brazil / Rio de Janeiro / Petropolis
EPI_ISL_2385446	2021-04-30	2021-06-03	South America / Brazil / Rio de Janeiro / Resende
EPI_ISL_2385445	2021-04-30	2021-06-03	South America / Brazil / Rio de Janeiro / Resende
EPI_ISL_2385444	2021-04-30	2021-06-03	South America / Brazil / Rio de Janeiro / Resende
EPI_ISL_2385443	2021-04-30	2021-06-03	South America / Brazil / Rio de Janeiro / Resende
EPI_ISL_2385441	2021-04-30	2021-06-03	South America / Brazil / Rio de Janeiro / Resende
EPI_ISL_2385440	2021-04-30	2021-06-03	South America / Brazil / Rio de Janeiro / Resende
EPI_ISL_2385459	2021-04-28	2021-06-03	South America / Brazil / Rio de Janeiro / Rio das Flores
EPI_ISL_2385458	2021-04-28	2021-06-03	South America / Brazil / Rio de Janeiro / Rio das Flores
EPI_ISL_2385457	2021-04-28	2021-06-03	South America / Brazil / Rio de Janeiro / Rio das Flores
EPI_ISL_2385456	2021-04-28	2021-06-03	South America / Brazil / Rio de Janeiro / Teresopolis
EPI_ISL_2385455	2021-04-28	2021-06-03	South America / Brazil / Rio de Janeiro / Petropolis
EPI_ISL_2385454	2021-04-28	2021-06-03	South America / Brazil / Rio de Janeiro / Petropolis
EPI_ISL_2385453	2021-04-28	2021-06-03	South America / Brazil / Rio de Janeiro / Petropolis
EPI_ISL_2385450	2021-04-28	2021-06-03	South America / Brazil / Rio de Janeiro / Petropolis
EPI_ISL_2385439	2021-04-30	2021-06-03	South America / Brazil / Rio de Janeiro / Resende
EPI_ISL_2385438	2021-04-29	2021-06-03	South America / Brazil / Rio de Janeiro / Resende
EPI_ISL_2385437	2021-04-29	2021-06-03	South America / Brazil / Rio de Janeiro / Resende
EPI_ISL_2385436	2021-04-29	2021-06-03	South America / Brazil / Rio de Janeiro / Resende
EPI_ISL_2385435	2021-04-30	2021-06-03	South America / Brazil / Rio de Janeiro / Resende
EPI_ISL_2385434	2021-04-30	2021-06-03	South America / Brazil / Rio de Janeiro / Resende
EPI_ISL_2385433	2021-04-30	2021-06-03	South America / Brazil / Rio de Janeiro / Resende
EPI_ISL_2385432	2021-04-30	2021-06-03	South America / Brazil / Rio de Janeiro / Resende
EPI_ISL_2382535	2021-04-21	2021-06-02	South America / Brazil / Rio Grande do Sul
EPI_ISL_2382536	2021-04-23	2021-06-02	South America / Brazil / Rio Grande do Sul
EPI_ISL_2382534	2021-05-15	2021-06-02	South America / Brazil / Sao Paulo / Araraquara
EPI_ISL_2382543	2021-04-22	2021-06-02	South America / Brazil / Rio Grande do Sul
EPI_ISL_2382541	2021-04-16	2021-06-02	South America / Brazil / Rio Grande do Sul
EPI_ISL_2385639	2021-05-05	2021-06-03	South America / Brazil / Rio de Janeiro / Petropolis
EPI_ISL_2385648	2021-05-07	2021-06-03	South America / Brazil / Rio de Janeiro / Sao Joao Da Barra
EPI_ISL_2385647	2021-05-07	2021-06-03	South America / Brazil / Rio de Janeiro / Pirai
EPI_ISL_2385645	2021-05-05	2021-06-03	South America / Brazil / Rio de Janeiro / Tres Rios
EPI_ISL_2385644	2021-05-05	2021-06-03	South America / Brazil / Rio de Janeiro / Tres Rios
EPI_ISL_2385643	2021-05-05	2021-06-03	South America / Brazil / Rio de Janeiro / Tres Rios
EPI_ISL_2385642	2021-05-04	2021-06-03	South America / Brazil / Rio de Janeiro / Petropolis
EPI_ISL_2385641	2021-05-04	2021-06-03	South America / Brazil / Rio de Janeiro / Petropolis
EPI_ISL_2385640	2021-05-04	2021-06-03	South America / Brazil / Rio de Janeiro / Petropolis
EPI_ISL_2385659	2021-05-07	2021-06-03	South America / Brazil / Rio de Janeiro / Barra Mansa
EPI_ISL_2385658	2021-05-07	2021-06-03	South America / Brazil / Rio de Janeiro / Casimiro de Abreu
EPI_ISL_2385657	2021-05-07	2021-06-03	South America / Brazil / Rio de Janeiro / Volta Redonda
EPI_ISL_2385656	2021-05-05	2021-06-03	South America / Brazil / Rio de Janeiro / Casimiro de Abreu
EPI_ISL_2385655	2021-05-05	2021-06-03	South America / Brazil / Rio de Janeiro / Casimiro de Abreu
EPI_ISL_2385654	2021-05-05	2021-06-03	South America / Brazil / Rio de Janeiro / Casimiro de Abreu
EPI_ISL_2385653	2021-05-07	2021-06-03	South America / Brazil / Rio de Janeiro / Quatis
EPI_ISL_2385652	2021-05-07	2021-06-03	South America / Brazil / Rio de Janeiro / Quatis
EPI_ISL_2385651	2021-05-07	2021-06-03	South America / Brazil / Rio de Janeiro / Quatis
EPI_ISL_2385650	2021-05-07	2021-06-03	South America / Brazil / Rio de Janeiro / Quatis
EPI_ISL_2385619	2021-05-05	2021-06-03	South America / Brazil / Rio de Janeiro / Sao Pedro da Aldeia
EPI_ISL_2385618	2021-05-05	2021-06-03	South America / Brazil / Rio de Janeiro / Sao Pedro da Aldeia
EPI_ISL_2385617	2021-05-05	2021-06-03	South America / Brazil / Rio de Janeiro / Sao Pedro da Aldeia
EPI_ISL_2385627	2021-05-05	2021-06-03	South America / Brazil / Rio de Janeiro / Sao Pedro da Aldeia
EPI_ISL_2385626	2021-05-05	2021-06-03	South America / Brazil / Rio de Janeiro / Sao Pedro da Aldeia
EPI_ISL_2385625	2021-05-05	2021-06-03	South America / Brazil / Rio de Janeiro / Sao Pedro da Aldeia
EPI_ISL_2385624	2021-05-05	2021-06-03	South America / Brazil / Rio de Janeiro / Sao Pedro da Aldeia
EPI_ISL_2385623	2021-05-05	2021-06-03	South America / Brazil / Rio de Janeiro / Cabo Frio
EPI_ISL_2385622	2021-05-05	2021-06-03	South America / Brazil / Rio de Janeiro / Sao Pedro da Aldeia
EPI_ISL_2385621	2021-05-05	2021-06-03	South America / Brazil / Rio de Janeiro / Sao Pedro da Aldeia
EPI_ISL_2385620	2021-05-05	2021-06-03	South America / Brazil / Rio de Janeiro / Sao Pedro da Aldeia
EPI_ISL_2385629	2021-05-05	2021-06-03	South America / Brazil / Rio de Janeiro / Sao Pedro da Aldeia
EPI_ISL_2385628	2021-05-05	2021-06-03	South America / Brazil / Rio de Janeiro / Sao Pedro da Aldeia
EPI_ISL_2385638	2021-05-05	2021-06-03	South America / Brazil / Minas Gerais / Pirauba
EPI_ISL_2385637	2021-05-04	2021-06-03	South America / Brazil / Rio de Janeiro / Petropolis
EPI_ISL_2385636	2021-05-04	2021-06-03	South America / Brazil / Rio de Janeiro / Petropolis
EPI_ISL_2385635	2021-05-05	2021-06-03	South America / Brazil / Rio de Janeiro / Petropolis
EPI_ISL_2385634	2021-05-05	2021-06-03	South America / Brazil / Rio de Janeiro / Petropolis
EPI_ISL_2385632	2021-05-05	2021-06-03	South America / Brazil / Rio de Janeiro / Petropolis
EPI_ISL_2385631	2021-05-05	2021-06-03	South America / Brazil / Rio de Janeiro / Petropolis
EPI_ISL_2385630	2021-05-05	2021-06-03	South America / Brazil / Rio de Janeiro / Petropolis
EPI_ISL_2385605	2021-05-05	2021-06-03	South America / Brazil / Rio de Janeiro / Volta Redonda
EPI_ISL_2385604	2021-05-05	2021-06-03	South America / Brazil / Rio de Janeiro / Volta Redonda
EPI_ISL_2385603	2021-05-06	2021-06-03	South America / Brazil / Rio de Janeiro / Valenca
EPI_ISL_2385602	2021-05-06	2021-06-03	South America / Brazil / Rio de Janeiro / Valenca
EPI_ISL_2385601	2021-05-06	2021-06-03	South America / Brazil / Rio de Janeiro / Pirai
EPI_ISL_2385600	2021-05-04	2021-06-03	South America / Brazil / Rio de Janeiro / Cabo Frio
EPI_ISL_2385609	2021-05-05	2021-06-03	South America / Brazil / Rio de Janeiro / Mangaratiba
EPI_ISL_2385608	2021-05-05	2021-06-03	South America / Brazil / Rio de Janeiro / Cabo Frio
EPI_ISL_2385607	2021-05-06	2021-06-03	South America / Brazil / Rio de Janeiro / Volta Redonda
EPI_ISL_2385615	2021-05-06	2021-06-03	South America / Brazil / Rio de Janeiro / Tres Rios
EPI_ISL_2385614	2021-05-06	2021-06-03	South America / Brazil / Rio de Janeiro / Pirai
EPI_ISL_2385613	2021-05-06	2021-06-03	South America / Brazil / Rio de Janeiro / Pirai
EPI_ISL_2385612	2021-05-06	2021-06-03	South America / Brazil / Rio de Janeiro / Pirai
EPI_ISL_2385611	2021-05-05	2021-06-03	South America / Brazil / Rio de Janeiro / Cabo Frio
EPI_ISL_2385610	2021-05-05	2021-06-03	South America / Brazil / Rio de Janeiro / Cabo Frio
EPI_ISL_2385689	2021-04-26	2021-06-03	South America / Brazil / Rio de Janeiro / Rio de Janeiro
EPI_ISL_2385688	2021-04-25	2021-06-03	South America / Brazil / Rio de Janeiro / Sao Goncalo
EPI_ISL_2385687	2021-04-26	2021-06-03	South America / Brazil / Rio de Janeiro / Marica
EPI_ISL_2385686	2021-04-26	2021-06-03	South America / Brazil / Rio de Janeiro / Marica
EPI_ISL_2385685	2021-04-28	2021-06-03	South America / Brazil / Rio de Janeiro / Seropedica
EPI_ISL_2385684	2021-04-27	2021-06-03	South America / Brazil / Rio de Janeiro / Nova Iguacu
EPI_ISL_2385683	2021-04-27	2021-06-03	South America / Brazil / Rio de Janeiro / Nova Iguacu
EPI_ISL_2385682	2021-04-27	2021-06-03	South America / Brazil / Rio de Janeiro / Nova Iguacu
EPI_ISL_2385681	2021-04-27	2021-06-03	South America / Brazil / Rio de Janeiro / Nova Iguacu
EPI_ISL_2385680	2021-04-27	2021-06-03	South America / Brazil / Rio de Janeiro / Nova Iguacu
EPI_ISL_2385699	2021-05-02	2021-06-03	South America / Brazil / Rio de Janeiro / Tangua
EPI_ISL_2385698	2021-05-03	2021-06-03	South America / Brazil / Rio de Janeiro / Rio Bonito
EPI_ISL_2385697	2021-05-01	2021-06-03	South America / Brazil / Rio de Janeiro / Silva Jardim
EPI_ISL_2385695	2021-04-25	2021-06-03	South America / Brazil / Rio de Janeiro / Sao Goncalo
EPI_ISL_2385694	2021-04-25	2021-06-03	South America / Brazil / Rio de Janeiro / Sao Goncalo
EPI_ISL_2385692	2021-04-25	2021-06-03	South America / Brazil / Rio de Janeiro / Sao Goncalo
EPI_ISL_2385691	2021-04-25	2021-06-03	South America / Brazil / Rio de Janeiro / Sao Goncalo
EPI_ISL_2385690	2021-04-25	2021-06-03	South America / Brazil / Rio de Janeiro / Sao Goncalo
EPI_ISL_2385669	2021-04-27	2021-06-03	South America / Brazil / Rio de Janeiro / Japeri
EPI_ISL_2385668	2021-05-07	2021-06-03	South America / Brazil / Rio de Janeiro / Casimiro de Abreu
EPI_ISL_2385667	2021-05-05	2021-06-03	South America / Brazil / Rio de Janeiro / Petropolis
EPI_ISL_2385666	2021-05-05	2021-06-03	South America / Brazil / Rio de Janeiro / Petropolis
EPI_ISL_2385665	2021-05-06	2021-06-03	South America / Brazil / Rio de Janeiro / Petropolis
EPI_ISL_2385664	2021-05-04	2021-06-03	South America / Brazil / Rio de Janeiro / Mangaratiba
EPI_ISL_2385663	2021-05-05	2021-06-03	South America / Brazil / Rio de Janeiro / Mangaratiba
EPI_ISL_2385662	2021-05-07	2021-06-03	South America / Brazil / Rio de Janeiro / Volta Redonda
EPI_ISL_2385661	2021-05-07	2021-06-03	South America / Brazil / Rio de Janeiro / Volta Redonda
EPI_ISL_2385660	2021-05-07	2021-06-03	South America / Brazil / Rio de Janeiro / Volta Redonda
EPI_ISL_2385679	2021-04-26	2021-06-03	South America / Brazil / Rio de Janeiro / Nova Iguacu
EPI_ISL_2385678	2021-04-27	2021-06-03	South America / Brazil / Rio de Janeiro / Nova Iguacu
EPI_ISL_2385677	2021-04-27	2021-06-03	South America / Brazil / Rio de Janeiro / Nova Iguacu
EPI_ISL_2385676	2021-04-27	2021-06-03	South America / Brazil / Rio de Janeiro / Queimados
EPI_ISL_2385675	2021-04-26	2021-06-03	South America / Brazil / Rio de Janeiro / Queimados
EPI_ISL_2385673	2021-04-26	2021-06-03	South America / Brazil / Rio de Janeiro / Mesquita
EPI_ISL_2385672	2021-04-26	2021-06-03	South America / Brazil / Rio de Janeiro / Mesquita
EPI_ISL_2385671	2021-04-27	2021-06-03	South America / Brazil / Rio de Janeiro / Japeri
EPI_ISL_2385670	2021-04-27	2021-06-03	South America / Brazil / Rio de Janeiro / Japeri
EPI_ISL_2385519	2021-05-01	2021-06-03	South America / Brazil / Rio de Janeiro / Mangaratiba
EPI_ISL_2385518	2021-05-01	2021-06-03	South America / Brazil / Rio de Janeiro / Mangaratiba
EPI_ISL_2385528	2021-05-03	2021-06-03	South America / Brazil / Rio Grande do Norte / Natal
EPI_ISL_2385527	2021-05-03	2021-06-03	South America / Brazil / Rio de Janeiro / Sapucaia
EPI_ISL_2385526	2021-05-02	2021-06-03	South America / Brazil / Rio de Janeiro / Quissama
EPI_ISL_2385525	2021-05-02	2021-06-03	South America / Brazil / Rio de Janeiro / Miracema
EPI_ISL_2385524	2021-05-03	2021-06-03	South America / Brazil / Rio de Janeiro / Quissama
EPI_ISL_2385523	2021-05-03	2021-06-03	South America / Brazil / Rio de Janeiro / Paty do Alferes
EPI_ISL_2385522	2021-05-03	2021-06-03	South America / Brazil / Rio de Janeiro / Paty do Alferes
EPI_ISL_2385521	2021-05-03	2021-06-03	South America / Brazil / Rio de Janeiro / Paty do Alferes
EPI_ISL_2385529	2021-05-04	2021-06-03	South America / Brazil / Rio de Janeiro / Natividade
EPI_ISL_2385539	2021-05-04	2021-06-03	South America / Brazil / Rio de Janeiro / Macae
EPI_ISL_2385538	2021-05-03	2021-06-03	South America / Brazil / Rio de Janeiro / Vassouras
EPI_ISL_2385537	2021-04-30	2021-06-03	South America / Brazil / Rio de Janeiro / Vassouras
EPI_ISL_2385536	2021-05-04	2021-06-03	South America / Brazil / Rio de Janeiro / Sao Pedro da Aldeia
EPI_ISL_2385535	2021-05-04	2021-06-03	South America / Brazil / Rio de Janeiro / Sao Pedro da Aldeia
EPI_ISL_2385534	2021-05-04	2021-06-03	South America / Brazil / Rio de Janeiro / Sao Pedro da Aldeia
EPI_ISL_2385533	2021-05-04	2021-06-03	South America / Brazil / Rio de Janeiro / Sao Pedro da Aldeia
EPI_ISL_2385532	2021-05-03	2021-06-03	South America / Brazil / Rio de Janeiro / Sao Pedro da Aldeia
EPI_ISL_2385531	2021-05-02	2021-06-03	South America / Brazil / Rio de Janeiro / Barra do Pirai
EPI_ISL_2385530	2021-05-03	2021-06-03	South America / Brazil / Rio de Janeiro / Carmo
EPI_ISL_2385506	2021-04-30	2021-06-03	South America / Brazil / Rio de Janeiro / Iguaba Grande
EPI_ISL_2385505	2021-05-02	2021-06-03	South America / Brazil / Rio de Janeiro / Iguaba Grande
EPI_ISL_2385504	2021-05-02	2021-06-03	South America / Brazil / Rio de Janeiro / Iguaba Grande
EPI_ISL_2385501	2021-05-03	2021-06-03	South America / Brazil / Rio de Janeiro / Campos dos Goytacazes
EPI_ISL_2385500	2021-05-03	2021-06-03	South America / Brazil / Rio de Janeiro / Trajano de Moraes
EPI_ISL_2385508	2021-05-03	2021-06-03	South America / Brazil / Rio de Janeiro / Itaperuna
EPI_ISL_2385507	2021-04-30	2021-06-03	South America / Brazil / Rio de Janeiro / Araruama
EPI_ISL_2385517	2021-04-30	2021-06-03	South America / Brazil / Rio de Janeiro / Porto Real
EPI_ISL_2385516	2021-05-02	2021-06-03	South America / Brazil / Rio de Janeiro / Porto Real
EPI_ISL_2385515	2021-05-02	2021-06-03	South America / Brazil / Rio de Janeiro / Sao Pedro da Aldeia
EPI_ISL_2385514	2021-05-02	2021-06-03	South America / Brazil / Rio de Janeiro / Sao Pedro da Aldeia
EPI_ISL_2385513	2021-04-30	2021-06-03	South America / Brazil / Rio de Janeiro / Sao Pedro da Aldeia
EPI_ISL_2385512	2021-05-02	2021-06-03	South America / Brazil / Rio de Janeiro / Bom Jesus do Itabapoana
EPI_ISL_2385511	2021-04-29	2021-06-03	South America / Brazil / Rio de Janeiro / Petropolis
EPI_ISL_2385510	2021-04-30	2021-06-03	South America / Brazil / Rio de Janeiro / Petropolis
EPI_ISL_2385589	2021-05-06	2021-06-03	South America / Brazil / Rio de Janeiro / Saquarema
EPI_ISL_2385588	2021-05-05	2021-06-03	South America / Brazil / Rio de Janeiro / Saquarema
EPI_ISL_2385587	2021-05-05	2021-06-03	South America / Brazil / Rio de Janeiro / Saquarema
EPI_ISL_2385585	2021-05-05	2021-06-03	South America / Brazil / Rio de Janeiro / Saquarema
EPI_ISL_2385584	2021-05-05	2021-06-03	South America / Brazil / Rio de Janeiro / Saquarema
EPI_ISL_2385583	2021-05-04	2021-06-03	South America / Brazil / Rio de Janeiro / Mendes
EPI_ISL_2385581	2021-05-06	2021-06-03	South America / Brazil / Rio de Janeiro / Paracambi
EPI_ISL_2385580	2021-05-06	2021-06-03	South America / Brazil / Rio de Janeiro / Paracambi
EPI_ISL_2385598	2021-05-05	2021-06-03	South America / Brazil / Rio de Janeiro / Valenca
EPI_ISL_2385597	2021-05-04	2021-06-03	South America / Brazil / Rio de Janeiro / Vassouras
EPI_ISL_2385596	2021-05-05	2021-06-03	South America / Brazil / Rio de Janeiro / Valenca
EPI_ISL_2385595	2021-05-05	2021-06-03	South America / Brazil / Rio de Janeiro / Valenca
EPI_ISL_2385594	2021-05-05	2021-06-03	South America / Brazil / Rio de Janeiro / Valenca
EPI_ISL_2385593	2021-05-06	2021-06-03	South America / Brazil / Rio de Janeiro / Saquarema
EPI_ISL_2385592	2021-05-06	2021-06-03	South America / Brazil / Rio de Janeiro / Saquarema
EPI_ISL_2385590	2021-05-06	2021-06-03	South America / Brazil / Rio de Janeiro / Saquarema
EPI_ISL_2385569	2021-05-05	2021-06-03	South America / Brazil / Rio de Janeiro / Pirai
EPI_ISL_2385568	2021-05-05	2021-06-03	South America / Brazil / Rio de Janeiro / Pirai
EPI_ISL_2385567	2021-05-05	2021-06-03	South America / Brazil / Rio de Janeiro / Macae
EPI_ISL_2385566	2021-05-05	2021-06-03	South America / Brazil / Rio de Janeiro / Macae
EPI_ISL_2385565	2021-05-05	2021-06-03	South America / Brazil / Rio de Janeiro / Macae
EPI_ISL_2385564	2021-05-05	2021-06-03	South America / Brazil / Rio de Janeiro / Macae
EPI_ISL_2385563	2021-05-05	2021-06-03	South America / Brazil / Rio de Janeiro / Sapucaia
EPI_ISL_2385562	2021-05-03	2021-06-03	South America / Brazil / Rio de Janeiro / Niteroi
EPI_ISL_2385560	2021-05-05	2021-06-03	South America / Brazil / Rio de Janeiro / Santo Antonio de Padua
EPI_ISL_2385579	2021-05-06	2021-06-03	South America / Brazil / Rio de Janeiro / Paracambi
EPI_ISL_2385578	2021-05-06	2021-06-03	South America / Brazil / Rio de Janeiro / Paracambi
EPI_ISL_2385577	2021-05-05	2021-06-03	South America / Brazil / Rio de Janeiro / Laje do Muriae
EPI_ISL_2385576	2021-05-05	2021-06-03	South America / Brazil / Rio de Janeiro / Bom Jardim
EPI_ISL_2385575	2021-05-05	2021-06-03	South America / Brazil / Rio de Janeiro / Mangaratiba
EPI_ISL_2385574	2021-05-04	2021-06-03	South America / Brazil / Rio de Janeiro / Miracema
EPI_ISL_2385573	2021-05-04	2021-06-03	South America / Brazil / Rio de Janeiro / Miracema
EPI_ISL_2385572	2021-05-04	2021-06-03	South America / Brazil / Rio de Janeiro / Miracema
EPI_ISL_2385571	2021-05-04	2021-06-03	South America / Brazil / Rio de Janeiro / Miracema
EPI_ISL_2385570	2021-05-06	2021-06-03	South America / Brazil / Rio de Janeiro / Miracema
EPI_ISL_2385549	2021-05-05	2021-06-03	South America / Brazil / Rio de Janeiro / Bom Jesus do Itabapoana
EPI_ISL_2385548	2021-05-03	2021-06-03	South America / Brazil / Rio de Janeiro / Teresopolis
EPI_ISL_2385547	2021-05-02	2021-06-03	South America / Brazil / Rio de Janeiro / Barra do Pirai
EPI_ISL_2385546	2021-05-01	2021-06-03	South America / Brazil / Rio de Janeiro / Barra do Pirai
EPI_ISL_2385545	2021-05-02	2021-06-03	South America / Brazil / Rio de Janeiro / Barra do Pirai
EPI_ISL_2385544	2021-05-03	2021-06-03	South America / Brazil / Rio de Janeiro / Barra do Pirai
EPI_ISL_2385543	2021-05-04	2021-06-03	South America / Brazil / Rio de Janeiro / Tres Rios
EPI_ISL_2385542	2021-05-04	2021-06-03	South America / Brazil / Rio de Janeiro / Tres Rios
EPI_ISL_2385541	2021-05-06	2021-06-03	South America / Brazil / Rio de Janeiro / Tres Rios
EPI_ISL_2385540	2021-05-04	2021-06-03	South America / Brazil / Rio de Janeiro / Macae
EPI_ISL_2385559	2021-05-05	2021-06-03	South America / Brazil / Rio de Janeiro / Santo Antonio de Padua
EPI_ISL_2385558	2021-05-05	2021-06-03	South America / Brazil / Rio de Janeiro / Santo Antonio de Padua
EPI_ISL_2385557	2021-05-05	2021-06-03	South America / Brazil / Rio de Janeiro / Quatis
EPI_ISL_2385556	2021-05-04	2021-06-03	South America / Brazil / Rio de Janeiro / Conceicao de Macabu
EPI_ISL_2385555	2021-05-04	2021-06-03	South America / Brazil / Rio de Janeiro / Conceicao de Macabu
EPI_ISL_2385554	2021-05-05	2021-06-03	South America / Brazil / Rio de Janeiro / Duas Barras
EPI_ISL_2385553	2021-05-04	2021-06-03	South America / Brazil / Rio de Janeiro / Mangaratiba
EPI_ISL_2385552	2021-05-04	2021-06-03	South America / Brazil / Rio de Janeiro / Mangaratiba
EPI_ISL_2385551	2021-05-03	2021-06-03	South America / Brazil / Rio de Janeiro / Sumidouro
EPI_ISL_2385550	2021-05-03	2021-06-03	South America / Brazil / Rio de Janeiro / Sumidouro
EPI_ISL_1464662	2021-03-04	2021-04-02	South America / Brazil / Sao Paulo / Sao Paulo
EPI_ISL_1464660	2021-03-04	2021-04-02	South America / Brazil / Sao Paulo / Sao Paulo
EPI_ISL_1464670	2021-03-02	2021-04-02	South America / Brazil / Sao Paulo / Sao Paulo
EPI_ISL_1464664	2021-03-03	2021-04-02	South America / Brazil / Sao Paulo / Sao Paulo
EPI_ISL_1464668	2021-03-02	2021-04-02	South America / Brazil / Sao Paulo / Sao Paulo
EPI_ISL_1464661	2021-03-04	2021-04-02	South America / Brazil / Sao Paulo / Sao Paulo
EPI_ISL_1464627	2021-03-09	2021-04-02	South America / Brazil / Sao Paulo / Sao Paulo
EPI_ISL_1464628	2021-03-11	2021-04-02	South America / Brazil / Sao Paulo / Sao Paulo
EPI_ISL_1464634	2021-03-14	2021-04-02	South America / Brazil / Sao Paulo / Sao Paulo
EPI_ISL_1464637	2021-03-12	2021-04-02	South America / Brazil / Sao Paulo / Sao Paulo
EPI_ISL_1464638	2021-03-12	2021-04-02	South America / Brazil / Sao Paulo / Sao Paulo
EPI_ISL_1464642	2021-03-11	2021-04-02	South America / Brazil / Sao Paulo / Sao Paulo
EPI_ISL_2382727	2021-04-17	2021-06-02	South America / Brazil / Rio Grande do Sul
EPI_ISL_1465208	2021-02-07	2021-04-02	South America / Brazil / Maranhao / Sao Luis
EPI_ISL_2385769	2021-04-26	2021-06-03	South America / Brazil / Rio de Janeiro / Rio de Janeiro
EPI_ISL_2385768	2021-04-26	2021-06-03	South America / Brazil / Rio de Janeiro / Rio de Janeiro
EPI_ISL_2385767	2021-04-26	2021-06-03	South America / Brazil / Rio de Janeiro / Rio de Janeiro
EPI_ISL_2385766	2021-04-26	2021-06-03	South America / Brazil / Rio de Janeiro / Rio de Janeiro
EPI_ISL_2385765	2021-04-26	2021-06-03	South America / Brazil / Rio de Janeiro / Rio de Janeiro
EPI_ISL_2385764	2021-04-29	2021-06-03	South America / Brazil / Rio de Janeiro / Rio de Janeiro
EPI_ISL_2385763	2021-04-26	2021-06-03	South America / Brazil / Rio de Janeiro / Rio de Janeiro
EPI_ISL_2385762	2021-04-26	2021-06-03	South America / Brazil / Rio de Janeiro / Rio de Janeiro
EPI_ISL_2385761	2021-04-26	2021-06-03	South America / Brazil / Rio de Janeiro / Rio de Janeiro
EPI_ISL_2385760	2021-04-26	2021-06-03	South America / Brazil / Rio de Janeiro / Rio de Janeiro
EPI_ISL_2385779	2021-04-26	2021-06-03	South America / Brazil / Rio de Janeiro / Rio de Janeiro
EPI_ISL_2385778	2021-04-26	2021-06-03	South America / Brazil / Rio de Janeiro / Rio de Janeiro
EPI_ISL_2385777	2021-04-26	2021-06-03	South America / Brazil / Rio de Janeiro / Rio de Janeiro
EPI_ISL_2385775	2021-04-28	2021-06-03	South America / Brazil / Rio de Janeiro / Rio de Janeiro
EPI_ISL_2385774	2021-04-28	2021-06-03	South America / Brazil / Rio de Janeiro / Rio de Janeiro
EPI_ISL_2385773	2021-04-27	2021-06-03	South America / Brazil / Rio de Janeiro / Rio de Janeiro
EPI_ISL_2385772	2021-04-27	2021-06-03	South America / Brazil / Rio de Janeiro / Rio de Janeiro
EPI_ISL_2385771	2021-04-27	2021-06-03	South America / Brazil / Rio de Janeiro / Rio de Janeiro
EPI_ISL_2385770	2021-04-27	2021-06-03	South America / Brazil / Rio de Janeiro / Rio de Janeiro
EPI_ISL_2385739	2021-04-26	2021-06-03	South America / Brazil / Rio de Janeiro / Rio de Janeiro
EPI_ISL_2385738	2021-04-26	2021-06-03	South America / Brazil / Rio de Janeiro / Rio de Janeiro
EPI_ISL_2385748	2021-04-26	2021-06-03	South America / Brazil / Rio de Janeiro / Rio de Janeiro
EPI_ISL_2385747	2021-04-26	2021-06-03	South America / Brazil / Rio de Janeiro / Rio de Janeiro
EPI_ISL_2385745	2021-04-27	2021-06-03	South America / Brazil / Rio de Janeiro / Rio de Janeiro
EPI_ISL_2385744	2021-04-27	2021-06-03	South America / Brazil / Rio de Janeiro / Rio de Janeiro
EPI_ISL_2385743	2021-04-27	2021-06-03	South America / Brazil / Rio de Janeiro / Rio de Janeiro
EPI_ISL_2385742	2021-04-27	2021-06-03	South America / Brazil / Rio de Janeiro / Rio de Janeiro
EPI_ISL_2385741	2021-04-27	2021-06-03	South America / Brazil / Rio de Janeiro / Rio de Janeiro
EPI_ISL_2385740	2021-04-26	2021-06-03	South America / Brazil / Rio de Janeiro / Rio de Janeiro
EPI_ISL_2385749	2021-04-26	2021-06-03	South America / Brazil / Rio de Janeiro / Rio de Janeiro
EPI_ISL_2385759	2021-04-26	2021-06-03	South America / Brazil / Rio de Janeiro / Rio de Janeiro
EPI_ISL_2385758	2021-04-26	2021-06-03	South America / Brazil / Rio de Janeiro / Rio de Janeiro
EPI_ISL_2385757	2021-04-26	2021-06-03	South America / Brazil / Rio de Janeiro / Rio de Janeiro
EPI_ISL_2385755	2021-04-26	2021-06-03	South America / Brazil / Rio de Janeiro / Rio de Janeiro
EPI_ISL_2385754	2021-04-26	2021-06-03	South America / Brazil / Rio de Janeiro / Rio de Janeiro
EPI_ISL_2385753	2021-04-26	2021-06-03	South America / Brazil / Rio de Janeiro / Rio de Janeiro
EPI_ISL_2385752	2021-04-26	2021-06-03	South America / Brazil / Rio de Janeiro / Rio de Janeiro
EPI_ISL_2385751	2021-04-26	2021-06-03	South America / Brazil / Rio de Janeiro / Rio de Janeiro
EPI_ISL_2385750	2021-04-26	2021-06-03	South America / Brazil / Rio de Janeiro / Rio de Janeiro
EPI_ISL_2385719	2021-04-26	2021-06-03	South America / Brazil / Rio de Janeiro / Sao Joao de Meriti
EPI_ISL_2385718	2021-04-26	2021-06-03	South America / Brazil / Rio de Janeiro / Sao Joao de Meriti
EPI_ISL_2385716	2021-05-01	2021-06-03	South America / Brazil / Rio de Janeiro / Belford Roxo
EPI_ISL_2385725	2021-04-26	2021-06-03	South America / Brazil / Rio de Janeiro / Mage
EPI_ISL_2385724	2021-04-26	2021-06-03	South America / Brazil / Rio de Janeiro / Mage
EPI_ISL_2385723	2021-05-03	2021-06-03	South America / Brazil / Rio de Janeiro / Itaguai
EPI_ISL_2385722	2021-05-03	2021-06-03	South America / Brazil / Maranhao / Sao Luis
EPI_ISL_2385721	2021-04-26	2021-06-03	South America / Brazil / Rio de Janeiro / Sao Joao de Meriti
EPI_ISL_2385720	2021-04-26	2021-06-03	South America / Brazil / Rio de Janeiro / Sao Joao de Meriti
EPI_ISL_2385729	2021-04-26	2021-06-03	South America / Brazil / Rio de Janeiro / Duque de Caxias
EPI_ISL_2385728	2021-04-27	2021-06-03	South America / Brazil / Rio de Janeiro / Duque de Caxias
EPI_ISL_2385727	2021-04-27	2021-06-03	South America / Brazil / Rio de Janeiro / Duque de Caxias
EPI_ISL_2385737	2021-04-26	2021-06-03	South America / Brazil / Rio de Janeiro / Rio de Janeiro
EPI_ISL_2385736	2021-04-26	2021-06-03	South America / Brazil / Rio de Janeiro / Rio de Janeiro
EPI_ISL_2385735	2021-04-26	2021-06-03	South America / Brazil / Rio de Janeiro / Rio de Janeiro
EPI_ISL_2385733	2021-04-26	2021-06-03	South America / Brazil / Rio de Janeiro / Belford Roxo
EPI_ISL_2385732	2021-04-26	2021-06-03	South America / Brazil / Rio de Janeiro / Duque de Caxias
EPI_ISL_2385731	2021-04-26	2021-06-03	South America / Brazil / Rio de Janeiro / Duque de Caxias
EPI_ISL_2385730	2021-04-25	2021-06-03	South America / Brazil / Rio de Janeiro / Duque de Caxias
EPI_ISL_2385704	2021-04-26	2021-06-03	South America / Brazil / Rio de Janeiro / Niteroi
EPI_ISL_2385703	2021-04-26	2021-06-03	South America / Brazil / Rio de Janeiro / Niteroi
EPI_ISL_2385702	2021-04-26	2021-06-03	South America / Brazil / Rio de Janeiro / Niteroi
EPI_ISL_2385701	2021-04-26	2021-06-03	South America / Brazil / Rio de Janeiro / Niteroi
EPI_ISL_2385700	2021-04-26	2021-06-03	South America / Brazil / Rio de Janeiro / Niteroi
EPI_ISL_2385709	2021-04-29	2021-06-03	South America / Brazil / Rio de Janeiro / Rio de Janeiro
EPI_ISL_2385708	2021-04-27	2021-06-03	South America / Brazil / Rio de Janeiro / Itaborai
EPI_ISL_2385707	2021-04-27	2021-06-03	South America / Brazil / Rio de Janeiro / Itaborai
EPI_ISL_2385706	2021-04-27	2021-06-03	South America / Brazil / Rio de Janeiro / Itaborai
EPI_ISL_2385705	2021-04-26	2021-06-03	South America / Brazil / Rio de Janeiro / Niteroi
EPI_ISL_2385714	2021-05-04	2021-06-03	South America / Brazil / Rio de Janeiro / Belford Roxo
EPI_ISL_2385713	2021-04-29	2021-06-03	South America / Brazil / Rio de Janeiro / Nova Iguacu
EPI_ISL_2385712	2021-05-02	2021-06-03	South America / Brazil / Rio de Janeiro / Nova Iguacu
EPI_ISL_2385711	2021-04-26	2021-06-03	South America / Brazil / Rio de Janeiro / Nilopolis
EPI_ISL_2385710	2021-04-26	2021-06-03	South America / Brazil / Rio de Janeiro / Nilopolis
EPI_ISL_2385786	2021-04-27	2021-06-03	South America / Brazil / Rio de Janeiro / Rio de Janeiro
EPI_ISL_2385785	2021-04-27	2021-06-03	South America / Brazil / Rio de Janeiro / Rio de Janeiro
EPI_ISL_2385784	2021-04-27	2021-06-03	South America / Brazil / Rio de Janeiro / Rio de Janeiro
EPI_ISL_2385783	2021-04-26	2021-06-03	South America / Brazil / Rio de Janeiro / Rio de Janeiro
EPI_ISL_2385782	2021-04-27	2021-06-03	South America / Brazil / Rio de Janeiro / Rio de Janeiro
EPI_ISL_2385781	2021-04-27	2021-06-03	South America / Brazil / Rio de Janeiro / Rio de Janeiro
EPI_ISL_2385780	2021-04-26	2021-06-03	South America / Brazil / Rio de Janeiro / Rio de Janeiro
EPI_ISL_1468421	2021-02-22	2021-04-03	South America / Brazil / Sao Paulo / Birigui
EPI_ISL_1468427	2021-02-09	2021-04-03	South America / Brazil / Sao Paulo / Matao
EPI_ISL_1468423	2021-02-17	2021-04-03	South America / Brazil / Sao Paulo / Avanhandava
EPI_ISL_1468420	2021-02-22	2021-04-03	South America / Brazil / Sao Paulo / Birigui
EPI_ISL_1468422	2021-02-17	2021-04-03	South America / Brazil / Sao Paulo / Avanhandava
EPI_ISL_1468430	2021-02-03	2021-04-03	South America / Brazil / Sao Paulo / Matao
EPI_ISL_1468413	2021-03-16	2021-04-03	South America / Brazil / Goias / Cidade Ocidental
EPI_ISL_1171674	2021-02-12	2021-03-07	South America / Brazil / Sao Paulo / Dracena
EPI_ISL_1493580	2021-02-09	2021-04-06	South America / Brazil / Sao Paulo / Orlandia
EPI_ISL_1493574	2021-03-13	2021-04-06	South America / Brazil / Goias / Goiania
EPI_ISL_1493581	2021-02-07	2021-04-06	South America / Brazil / Sao Paulo / Taquaritinga
EPI_ISL_1493575	2021-02-28	2021-04-06	South America / Brazil / Goias / Simao
EPI_ISL_1493576	2021-02-27	2021-04-06	South America / Brazil / Goias / Goiania
EPI_ISL_1164971	2021-02-05	2021-03-05	South America / Brazil / Ceara
EPI_ISL_1493582	2021-01-31	2021-04-06	South America / Brazil / Sao Paulo / Orlandia
EPI_ISL_1495005	2021-02-27	2021-04-07	South America / Brazil / Minas Gerais / Belo Horizonte
EPI_ISL_1494998	2021-02-27	2021-04-07	South America / Brazil / Minas Gerais / Belo Horizonte
EPI_ISL_1494982	2021-02-24	2021-04-07	South America / Brazil / Minas Gerais / Belo Horizonte
EPI_ISL_1494989	2021-02-27	2021-04-07	South America / Brazil / Minas Gerais / Belo Horizonte
EPI_ISL_1495038	2021-03-04	2021-04-07	South America / Brazil / Minas Gerais / Belo Horizonte
EPI_ISL_1495007	2021-02-27	2021-04-07	South America / Brazil / Minas Gerais / Belo Horizonte
EPI_ISL_1495031	2021-03-03	2021-04-07	South America / Brazil / Minas Gerais / Belo Horizonte
EPI_ISL_1495024	2021-03-01	2021-04-07	South America / Brazil / Minas Gerais / Belo Horizonte
EPI_ISL_1495023	2021-03-02	2021-04-07	South America / Brazil / Minas Gerais / Belo Horizonte
EPI_ISL_1495021	2021-03-03	2021-04-07	South America / Brazil / Minas Gerais / Belo Horizonte
EPI_ISL_1495012	2021-03-03	2021-04-07	South America / Brazil / Minas Gerais / Belo Horizonte
EPI_ISL_1495025	2021-03-03	2021-04-07	South America / Brazil / Minas Gerais / Belo Horizonte
EPI_ISL_1533709	2021-03-02	2021-04-10	South America / Brazil / Sao Paulo / Sao Paulo
EPI_ISL_1534004	2021-02-23	2021-04-10	South America / Brazil / Sergipe / Barra dos Coqueiros
EPI_ISL_1966567	2021-04-05	2021-05-08	South America / Brazil / Sao Paulo
EPI_ISL_1966696	2021-04-08	2021-05-08	South America / Brazil / Sao Paulo
EPI_ISL_1579258	2021-03-31	2021-04-13	South America / Brazil / Sao Paulo / Cesario Lange
EPI_ISL_2170973	2021-04-19	2021-05-20	South America / Brazil / Sao Paulo
EPI_ISL_1583733	2021-02-26	2021-04-14	South America / Brazil / Bahia
EPI_ISL_1583716	2021-03-05	2021-04-14	South America / Brazil / Bahia
EPI_ISL_2362259	2021-05-04	2021-05-31	South America / Brazil / Sao Paulo
EPI_ISL_2345516	2021-03-23	2021-05-30	South America / Brazil / Sao Paulo
EPI_ISL_2345473	2021-03-24	2021-05-30	South America / Brazil / Sao Paulo
EPI_ISL_2345481	2021-03-23	2021-05-30	South America / Brazil / Sao Paulo
EPI_ISL_2345450	2021-03-20	2021-05-30	South America / Brazil / Sao Paulo
EPI_ISL_2209777	2021-04-29	2021-05-21	South America / Brazil / Sao Paulo
EPI_ISL_1966466	2021-03-30	2021-05-08	South America / Brazil / Sao Paulo
EPI_ISL_2431440	2021-02-08	2021-06-06	South America / Brazil / Rio Grande do Sul
EPI_ISL_2431441	2021-02-07	2021-06-06	South America / Brazil / Rio Grande do Sul
EPI_ISL_2431439	2021-03-04	2021-06-06	South America / Brazil / Rio Grande do Sul
EPI_ISL_2431436	2021-02-22	2021-06-06	South America / Brazil / Rio Grande do Sul
EPI_ISL_2431846	2021-02-27	2021-06-06	South America / Brazil / Rio Grande do Sul
EPI_ISL_2431848	2021-02-28	2021-06-06	South America / Brazil / Rio Grande do Sul
EPI_ISL_2431844	2021-02-26	2021-06-06	South America / Brazil / Rio Grande do Sul
EPI_ISL_2431853	2021-03-05	2021-06-06	South America / Brazil / Rio Grande do Sul
EPI_ISL_2431852	2021-02-23	2021-06-06	South America / Brazil / Rio Grande do Sul
EPI_ISL_2445351	2021-05-10	2021-06-08	South America / Brazil / Sao Paulo
EPI_ISL_2445352	2021-05-10	2021-06-08	South America / Brazil / Sao Paulo
EPI_ISL_2445357	2021-05-10	2021-06-08	South America / Brazil / Sao Paulo
EPI_ISL_2445358	2021-05-10	2021-06-08	South America / Brazil / Sao Paulo
EPI_ISL_2445359	2021-05-10	2021-06-08	South America / Brazil / Sao Paulo
EPI_ISL_2445353	2021-05-10	2021-06-08	South America / Brazil / Sao Paulo
EPI_ISL_2445354	2021-05-10	2021-06-08	South America / Brazil / Sao Paulo
EPI_ISL_2445355	2021-05-10	2021-06-08	South America / Brazil / Sao Paulo
EPI_ISL_2445356	2021-05-10	2021-06-08	South America / Brazil / Sao Paulo
EPI_ISL_2445360	2021-05-10	2021-06-08	South America / Brazil / Sao Paulo
EPI_ISL_2445361	2021-05-10	2021-06-08	South America / Brazil / Sao Paulo
EPI_ISL_2445362	2021-05-10	2021-06-08	South America / Brazil / Sao Paulo
EPI_ISL_2445368	2021-05-10	2021-06-08	South America / Brazil / Sao Paulo
EPI_ISL_2445369	2021-05-10	2021-06-08	South America / Brazil / Sao Paulo
EPI_ISL_2445364	2021-05-10	2021-06-08	South America / Brazil / Sao Paulo
EPI_ISL_2445365	2021-05-10	2021-06-08	South America / Brazil / Sao Paulo
EPI_ISL_2445366	2021-05-10	2021-06-08	South America / Brazil / Sao Paulo
EPI_ISL_2445367	2021-05-10	2021-06-08	South America / Brazil / Sao Paulo
EPI_ISL_2445330	2021-05-10	2021-06-08	South America / Brazil / Sao Paulo
EPI_ISL_2445339	2021-05-10	2021-06-08	South America / Brazil / Sao Paulo
EPI_ISL_2445335	2021-05-09	2021-06-08	South America / Brazil / Sao Paulo
EPI_ISL_2445336	2021-05-10	2021-06-08	South America / Brazil / Sao Paulo
EPI_ISL_2445337	2021-05-09	2021-06-08	South America / Brazil / Sao Paulo
EPI_ISL_2445338	2021-05-10	2021-06-08	South America / Brazil / Sao Paulo
EPI_ISL_2445331	2021-05-09	2021-06-08	South America / Brazil / Sao Paulo
EPI_ISL_2445332	2021-05-10	2021-06-08	South America / Brazil / Sao Paulo
EPI_ISL_2445333	2021-05-10	2021-06-08	South America / Brazil / Sao Paulo
EPI_ISL_2445334	2021-05-10	2021-06-08	South America / Brazil / Sao Paulo
EPI_ISL_2445340	2021-05-10	2021-06-08	South America / Brazil / Sao Paulo
EPI_ISL_2445341	2021-05-10	2021-06-08	South America / Brazil / Sao Paulo
EPI_ISL_2445347	2021-05-10	2021-06-08	South America / Brazil / Sao Paulo
EPI_ISL_2445348	2021-05-10	2021-06-08	South America / Brazil / Sao Paulo
EPI_ISL_2445349	2021-05-10	2021-06-08	South America / Brazil / Sao Paulo
EPI_ISL_2445343	2021-05-09	2021-06-08	South America / Brazil / Sao Paulo
EPI_ISL_2445344	2021-05-09	2021-06-08	South America / Brazil / Sao Paulo
EPI_ISL_2445345	2021-05-10	2021-06-08	South America / Brazil / Sao Paulo
EPI_ISL_2445394	2021-05-09	2021-06-08	South America / Brazil / Sao Paulo
EPI_ISL_2445390	2021-05-11	2021-06-08	South America / Brazil / Sao Paulo
EPI_ISL_2445392	2021-05-09	2021-06-08	South America / Brazil / Sao Paulo
EPI_ISL_2445397	2021-05-09	2021-06-08	South America / Brazil / Sao Paulo
EPI_ISL_2445399	2021-05-09	2021-06-08	South America / Brazil / Sao Paulo
EPI_ISL_2445371	2021-05-10	2021-06-08	South America / Brazil / Sao Paulo
EPI_ISL_2445374	2021-05-11	2021-06-08	South America / Brazil / Sao Paulo
EPI_ISL_2445370	2021-05-10	2021-06-08	South America / Brazil / Sao Paulo
EPI_ISL_2445379	2021-05-11	2021-06-08	South America / Brazil / Sao Paulo
EPI_ISL_2445375	2021-05-11	2021-06-08	South America / Brazil / Sao Paulo
EPI_ISL_2445377	2021-05-11	2021-06-08	South America / Brazil / Sao Paulo
EPI_ISL_2445378	2021-05-11	2021-06-08	South America / Brazil / Sao Paulo
EPI_ISL_2445382	2021-05-10	2021-06-08	South America / Brazil / Sao Paulo
EPI_ISL_2445383	2021-05-11	2021-06-08	South America / Brazil / Sao Paulo
EPI_ISL_2445384	2021-05-10	2021-06-08	South America / Brazil / Sao Paulo
EPI_ISL_2445380	2021-05-11	2021-06-08	South America / Brazil / Sao Paulo
EPI_ISL_2445381	2021-05-10	2021-06-08	South America / Brazil / Sao Paulo
EPI_ISL_2445386	2021-05-11	2021-06-08	South America / Brazil / Sao Paulo
EPI_ISL_2445387	2021-05-11	2021-06-08	South America / Brazil / Sao Paulo
EPI_ISL_2445388	2021-05-11	2021-06-08	South America / Brazil / Sao Paulo
EPI_ISL_2445389	2021-05-11	2021-06-08	South America / Brazil / Sao Paulo
EPI_ISL_2443538	2021-04-09	2021-06-07	South America / Brazil / Parana / Francisco Beltrao
EPI_ISL_2443537	2021-04-07	2021-06-07	South America / Brazil / Parana / Pinhais
EPI_ISL_2443536	2021-04-04	2021-06-07	South America / Brazil / Parana / Tomazina
EPI_ISL_2443535	2021-04-04	2021-06-07	South America / Brazil / Parana / Pato Branco
EPI_ISL_2443539	2021-04-14	2021-06-07	South America / Brazil / Parana / Terra Boa
EPI_ISL_2443530	2021-03-27	2021-06-07	South America / Brazil / Parana / Arapongas
EPI_ISL_2443534	2021-04-02	2021-06-07	South America / Brazil / Parana / Santo Antonio Da Platina
EPI_ISL_2443533	2021-03-28	2021-06-07	South America / Brazil / Parana / Maringa
EPI_ISL_2443532	2021-03-30	2021-06-07	South America / Brazil / Parana / Guarapuava
EPI_ISL_2443548	2021-04-29	2021-06-07	South America / Brazil / Parana / Joaquim Tavora
EPI_ISL_2443547	2021-04-26	2021-06-07	South America / Brazil / Parana / Toledo
EPI_ISL_2443546	2021-01-02	2021-06-07	South America / Brazil / Parana / Campo Largo
EPI_ISL_2443541	2021-04-18	2021-06-07	South America / Brazil / Parana / Maringa
EPI_ISL_2443544	2021-04-23	2021-06-07	South America / Brazil / Parana / Curitiba
EPI_ISL_2443543	2021-04-23	2021-06-07	South America / Brazil / Parana / Guarapuava
EPI_ISL_2443542	2021-04-19	2021-06-07	South America / Brazil / Parana / Apucarana
EPI_ISL_2443529	2021-04-20	2021-06-07	South America / Brazil / Santa Catarina / Rio do Sul
EPI_ISL_2443528	2021-04-24	2021-06-07	South America / Brazil / Parana / Curitiba
EPI_ISL_2443570	2021-04-16	2021-06-07	South America / Brazil / Parana / Apucarana
EPI_ISL_2443574	2021-04-23	2021-06-07	South America / Brazil / Parana / Maringa
EPI_ISL_2443573	2021-04-22	2021-06-07	South America / Brazil / Parana / Umuarama
EPI_ISL_2443572	2021-04-19	2021-06-07	South America / Brazil / Parana / Londrina
EPI_ISL_2443571	2021-04-18	2021-06-07	South America / Brazil / Parana / Campina Grande do Sul
EPI_ISL_2443577	2021-03-18	2021-06-07	South America / Brazil / Parana / Balsa Nova
EPI_ISL_2443576	2021-04-28	2021-06-07	South America / Brazil / Parana / Curitiba
EPI_ISL_2443581	2021-03-11	2021-06-07	South America / Brazil / Rio de Janeiro / Rio de Janeiro
EPI_ISL_2443584	2021-03-16	2021-06-07	South America / Brazil / Rio de Janeiro / Rio de Janeiro
EPI_ISL_2443583	2021-03-16	2021-06-07	South America / Brazil / Rio de Janeiro / Rio de Janeiro
EPI_ISL_2443582	2021-03-12	2021-06-07	South America / Brazil / Rio de Janeiro / Rio de Janeiro
EPI_ISL_2443589	2021-03-23	2021-06-07	South America / Brazil / Rio de Janeiro / Rio de Janeiro
EPI_ISL_2443588	2021-03-25	2021-06-07	South America / Brazil / Rio de Janeiro / Rio de Janeiro
EPI_ISL_2443587	2021-03-25	2021-06-07	South America / Brazil / Rio de Janeiro / Rio de Janeiro
EPI_ISL_2443586	2021-03-16	2021-06-07	South America / Brazil / Rio de Janeiro / Rio de Janeiro
EPI_ISL_2443559	2021-04-08	2021-06-07	South America / Brazil / Para / Augusto Correa
EPI_ISL_2445448	2021-05-10	2021-06-08	South America / Brazil / Sao Paulo
EPI_ISL_2443551	2021-04-05	2021-06-07	South America / Brazil / Santa Catarina / Canoinhas
EPI_ISL_2443550	2021-04-23	2021-06-07	South America / Brazil / Parana / Guarapuava
EPI_ISL_2443556	2021-03-04	2021-06-07	South America / Brazil / Maranhao / Sao Luis
EPI_ISL_2443554	2021-04-27	2021-06-07	South America / Brazil / Parana / Telemaco Borba
EPI_ISL_2443553	2021-04-16	2021-06-07	South America / Brazil / Parana / Pinhais
EPI_ISL_2443569	2021-04-14	2021-06-07	South America / Brazil / Parana / Arapongas
EPI_ISL_2443568	2021-04-13	2021-06-07	South America / Brazil / Parana / Toledo
EPI_ISL_2443563	2021-03-25	2021-06-07	South America / Brazil / Para / Trairao
EPI_ISL_2443562	2021-04-23	2021-06-07	South America / Brazil / Para / Paragominas
EPI_ISL_2443561	2021-04-23	2021-06-07	South America / Brazil / Para / Paragominas
EPI_ISL_2443560	2021-04-17	2021-06-07	South America / Brazil / Para / Breves
EPI_ISL_2443567	2021-04-09	2021-06-07	South America / Brazil / Parana / Curitiba
EPI_ISL_2443566	2021-04-08	2021-06-07	South America / Brazil / Parana / Londrina
EPI_ISL_2443565	2021-03-29	2021-06-07	South America / Brazil / Parana / Londrina
EPI_ISL_2443564	2021-03-24	2021-06-07	South America / Brazil / Para / Trairao
EPI_ISL_2445317	2021-05-10	2021-06-08	South America / Brazil / Sao Paulo
EPI_ISL_2445318	2021-05-09	2021-06-08	South America / Brazil / Sao Paulo
EPI_ISL_2445319	2021-05-09	2021-06-08	South America / Brazil / Sao Paulo
EPI_ISL_2445313	2021-05-09	2021-06-08	South America / Brazil / Sao Paulo
EPI_ISL_2445314	2021-05-09	2021-06-08	South America / Brazil / Sao Paulo
EPI_ISL_2445315	2021-05-09	2021-06-08	South America / Brazil / Sao Paulo
EPI_ISL_2445316	2021-05-09	2021-06-08	South America / Brazil / Sao Paulo
EPI_ISL_2445310	2021-05-10	2021-06-08	South America / Brazil / Sao Paulo
EPI_ISL_2445311	2021-05-11	2021-06-08	South America / Brazil / Sao Paulo
EPI_ISL_2445312	2021-05-09	2021-06-08	South America / Brazil / Sao Paulo
EPI_ISL_2445441	2021-05-10	2021-06-08	South America / Brazil / Sao Paulo
EPI_ISL_2445328	2021-05-10	2021-06-08	South America / Brazil / Sao Paulo
EPI_ISL_2445329	2021-05-09	2021-06-08	South America / Brazil / Sao Paulo
EPI_ISL_2445324	2021-05-10	2021-06-08	South America / Brazil / Sao Paulo
EPI_ISL_2445325	2021-05-09	2021-06-08	South America / Brazil / Sao Paulo
EPI_ISL_2445326	2021-05-10	2021-06-08	South America / Brazil / Sao Paulo
EPI_ISL_2445321	2021-05-09	2021-06-08	South America / Brazil / Sao Paulo
EPI_ISL_2445322	2021-05-09	2021-06-08	South America / Brazil / Sao Paulo
EPI_ISL_2445323	2021-05-09	2021-06-08	South America / Brazil / Sao Paulo
EPI_ISL_2443591	2021-03-26	2021-06-07	South America / Brazil / Rio de Janeiro / Rio de Janeiro
EPI_ISL_2443590	2021-03-26	2021-06-07	South America / Brazil / Rio de Janeiro / Rio de Janeiro
EPI_ISL_2443594	2021-04-08	2021-06-07	South America / Brazil / Rio de Janeiro / Rio de Janeiro
EPI_ISL_2443593	2021-04-06	2021-06-07	South America / Brazil / Rio de Janeiro / Rio de Janeiro
EPI_ISL_2443598	2021-04-12	2021-06-07	South America / Brazil / Rio de Janeiro / Rio de Janeiro
EPI_ISL_2443597	2021-04-12	2021-06-07	South America / Brazil / Rio de Janeiro / Rio de Janeiro
EPI_ISL_2445306	2021-05-10	2021-06-08	South America / Brazil / Sao Paulo
EPI_ISL_2445307	2021-05-10	2021-06-08	South America / Brazil / Sao Paulo
EPI_ISL_2445309	2021-05-10	2021-06-08	South America / Brazil / Sao Paulo
EPI_ISL_2445302	2021-05-10	2021-06-08	South America / Brazil / Sao Paulo
EPI_ISL_2445304	2021-05-10	2021-06-08	South America / Brazil / Sao Paulo
EPI_ISL_2445305	2021-05-10	2021-06-08	South America / Brazil / Sao Paulo
EPI_ISL_2445300	2021-05-10	2021-06-08	South America / Brazil / Sao Paulo
EPI_ISL_2445230	2021-05-10	2021-06-08	South America / Brazil / Sao Paulo
EPI_ISL_2445231	2021-05-10	2021-06-08	South America / Brazil / Sao Paulo
EPI_ISL_2445236	2021-05-10	2021-06-08	South America / Brazil / Sao Paulo
EPI_ISL_2445237	2021-05-10	2021-06-08	South America / Brazil / Sao Paulo
EPI_ISL_2445238	2021-05-10	2021-06-08	South America / Brazil / Sao Paulo
EPI_ISL_2445239	2021-05-10	2021-06-08	South America / Brazil / Sao Paulo
EPI_ISL_2445233	2021-05-10	2021-06-08	South America / Brazil / Sao Paulo
EPI_ISL_2445234	2021-05-10	2021-06-08	South America / Brazil / Sao Paulo
EPI_ISL_2445235	2021-05-10	2021-06-08	South America / Brazil / Sao Paulo
EPI_ISL_2445241	2021-05-10	2021-06-08	South America / Brazil / Sao Paulo
EPI_ISL_2445242	2021-05-10	2021-06-08	South America / Brazil / Sao Paulo
EPI_ISL_2445249	2021-05-10	2021-06-08	South America / Brazil / Sao Paulo
EPI_ISL_2445243	2021-05-10	2021-06-08	South America / Brazil / Sao Paulo
EPI_ISL_2445244	2021-05-10	2021-06-08	South America / Brazil / Sao Paulo
EPI_ISL_2445245	2021-05-10	2021-06-08	South America / Brazil / Sao Paulo
EPI_ISL_2445246	2021-05-10	2021-06-08	South America / Brazil / Sao Paulo
EPI_ISL_2445218	2021-05-19	2021-06-08	South America / Brazil / Sao Paulo
EPI_ISL_2445219	2021-05-09	2021-06-08	South America / Brazil / Sao Paulo
EPI_ISL_2445215	2021-05-19	2021-06-08	South America / Brazil / Sao Paulo
EPI_ISL_2445216	2021-05-20	2021-06-08	South America / Brazil / Sao Paulo
EPI_ISL_2445217	2021-05-19	2021-06-08	South America / Brazil / Sao Paulo
EPI_ISL_2445210	2021-05-20	2021-06-08	South America / Brazil / Sao Paulo
EPI_ISL_2445211	2021-05-20	2021-06-08	South America / Brazil / Sao Paulo
EPI_ISL_2445442	2021-05-10	2021-06-08	South America / Brazil / Sao Paulo
EPI_ISL_2445212	2021-05-20	2021-06-08	South America / Brazil / Sao Paulo
EPI_ISL_2445213	2021-05-19	2021-06-08	South America / Brazil / Sao Paulo
EPI_ISL_2445220	2021-05-09	2021-06-08	South America / Brazil / Sao Paulo
EPI_ISL_2445229	2021-05-10	2021-06-08	South America / Brazil / Sao Paulo
EPI_ISL_2445226	2021-05-10	2021-06-08	South America / Brazil / Sao Paulo
EPI_ISL_2445227	2021-05-10	2021-06-08	South America / Brazil / Sao Paulo
EPI_ISL_2445228	2021-05-10	2021-06-08	South America / Brazil / Sao Paulo
EPI_ISL_2445221	2021-05-09	2021-06-08	South America / Brazil / Sao Paulo
EPI_ISL_2445223	2021-05-10	2021-06-08	South America / Brazil / Sao Paulo
EPI_ISL_2445224	2021-05-10	2021-06-08	South America / Brazil / Sao Paulo
EPI_ISL_2445274	2021-05-10	2021-06-08	South America / Brazil / Sao Paulo
EPI_ISL_2445275	2021-05-10	2021-06-08	South America / Brazil / Sao Paulo
EPI_ISL_2445270	2021-05-10	2021-06-08	South America / Brazil / Sao Paulo
EPI_ISL_2445271	2021-05-10	2021-06-08	South America / Brazil / Sao Paulo
EPI_ISL_2445276	2021-05-11	2021-06-08	South America / Brazil / Sao Paulo
EPI_ISL_2445277	2021-05-10	2021-06-08	South America / Brazil / Sao Paulo
EPI_ISL_2445279	2021-05-10	2021-06-08	South America / Brazil / Sao Paulo
EPI_ISL_2445283	2021-05-10	2021-06-08	South America / Brazil / Sao Paulo
EPI_ISL_2445284	2021-05-10	2021-06-08	South America / Brazil / Sao Paulo
EPI_ISL_2445285	2021-05-10	2021-06-08	South America / Brazil / Sao Paulo
EPI_ISL_2445286	2021-05-10	2021-06-08	South America / Brazil / Sao Paulo
EPI_ISL_2445280	2021-05-10	2021-06-08	South America / Brazil / Sao Paulo
EPI_ISL_2445281	2021-05-10	2021-06-08	South America / Brazil / Sao Paulo
EPI_ISL_2445282	2021-05-10	2021-06-08	South America / Brazil / Sao Paulo
EPI_ISL_2445287	2021-05-10	2021-06-08	South America / Brazil / Sao Paulo
EPI_ISL_2445288	2021-05-10	2021-06-08	South America / Brazil / Sao Paulo
EPI_ISL_2445251	2021-05-10	2021-06-08	South America / Brazil / Sao Paulo
EPI_ISL_2445252	2021-05-11	2021-06-08	South America / Brazil / Sao Paulo
EPI_ISL_2445259	2021-05-10	2021-06-08	South America / Brazil / Sao Paulo
EPI_ISL_2445254	2021-05-10	2021-06-08	South America / Brazil / Sao Paulo
EPI_ISL_2445255	2021-05-10	2021-06-08	South America / Brazil / Sao Paulo
EPI_ISL_2445256	2021-05-10	2021-06-08	South America / Brazil / Sao Paulo
EPI_ISL_2445257	2021-05-10	2021-06-08	South America / Brazil / Sao Paulo
EPI_ISL_2445261	2021-05-10	2021-06-08	South America / Brazil / Sao Paulo
EPI_ISL_2445264	2021-05-10	2021-06-08	South America / Brazil / Sao Paulo
EPI_ISL_2445260	2021-05-10	2021-06-08	South America / Brazil / Sao Paulo
EPI_ISL_2445269	2021-05-10	2021-06-08	South America / Brazil / Sao Paulo
EPI_ISL_2445266	2021-05-10	2021-06-08	South America / Brazil / Sao Paulo
EPI_ISL_2445267	2021-05-10	2021-06-08	South America / Brazil / Sao Paulo
EPI_ISL_2445268	2021-05-10	2021-06-08	South America / Brazil / Sao Paulo
EPI_ISL_2445294	2021-05-10	2021-06-08	South America / Brazil / Sao Paulo
EPI_ISL_2445295	2021-05-10	2021-06-08	South America / Brazil / Sao Paulo
EPI_ISL_2445296	2021-05-10	2021-06-08	South America / Brazil / Sao Paulo
EPI_ISL_2445297	2021-05-10	2021-06-08	South America / Brazil / Sao Paulo
EPI_ISL_2445290	2021-05-10	2021-06-08	South America / Brazil / Sao Paulo
EPI_ISL_2445291	2021-05-10	2021-06-08	South America / Brazil / Sao Paulo
EPI_ISL_2445292	2021-05-10	2021-06-08	South America / Brazil / Sao Paulo
EPI_ISL_2445293	2021-05-10	2021-06-08	South America / Brazil / Sao Paulo
EPI_ISL_2445298	2021-05-11	2021-06-08	South America / Brazil / Sao Paulo
EPI_ISL_2445299	2021-05-10	2021-06-08	South America / Brazil / Sao Paulo
EPI_ISL_2445208	2021-05-19	2021-06-08	South America / Brazil / Sao Paulo
EPI_ISL_2445209	2021-05-20	2021-06-08	South America / Brazil / Sao Paulo
EPI_ISL_2445203	2021-05-19	2021-06-08	South America / Brazil / Sao Paulo
EPI_ISL_2445204	2021-05-19	2021-06-08	South America / Brazil / Sao Paulo
EPI_ISL_2445205	2021-05-19	2021-06-08	South America / Brazil / Sao Paulo
EPI_ISL_2445200	2021-05-19	2021-06-08	South America / Brazil / Sao Paulo
EPI_ISL_2445201	2021-05-19	2021-06-08	South America / Brazil / Sao Paulo
EPI_ISL_2445591	2021-05-12	2021-06-08	South America / Brazil / Sao Paulo
EPI_ISL_2445592	2021-05-13	2021-06-08	South America / Brazil / Sao Paulo
EPI_ISL_2445593	2021-05-12	2021-06-08	South America / Brazil / Sao Paulo
EPI_ISL_2445594	2021-05-12	2021-06-08	South America / Brazil / Sao Paulo
EPI_ISL_2445590	2021-05-12	2021-06-08	South America / Brazil / Sao Paulo
EPI_ISL_2445599	2021-05-13	2021-06-08	South America / Brazil / Sao Paulo
EPI_ISL_2445595	2021-05-12	2021-06-08	South America / Brazil / Sao Paulo
EPI_ISL_2445596	2021-05-12	2021-06-08	South America / Brazil / Sao Paulo
EPI_ISL_2445597	2021-05-13	2021-06-08	South America / Brazil / Sao Paulo
EPI_ISL_2445598	2021-05-13	2021-06-08	South America / Brazil / Sao Paulo
EPI_ISL_2445570	2021-05-12	2021-06-08	South America / Brazil / Sao Paulo
EPI_ISL_2445572	2021-05-12	2021-06-08	South America / Brazil / Sao Paulo
EPI_ISL_2445577	2021-05-12	2021-06-08	South America / Brazil / Sao Paulo
EPI_ISL_2445578	2021-05-12	2021-06-08	South America / Brazil / Sao Paulo
EPI_ISL_2445579	2021-05-12	2021-06-08	South America / Brazil / Sao Paulo
EPI_ISL_2445573	2021-05-12	2021-06-08	South America / Brazil / Sao Paulo
EPI_ISL_2445575	2021-05-12	2021-06-08	South America / Brazil / Sao Paulo
EPI_ISL_2445576	2021-05-12	2021-06-08	South America / Brazil / Sao Paulo
EPI_ISL_2445581	2021-05-12	2021-06-08	South America / Brazil / Sao Paulo
EPI_ISL_2445582	2021-05-13	2021-06-08	South America / Brazil / Sao Paulo
EPI_ISL_2445583	2021-05-12	2021-06-08	South America / Brazil / Sao Paulo
EPI_ISL_2445588	2021-05-12	2021-06-08	South America / Brazil / Sao Paulo
EPI_ISL_2445589	2021-05-12	2021-06-08	South America / Brazil / Sao Paulo
EPI_ISL_2445584	2021-05-12	2021-06-08	South America / Brazil / Sao Paulo
EPI_ISL_2445585	2021-05-13	2021-06-08	South America / Brazil / Sao Paulo
EPI_ISL_2445586	2021-05-12	2021-06-08	South America / Brazil / Sao Paulo
EPI_ISL_2445587	2021-05-12	2021-06-08	South America / Brazil / Sao Paulo
EPI_ISL_2445419	2021-05-10	2021-06-08	South America / Brazil / Sao Paulo
EPI_ISL_2443709	2021-04-05	2021-06-07	South America / Brazil / Santa Catarina / Videira
EPI_ISL_2443712	2021-04-07	2021-06-07	South America / Brazil / Santa Catarina / Florianopolis
EPI_ISL_2443711	2021-03-22	2021-06-07	South America / Brazil / Santa Catarina / Florianopolis
EPI_ISL_2445519	2021-05-12	2021-06-08	South America / Brazil / Sao Paulo
EPI_ISL_2445516	2021-05-12	2021-06-08	South America / Brazil / Sao Paulo
EPI_ISL_2445518	2021-05-12	2021-06-08	South America / Brazil / Sao Paulo
EPI_ISL_2445511	2021-05-10	2021-06-08	South America / Brazil / Sao Paulo
EPI_ISL_2445512	2021-05-12	2021-06-08	South America / Brazil / Sao Paulo
EPI_ISL_2445514	2021-05-12	2021-06-08	South America / Brazil / Sao Paulo
EPI_ISL_2445412	2021-05-09	2021-06-08	South America / Brazil / Sao Paulo
EPI_ISL_2445510	2021-05-10	2021-06-08	South America / Brazil / Sao Paulo
EPI_ISL_2445413	2021-05-10	2021-06-08	South America / Brazil / Sao Paulo
EPI_ISL_2445526	2021-05-12	2021-06-08	South America / Brazil / Sao Paulo
EPI_ISL_2445527	2021-05-12	2021-06-08	South America / Brazil / Sao Paulo
EPI_ISL_2445414	2021-05-09	2021-06-08	South America / Brazil / Sao Paulo
EPI_ISL_2445529	2021-05-10	2021-06-08	South America / Brazil / Sao Paulo
EPI_ISL_2445522	2021-05-12	2021-06-08	South America / Brazil / Sao Paulo
EPI_ISL_2445523	2021-05-12	2021-06-08	South America / Brazil / Sao Paulo
EPI_ISL_2445524	2021-05-12	2021-06-08	South America / Brazil / Sao Paulo
EPI_ISL_2445525	2021-05-12	2021-06-08	South America / Brazil / Sao Paulo
EPI_ISL_2445520	2021-05-12	2021-06-08	South America / Brazil / Sao Paulo
EPI_ISL_2445508	2021-05-12	2021-06-08	South America / Brazil / Sao Paulo
EPI_ISL_2445504	2021-05-10	2021-06-08	South America / Brazil / Sao Paulo
EPI_ISL_2445505	2021-05-10	2021-06-08	South America / Brazil / Sao Paulo
EPI_ISL_2445506	2021-05-10	2021-06-08	South America / Brazil / Sao Paulo
EPI_ISL_2445500	2021-05-10	2021-06-08	South America / Brazil / Sao Paulo
EPI_ISL_2445501	2021-05-10	2021-06-08	South America / Brazil / Sao Paulo
EPI_ISL_2445502	2021-05-10	2021-06-08	South America / Brazil / Sao Paulo
EPI_ISL_2445503	2021-05-10	2021-06-08	South America / Brazil / Sao Paulo
EPI_ISL_2445550	2021-05-12	2021-06-08	South America / Brazil / Sao Paulo
EPI_ISL_2445559	2021-05-12	2021-06-08	South America / Brazil / Sao Paulo
EPI_ISL_2445555	2021-05-13	2021-06-08	South America / Brazil / Sao Paulo
EPI_ISL_2445556	2021-05-12	2021-06-08	South America / Brazil / Sao Paulo
EPI_ISL_2444222	2021-05-03	2021-06-08	South America / Brazil / Sao Paulo
EPI_ISL_2445557	2021-05-14	2021-06-08	South America / Brazil / Sao Paulo
EPI_ISL_2444221	2021-05-03	2021-06-08	South America / Brazil / Sao Paulo
EPI_ISL_2445558	2021-05-12	2021-06-08	South America / Brazil / Sao Paulo
EPI_ISL_2444220	2021-05-03	2021-06-08	South America / Brazil / Sao Paulo
EPI_ISL_2445552	2021-05-13	2021-06-08	South America / Brazil / Sao Paulo
EPI_ISL_2445553	2021-05-14	2021-06-08	South America / Brazil / Sao Paulo
EPI_ISL_2445554	2021-05-14	2021-06-08	South America / Brazil / Sao Paulo
EPI_ISL_2445560	2021-05-11	2021-06-08	South America / Brazil / Sao Paulo
EPI_ISL_2445561	2021-05-11	2021-06-08	South America / Brazil / Sao Paulo
EPI_ISL_2445566	2021-05-12	2021-06-08	South America / Brazil / Sao Paulo
EPI_ISL_2445567	2021-05-11	2021-06-08	South America / Brazil / Sao Paulo
EPI_ISL_2445562	2021-05-11	2021-06-08	South America / Brazil / Sao Paulo
EPI_ISL_2445563	2021-05-11	2021-06-08	South America / Brazil / Sao Paulo
EPI_ISL_2445564	2021-05-11	2021-06-08	South America / Brazil / Sao Paulo
EPI_ISL_2445565	2021-05-11	2021-06-08	South America / Brazil / Sao Paulo
EPI_ISL_2444209	2021-05-02	2021-06-08	South America / Brazil / Sao Paulo
EPI_ISL_2444208	2021-05-02	2021-06-08	South America / Brazil / Sao Paulo
EPI_ISL_2444207	2021-05-02	2021-06-08	South America / Brazil / Sao Paulo
EPI_ISL_2444206	2021-05-02	2021-06-08	South America / Brazil / Sao Paulo
EPI_ISL_2445537	2021-05-13	2021-06-08	South America / Brazil / Sao Paulo
EPI_ISL_2445538	2021-05-13	2021-06-08	South America / Brazil / Sao Paulo
EPI_ISL_2445533	2021-05-12	2021-06-08	South America / Brazil / Sao Paulo
EPI_ISL_2445534	2021-05-12	2021-06-08	South America / Brazil / Sao Paulo
EPI_ISL_2444200	2021-05-02	2021-06-08	South America / Brazil / Sao Paulo
EPI_ISL_2444205	2021-05-02	2021-06-08	South America / Brazil / Sao Paulo
EPI_ISL_2445530	2021-05-10	2021-06-08	South America / Brazil / Sao Paulo
EPI_ISL_2444204	2021-05-02	2021-06-08	South America / Brazil / Sao Paulo
EPI_ISL_2445531	2021-05-11	2021-06-08	South America / Brazil / Sao Paulo
EPI_ISL_2444203	2021-05-02	2021-06-08	South America / Brazil / Sao Paulo
EPI_ISL_2445532	2021-05-12	2021-06-08	South America / Brazil / Sao Paulo
EPI_ISL_2444202	2021-05-02	2021-06-08	South America / Brazil / Sao Paulo
EPI_ISL_2444219	2021-05-03	2021-06-08	South America / Brazil / Sao Paulo
EPI_ISL_2444218	2021-05-03	2021-06-08	South America / Brazil / Sao Paulo
EPI_ISL_2445548	2021-05-13	2021-06-08	South America / Brazil / Sao Paulo
EPI_ISL_2445544	2021-05-13	2021-06-08	South America / Brazil / Sao Paulo
EPI_ISL_2444212	2021-05-03	2021-06-08	South America / Brazil / Sao Paulo
EPI_ISL_2445545	2021-05-09	2021-06-08	South America / Brazil / Sao Paulo
EPI_ISL_2444211	2021-05-03	2021-06-08	South America / Brazil / Sao Paulo
EPI_ISL_2444210	2021-05-03	2021-06-08	South America / Brazil / Sao Paulo
EPI_ISL_2445540	2021-05-13	2021-06-08	South America / Brazil / Sao Paulo
EPI_ISL_2444216	2021-05-03	2021-06-08	South America / Brazil / Sao Paulo
EPI_ISL_2445541	2021-05-12	2021-06-08	South America / Brazil / Sao Paulo
EPI_ISL_2444215	2021-05-03	2021-06-08	South America / Brazil / Sao Paulo
EPI_ISL_2445542	2021-05-13	2021-06-08	South America / Brazil / Sao Paulo
EPI_ISL_2444214	2021-05-03	2021-06-08	South America / Brazil / Sao Paulo
EPI_ISL_2444213	2021-05-03	2021-06-08	South America / Brazil / Sao Paulo
EPI_ISL_2445543	2021-05-13	2021-06-08	South America / Brazil / Sao Paulo
EPI_ISL_2445470	2021-05-10	2021-06-08	South America / Brazil / Sao Paulo
EPI_ISL_2445471	2021-05-10	2021-06-08	South America / Brazil / Sao Paulo
EPI_ISL_2445472	2021-05-10	2021-06-08	South America / Brazil / Sao Paulo
EPI_ISL_2445473	2021-05-10	2021-06-08	South America / Brazil / Sao Paulo
EPI_ISL_2445478	2021-05-10	2021-06-08	South America / Brazil / Sao Paulo
EPI_ISL_2445479	2021-05-11	2021-06-08	South America / Brazil / Sao Paulo
EPI_ISL_2445474	2021-05-10	2021-06-08	South America / Brazil / Sao Paulo
EPI_ISL_2445475	2021-05-10	2021-06-08	South America / Brazil / Sao Paulo
EPI_ISL_2445476	2021-05-10	2021-06-08	South America / Brazil / Sao Paulo
EPI_ISL_2445477	2021-05-10	2021-06-08	South America / Brazil / Sao Paulo
EPI_ISL_2445481	2021-05-13	2021-06-08	South America / Brazil / Sao Paulo
EPI_ISL_2445482	2021-05-13	2021-06-08	South America / Brazil / Sao Paulo
EPI_ISL_2445483	2021-05-13	2021-06-08	South America / Brazil / Sao Paulo
EPI_ISL_2445484	2021-05-13	2021-06-08	South America / Brazil / Sao Paulo
EPI_ISL_2444153	2021-04-26	2021-06-08	South America / Brazil / Sao Paulo
EPI_ISL_2444157	2021-04-26	2021-06-08	South America / Brazil / Sao Paulo
EPI_ISL_2445489	2021-05-10	2021-06-08	South America / Brazil / Sao Paulo
EPI_ISL_2444155	2021-04-26	2021-06-08	South America / Brazil / Sao Paulo
EPI_ISL_2444154	2021-04-26	2021-06-08	South America / Brazil / Sao Paulo
EPI_ISL_2445485	2021-05-13	2021-06-08	South America / Brazil / Sao Paulo
EPI_ISL_2445486	2021-05-10	2021-06-08	South America / Brazil / Sao Paulo
EPI_ISL_2445487	2021-05-10	2021-06-08	South America / Brazil / Sao Paulo
EPI_ISL_2444159	2021-04-26	2021-06-08	South America / Brazil / Sao Paulo
EPI_ISL_2445488	2021-05-10	2021-06-08	South America / Brazil / Sao Paulo
EPI_ISL_2444158	2021-04-26	2021-06-08	South America / Brazil / Sao Paulo
EPI_ISL_2445451	2021-05-10	2021-06-08	South America / Brazil / Sao Paulo
EPI_ISL_2445456	2021-05-11	2021-06-08	South America / Brazil / Sao Paulo
EPI_ISL_2445458	2021-05-10	2021-06-08	South America / Brazil / Sao Paulo
EPI_ISL_2445452	2021-05-10	2021-06-08	South America / Brazil / Sao Paulo
EPI_ISL_2445453	2021-05-10	2021-06-08	South America / Brazil / Sao Paulo
EPI_ISL_2445455	2021-05-10	2021-06-08	South America / Brazil / Sao Paulo
EPI_ISL_2445460	2021-05-10	2021-06-08	South America / Brazil / Sao Paulo
EPI_ISL_2445461	2021-05-10	2021-06-08	South America / Brazil / Sao Paulo
EPI_ISL_2445462	2021-05-10	2021-06-08	South America / Brazil / Sao Paulo
EPI_ISL_2445467	2021-05-10	2021-06-08	South America / Brazil / Sao Paulo
EPI_ISL_2445468	2021-05-10	2021-06-08	South America / Brazil / Sao Paulo
EPI_ISL_2445469	2021-05-10	2021-06-08	South America / Brazil / Sao Paulo
EPI_ISL_2445464	2021-05-10	2021-06-08	South America / Brazil / Sao Paulo
EPI_ISL_2445465	2021-05-10	2021-06-08	South America / Brazil / Sao Paulo
EPI_ISL_2445466	2021-05-10	2021-06-08	South America / Brazil / Sao Paulo
EPI_ISL_2444182	2021-04-27	2021-06-08	South America / Brazil / Sao Paulo
EPI_ISL_2444181	2021-04-27	2021-06-08	South America / Brazil / Sao Paulo
EPI_ISL_2444180	2021-04-27	2021-06-08	South America / Brazil / Sao Paulo
EPI_ISL_2444186	2021-04-27	2021-06-08	South America / Brazil / Sao Paulo
EPI_ISL_2444185	2021-04-27	2021-06-08	South America / Brazil / Sao Paulo
EPI_ISL_2444184	2021-04-27	2021-06-08	South America / Brazil / Sao Paulo
EPI_ISL_2444183	2021-04-27	2021-06-08	South America / Brazil / Sao Paulo
EPI_ISL_2444189	2021-04-27	2021-06-08	South America / Brazil / Sao Paulo
EPI_ISL_2444188	2021-04-27	2021-06-08	South America / Brazil / Sao Paulo
EPI_ISL_2444187	2021-04-27	2021-06-08	South America / Brazil / Sao Paulo
EPI_ISL_2444193	2021-05-02	2021-06-08	South America / Brazil / Sao Paulo
EPI_ISL_2444190	2021-04-28	2021-06-08	South America / Brazil / Sao Paulo
EPI_ISL_2444197	2021-05-02	2021-06-08	South America / Brazil / Sao Paulo
EPI_ISL_2444196	2021-05-02	2021-06-08	South America / Brazil / Sao Paulo
EPI_ISL_2444195	2021-05-02	2021-06-08	South America / Brazil / Sao Paulo
EPI_ISL_2444194	2021-05-02	2021-06-08	South America / Brazil / Sao Paulo
EPI_ISL_2444199	2021-05-02	2021-06-08	South America / Brazil / Sao Paulo
EPI_ISL_2444198	2021-05-02	2021-06-08	South America / Brazil / Sao Paulo
EPI_ISL_2445492	2021-05-10	2021-06-08	South America / Brazil / Sao Paulo
EPI_ISL_2444160	2021-04-26	2021-06-08	South America / Brazil / Sao Paulo
EPI_ISL_2445493	2021-05-10	2021-06-08	South America / Brazil / Sao Paulo
EPI_ISL_2445494	2021-05-10	2021-06-08	South America / Brazil / Sao Paulo
EPI_ISL_2445495	2021-05-10	2021-06-08	South America / Brazil / Sao Paulo
EPI_ISL_2444164	2021-04-26	2021-06-08	South America / Brazil / Sao Paulo
EPI_ISL_2444163	2021-04-26	2021-06-08	South America / Brazil / Sao Paulo
EPI_ISL_2445490	2021-05-10	2021-06-08	South America / Brazil / Sao Paulo
EPI_ISL_2444162	2021-04-26	2021-06-08	South America / Brazil / Sao Paulo
EPI_ISL_2445491	2021-05-10	2021-06-08	South America / Brazil / Sao Paulo
EPI_ISL_2444161	2021-04-26	2021-06-08	South America / Brazil / Sao Paulo
EPI_ISL_2444168	2021-04-26	2021-06-08	South America / Brazil / Sao Paulo
EPI_ISL_2444167	2021-04-26	2021-06-08	South America / Brazil / Sao Paulo
EPI_ISL_2444166	2021-04-26	2021-06-08	South America / Brazil / Sao Paulo
EPI_ISL_2444165	2021-04-26	2021-06-08	South America / Brazil / Sao Paulo
EPI_ISL_2445497	2021-05-10	2021-06-08	South America / Brazil / Sao Paulo
EPI_ISL_2445498	2021-05-10	2021-06-08	South America / Brazil / Sao Paulo
EPI_ISL_2444169	2021-04-26	2021-06-08	South America / Brazil / Sao Paulo
EPI_ISL_2445499	2021-05-10	2021-06-08	South America / Brazil / Sao Paulo
EPI_ISL_2444171	2021-04-26	2021-06-08	South America / Brazil / Sao Paulo
EPI_ISL_2444170	2021-04-26	2021-06-08	South America / Brazil / Sao Paulo
EPI_ISL_2444172	2021-04-26	2021-06-08	South America / Brazil / Sao Paulo
EPI_ISL_2444179	2021-04-27	2021-06-08	South America / Brazil / Sao Paulo
EPI_ISL_2444178	2021-04-27	2021-06-08	South America / Brazil / Sao Paulo
EPI_ISL_2444177	2021-04-27	2021-06-08	South America / Brazil / Sao Paulo
EPI_ISL_2444176	2021-04-27	2021-06-08	South America / Brazil / Sao Paulo
EPI_ISL_2443703	2021-04-08	2021-06-07	South America / Brazil / Santa Catarina / Rio Negrinho
EPI_ISL_2443702	2021-04-06	2021-06-07	South America / Brazil / Santa Catarina / Brusque
EPI_ISL_2443701	2021-04-07	2021-06-07	South America / Brazil / Santa Catarina / Imbituba
EPI_ISL_2443700	2021-04-13	2021-06-07	South America / Brazil / Santa Catarina / Canoinhas
EPI_ISL_2443707	2021-04-12	2021-06-07	South America / Brazil / Santa Catarina / Governador Celso Ramos
EPI_ISL_2443706	2021-04-13	2021-06-07	South America / Brazil / Santa Catarina / Taio
EPI_ISL_2443705	2021-04-06	2021-06-07	South America / Brazil / Santa Catarina / Penha
EPI_ISL_2443704	2021-04-12	2021-06-07	South America / Brazil / Santa Catarina / Joinville
EPI_ISL_2443613	2021-05-07	2021-06-07	South America / Brazil / Rio de Janeiro / Rio de Janeiro
EPI_ISL_2443619	2021-04-16	2021-06-07	South America / Brazil / Rio de Janeiro / Iguaba Grande
EPI_ISL_2443618	2021-04-16	2021-06-07	South America / Brazil / Rio de Janeiro / Iguaba Grande
EPI_ISL_2443617	2021-04-16	2021-06-07	South America / Brazil / Rio de Janeiro / Iguaba Grande
EPI_ISL_2443616	2021-04-13	2021-06-07	South America / Brazil / Rio de Janeiro / Nova Friburgo
EPI_ISL_2443611	2021-05-06	2021-06-07	South America / Brazil / Rio de Janeiro / Rio de Janeiro
EPI_ISL_2443610	2021-05-05	2021-06-07	South America / Brazil / Rio de Janeiro / Rio de Janeiro
EPI_ISL_2443626	2021-04-17	2021-06-07	South America / Brazil / Rio de Janeiro / Iguaba Grande
EPI_ISL_2443625	2021-04-18	2021-06-07	South America / Brazil / Rio de Janeiro / Iguaba Grande
EPI_ISL_2443624	2021-04-18	2021-06-07	South America / Brazil / Rio de Janeiro / Iguaba Grande
EPI_ISL_2443623	2021-04-18	2021-06-07	South America / Brazil / Rio de Janeiro / Iguaba Grande
EPI_ISL_2443629	2021-04-17	2021-06-07	South America / Brazil / Rio de Janeiro / Iguaba Grande
EPI_ISL_2443628	2021-04-17	2021-06-07	South America / Brazil / Rio de Janeiro / Iguaba Grande
EPI_ISL_2443627	2021-04-17	2021-06-07	South America / Brazil / Rio de Janeiro / Iguaba Grande
EPI_ISL_2443621	2021-04-16	2021-06-07	South America / Brazil / Rio de Janeiro / Iguaba Grande
EPI_ISL_2443620	2021-04-16	2021-06-07	South America / Brazil / Rio de Janeiro / Iguaba Grande
EPI_ISL_2443601	2021-04-22	2021-06-07	South America / Brazil / Rio de Janeiro / Rio de Janeiro
EPI_ISL_2443607	2021-04-30	2021-06-07	South America / Brazil / Rio de Janeiro / Rio de Janeiro
EPI_ISL_2443606	2021-04-30	2021-06-07	South America / Brazil / Rio de Janeiro / Rio de Janeiro
EPI_ISL_2443605	2021-04-30	2021-06-07	South America / Brazil / Rio de Janeiro / Rio de Janeiro
EPI_ISL_2443659	2021-05-13	2021-06-07	South America / Brazil / Rio de Janeiro / Rio de Janeiro
EPI_ISL_2443658	2021-04-29	2021-06-07	South America / Brazil / Rio de Janeiro / Rio de Janeiro
EPI_ISL_2443657	2021-04-29	2021-06-07	South America / Brazil / Rio de Janeiro / Rio de Janeiro
EPI_ISL_2443651	2021-04-24	2021-06-07	South America / Brazil / Rio de Janeiro / Iguaba Grande
EPI_ISL_2443650	2021-04-25	2021-06-07	South America / Brazil / Rio de Janeiro / Iguaba Grande
EPI_ISL_2443655	2021-04-26	2021-06-07	South America / Brazil / Rio de Janeiro / Iguaba Grande
EPI_ISL_2443654	2021-04-26	2021-06-07	South America / Brazil / Rio de Janeiro / Iguaba Grande
EPI_ISL_2443653	2021-04-26	2021-06-07	South America / Brazil / Rio de Janeiro / Iguaba Grande
EPI_ISL_2443652	2021-04-25	2021-06-07	South America / Brazil / Rio de Janeiro / Iguaba Grande
EPI_ISL_2443662	2021-05-17	2021-06-07	South America / Brazil / Rio de Janeiro / Rio de Janeiro
EPI_ISL_2443661	2021-05-13	2021-06-07	South America / Brazil / Rio de Janeiro / Rio de Janeiro
EPI_ISL_2443660	2021-05-13	2021-06-07	South America / Brazil / Rio de Janeiro / Rio de Janeiro
EPI_ISL_2443637	2021-04-19	2021-06-07	South America / Brazil / Rio de Janeiro / Iguaba Grande
EPI_ISL_2443634	2021-05-10	2021-06-07	South America / Brazil / Rio de Janeiro / Rio de Janeiro
EPI_ISL_2443639	2021-04-21	2021-06-07	South America / Brazil / Rio de Janeiro / Iguaba Grande
EPI_ISL_2443638	2021-04-19	2021-06-07	South America / Brazil / Rio de Janeiro / Iguaba Grande
EPI_ISL_2443631	2021-04-18	2021-06-07	South America / Brazil / Rio de Janeiro / Iguaba Grande
EPI_ISL_2443630	2021-04-18	2021-06-07	South America / Brazil / Rio de Janeiro / Iguaba Grande
EPI_ISL_2443647	2021-04-25	2021-06-07	South America / Brazil / Rio de Janeiro / Iguaba Grande
EPI_ISL_2443646	2021-04-25	2021-06-07	South America / Brazil / Rio de Janeiro / Iguaba Grande
EPI_ISL_2443645	2021-04-25	2021-06-07	South America / Brazil / Rio de Janeiro / Iguaba Grande
EPI_ISL_2443649	2021-04-25	2021-06-07	South America / Brazil / Rio de Janeiro / Iguaba Grande
EPI_ISL_2443640	2021-04-20	2021-06-07	South America / Brazil / Rio de Janeiro / Iguaba Grande
EPI_ISL_2443644	2021-04-25	2021-06-07	South America / Brazil / Rio de Janeiro / Iguaba Grande
EPI_ISL_2443643	2021-04-25	2021-06-07	South America / Brazil / Rio de Janeiro / Iguaba Grande
EPI_ISL_2443642	2021-04-25	2021-06-07	South America / Brazil / Rio de Janeiro / Iguaba Grande
EPI_ISL_2443641	2021-04-20	2021-06-07	South America / Brazil / Rio de Janeiro / Iguaba Grande
EPI_ISL_2443691	2021-04-10	2021-06-07	South America / Brazil / Santa Catarina / Joinville
EPI_ISL_2443690	2021-04-10	2021-06-07	South America / Brazil / Santa Catarina / Sao Bento do Sul
EPI_ISL_2443695	2021-04-13	2021-06-07	South America / Brazil / Santa Catarina / Capivari de Baixo
EPI_ISL_2443693	2021-04-12	2021-06-07	South America / Brazil / Santa Catarina / Laguna
EPI_ISL_2443692	2021-04-10	2021-06-07	South America / Brazil / Santa Catarina / Joinville
EPI_ISL_2443699	2021-04-05	2021-06-07	South America / Brazil / Santa Catarina / Itaiopolis
EPI_ISL_2443698	2021-04-13	2021-06-07	South America / Brazil / Santa Catarina / Morro da Fumaca
EPI_ISL_2443697	2021-04-12	2021-06-07	South America / Brazil / Santa Catarina / Balneario Arroio do Silva
EPI_ISL_2443696	2021-04-14	2021-06-07	South America / Brazil / Santa Catarina / Camboriu
EPI_ISL_2445409	2021-05-10	2021-06-08	South America / Brazil / Sao Paulo
EPI_ISL_2445405	2021-05-10	2021-06-08	South America / Brazil / Sao Paulo
EPI_ISL_2445406	2021-05-10	2021-06-08	South America / Brazil / Sao Paulo
EPI_ISL_2445401	2021-05-09	2021-06-08	South America / Brazil / Sao Paulo
EPI_ISL_2445402	2021-05-10	2021-06-08	South America / Brazil / Sao Paulo
EPI_ISL_2445403	2021-05-09	2021-06-08	South America / Brazil / Sao Paulo
EPI_ISL_2445404	2021-05-09	2021-06-08	South America / Brazil / Sao Paulo
EPI_ISL_2445400	2021-05-09	2021-06-08	South America / Brazil / Sao Paulo
EPI_ISL_2443679	2021-04-23	2021-06-07	South America / Brazil / Santa Catarina / Florianopolis
EPI_ISL_2443678	2021-04-23	2021-06-07	South America / Brazil / Santa Catarina / Governador Celso Ramos
EPI_ISL_2443673	2021-05-03	2021-06-07	South America / Brazil / Rio Grande do Sul / Porto Alegre
EPI_ISL_2443677	2021-04-19	2021-06-07	South America / Brazil / Santa Catarina / Biguacu
EPI_ISL_2443676	2021-04-22	2021-06-07	South America / Brazil / Santa Catarina / Penha
EPI_ISL_2443680	2021-04-23	2021-06-07	South America / Brazil / Santa Catarina / Balneario Arroio do Silva
EPI_ISL_2443689	2021-04-15	2021-06-07	South America / Brazil / Santa Catarina / Laguna
EPI_ISL_2443684	2021-04-19	2021-06-07	South America / Brazil / Santa Catarina / Lages
EPI_ISL_2443683	2021-04-23	2021-06-07	South America / Brazil / Santa Catarina / Itaiopolis
EPI_ISL_2443682	2021-04-20	2021-06-07	South America / Brazil / Santa Catarina / Schroeder
EPI_ISL_2443681	2021-04-22	2021-06-07	South America / Brazil / Santa Catarina / Joinville
EPI_ISL_2443687	2021-04-09	2021-06-07	South America / Brazil / Santa Catarina / Tijucas
EPI_ISL_2443686	2021-04-13	2021-06-07	South America / Brazil / Santa Catarina / Capivari de Baixo
EPI_ISL_2443685	2021-04-09	2021-06-07	South America / Brazil / Santa Catarina / Itaiopolis
EPI_ISL_2445438	2021-05-10	2021-06-08	South America / Brazil / Sao Paulo
EPI_ISL_2445439	2021-05-10	2021-06-08	South America / Brazil / Sao Paulo
EPI_ISL_2445434	2021-05-10	2021-06-08	South America / Brazil / Sao Paulo
EPI_ISL_2445435	2021-05-10	2021-06-08	South America / Brazil / Sao Paulo
EPI_ISL_2445436	2021-05-10	2021-06-08	South America / Brazil / Sao Paulo
EPI_ISL_2445437	2021-05-10	2021-06-08	South America / Brazil / Sao Paulo
EPI_ISL_2445431	2021-05-10	2021-06-08	South America / Brazil / Sao Paulo
EPI_ISL_2445432	2021-05-10	2021-06-08	South America / Brazil / Sao Paulo
EPI_ISL_2445433	2021-05-10	2021-06-08	South America / Brazil / Sao Paulo
EPI_ISL_2445440	2021-05-10	2021-06-08	South America / Brazil / Sao Paulo
EPI_ISL_2445449	2021-05-10	2021-06-08	South America / Brazil / Sao Paulo
EPI_ISL_2445445	2021-05-10	2021-06-08	South America / Brazil / Sao Paulo
EPI_ISL_2445447	2021-05-10	2021-06-08	South America / Brazil / Sao Paulo
EPI_ISL_2445415	2021-05-09	2021-06-08	South America / Brazil / Sao Paulo
EPI_ISL_2445427	2021-05-10	2021-06-08	South America / Brazil / Sao Paulo
EPI_ISL_2445429	2021-05-10	2021-06-08	South America / Brazil / Sao Paulo
EPI_ISL_2445423	2021-05-09	2021-06-08	South America / Brazil / Sao Paulo
EPI_ISL_2445424	2021-05-09	2021-06-08	South America / Brazil / Sao Paulo
EPI_ISL_2445425	2021-05-09	2021-06-08	South America / Brazil / Sao Paulo
EPI_ISL_2445426	2021-05-10	2021-06-08	South America / Brazil / Sao Paulo
EPI_ISL_2445420	2021-05-10	2021-06-08	South America / Brazil / Sao Paulo
EPI_ISL_2445421	2021-05-09	2021-06-08	South America / Brazil / Sao Paulo
EPI_ISL_2445422	2021-05-09	2021-06-08	South America / Brazil / Sao Paulo
EPI_ISL_2443059	2021-04-09	2021-06-07	South America / Brazil / Sao Paulo
EPI_ISL_2443058	2021-04-09	2021-06-07	South America / Brazil / Sao Paulo
EPI_ISL_2443060	2021-04-09	2021-06-07	South America / Brazil / Sao Paulo
EPI_ISL_2443063	2021-04-09	2021-06-07	South America / Brazil / Sao Paulo
EPI_ISL_2443062	2021-04-09	2021-06-07	South America / Brazil / Sao Paulo
EPI_ISL_2443065	2021-04-09	2021-06-07	South America / Brazil / Sao Paulo
EPI_ISL_1067728	2021-01-08	2021-02-24	South America / Brazil / Bahia
EPI_ISL_2445608	2021-05-14	2021-06-08	South America / Brazil / Sao Paulo
EPI_ISL_2445603	2021-05-13	2021-06-08	South America / Brazil / Sao Paulo
EPI_ISL_2445604	2021-05-13	2021-06-08	South America / Brazil / Sao Paulo
EPI_ISL_2445605	2021-05-12	2021-06-08	South America / Brazil / Sao Paulo
EPI_ISL_2445600	2021-05-13	2021-06-08	South America / Brazil / Sao Paulo
EPI_ISL_2445601	2021-05-12	2021-06-08	South America / Brazil / Sao Paulo
EPI_ISL_2445615	2021-05-12	2021-06-08	South America / Brazil / Sao Paulo
EPI_ISL_2445616	2021-05-12	2021-06-08	South America / Brazil / Sao Paulo
EPI_ISL_2445610	2021-05-12	2021-06-08	South America / Brazil / Sao Paulo
EPI_ISL_2445611	2021-05-13	2021-06-08	South America / Brazil / Sao Paulo
EPI_ISL_2445612	2021-05-13	2021-06-08	South America / Brazil / Sao Paulo
EPI_ISL_2445613	2021-05-13	2021-06-08	South America / Brazil / Sao Paulo
EPI_ISL_2445110	2021-05-11	2021-06-08	South America / Brazil / Sao Paulo
EPI_ISL_2445115	2021-05-17	2021-06-08	South America / Brazil / Sao Paulo
EPI_ISL_2445116	2021-05-19	2021-06-08	South America / Brazil / Sao Paulo
EPI_ISL_2445117	2021-05-17	2021-06-08	South America / Brazil / Sao Paulo
EPI_ISL_2445118	2021-05-17	2021-06-08	South America / Brazil / Sao Paulo
EPI_ISL_2445111	2021-05-11	2021-06-08	South America / Brazil / Sao Paulo
EPI_ISL_2445112	2021-05-11	2021-06-08	South America / Brazil / Sao Paulo
EPI_ISL_2445113	2021-05-11	2021-06-08	South America / Brazil / Sao Paulo
EPI_ISL_2445114	2021-05-17	2021-06-08	South America / Brazil / Sao Paulo
EPI_ISL_2445126	2021-05-17	2021-06-08	South America / Brazil / Sao Paulo
EPI_ISL_2445127	2021-05-17	2021-06-08	South America / Brazil / Sao Paulo
EPI_ISL_2445122	2021-05-17	2021-06-08	South America / Brazil / Sao Paulo
EPI_ISL_2445123	2021-05-17	2021-06-08	South America / Brazil / Sao Paulo
EPI_ISL_2445108	2021-05-11	2021-06-08	South America / Brazil / Sao Paulo
EPI_ISL_2445109	2021-05-11	2021-06-08	South America / Brazil / Sao Paulo
EPI_ISL_2445104	2021-05-11	2021-06-08	South America / Brazil / Sao Paulo
EPI_ISL_2445105	2021-05-11	2021-06-08	South America / Brazil / Sao Paulo
EPI_ISL_2445106	2021-05-11	2021-06-08	South America / Brazil / Sao Paulo
EPI_ISL_2445107	2021-05-11	2021-06-08	South America / Brazil / Sao Paulo
EPI_ISL_2445100	2021-05-11	2021-06-08	South America / Brazil / Sao Paulo
EPI_ISL_2445101	2021-05-11	2021-06-08	South America / Brazil / Sao Paulo
EPI_ISL_2445102	2021-05-11	2021-06-08	South America / Brazil / Sao Paulo
EPI_ISL_2445151	2021-05-18	2021-06-08	South America / Brazil / Sao Paulo
EPI_ISL_2445152	2021-05-18	2021-06-08	South America / Brazil / Sao Paulo
EPI_ISL_2445153	2021-05-17	2021-06-08	South America / Brazil / Sao Paulo
EPI_ISL_2445150	2021-05-17	2021-06-08	South America / Brazil / Sao Paulo
EPI_ISL_2445159	2021-05-17	2021-06-08	South America / Brazil / Sao Paulo
EPI_ISL_2445156	2021-05-17	2021-06-08	South America / Brazil / Sao Paulo
EPI_ISL_2445157	2021-05-17	2021-06-08	South America / Brazil / Sao Paulo
EPI_ISL_2445158	2021-05-17	2021-06-08	South America / Brazil / Sao Paulo
EPI_ISL_2445162	2021-05-17	2021-06-08	South America / Brazil / Sao Paulo
EPI_ISL_2445160	2021-05-17	2021-06-08	South America / Brazil / Sao Paulo
EPI_ISL_2445161	2021-05-17	2021-06-08	South America / Brazil / Sao Paulo
EPI_ISL_2445166	2021-05-17	2021-06-08	South America / Brazil / Sao Paulo
EPI_ISL_2445167	2021-05-17	2021-06-08	South America / Brazil / Sao Paulo
EPI_ISL_2445168	2021-05-17	2021-06-08	South America / Brazil / Sao Paulo
EPI_ISL_2445169	2021-05-17	2021-06-08	South America / Brazil / Sao Paulo
EPI_ISL_2445130	2021-05-17	2021-06-08	South America / Brazil / Sao Paulo
EPI_ISL_2445131	2021-05-17	2021-06-08	South America / Brazil / Sao Paulo
EPI_ISL_2445137	2021-05-17	2021-06-08	South America / Brazil / Sao Paulo
EPI_ISL_2445138	2021-05-17	2021-06-08	South America / Brazil / Sao Paulo
EPI_ISL_2445139	2021-05-17	2021-06-08	South America / Brazil / Sao Paulo
EPI_ISL_2445133	2021-05-17	2021-06-08	South America / Brazil / Sao Paulo
EPI_ISL_2445134	2021-05-17	2021-06-08	South America / Brazil / Sao Paulo
EPI_ISL_2445135	2021-05-17	2021-06-08	South America / Brazil / Sao Paulo
EPI_ISL_2445136	2021-05-17	2021-06-08	South America / Brazil / Sao Paulo
EPI_ISL_2445140	2021-05-17	2021-06-08	South America / Brazil / Sao Paulo
EPI_ISL_2445142	2021-05-17	2021-06-08	South America / Brazil / Sao Paulo
EPI_ISL_2445143	2021-05-17	2021-06-08	South America / Brazil / Sao Paulo
EPI_ISL_2445148	2021-05-17	2021-06-08	South America / Brazil / Sao Paulo
EPI_ISL_2445149	2021-05-17	2021-06-08	South America / Brazil / Sao Paulo
EPI_ISL_2445144	2021-05-18	2021-06-08	South America / Brazil / Sao Paulo
EPI_ISL_2445145	2021-05-19	2021-06-08	South America / Brazil / Sao Paulo
EPI_ISL_2445146	2021-05-20	2021-06-08	South America / Brazil / Sao Paulo
EPI_ISL_2445147	2021-05-20	2021-06-08	South America / Brazil / Sao Paulo
EPI_ISL_2445195	2021-05-17	2021-06-08	South America / Brazil / Sao Paulo
EPI_ISL_2445198	2021-05-19	2021-06-08	South America / Brazil / Sao Paulo
EPI_ISL_2445192	2021-05-17	2021-06-08	South America / Brazil / Sao Paulo
EPI_ISL_2445193	2021-05-16	2021-06-08	South America / Brazil / Sao Paulo
EPI_ISL_2445199	2021-05-19	2021-06-08	South America / Brazil / Sao Paulo
EPI_ISL_2445173	2021-05-17	2021-06-08	South America / Brazil / Sao Paulo
EPI_ISL_2445174	2021-05-17	2021-06-08	South America / Brazil / Sao Paulo
EPI_ISL_2445175	2021-05-17	2021-06-08	South America / Brazil / Sao Paulo
EPI_ISL_2445170	2021-05-17	2021-06-08	South America / Brazil / Sao Paulo
EPI_ISL_2445172	2021-05-17	2021-06-08	South America / Brazil / Sao Paulo
EPI_ISL_2445177	2021-05-17	2021-06-08	South America / Brazil / Sao Paulo
EPI_ISL_2445179	2021-05-17	2021-06-08	South America / Brazil / Sao Paulo
EPI_ISL_2445184	2021-05-17	2021-06-08	South America / Brazil / Sao Paulo
EPI_ISL_2445185	2021-05-17	2021-06-08	South America / Brazil / Sao Paulo
EPI_ISL_2445187	2021-05-17	2021-06-08	South America / Brazil / Sao Paulo
EPI_ISL_2445180	2021-05-17	2021-06-08	South America / Brazil / Sao Paulo
EPI_ISL_2445181	2021-05-17	2021-06-08	South America / Brazil / Sao Paulo
EPI_ISL_2445182	2021-05-17	2021-06-08	South America / Brazil / Sao Paulo
EPI_ISL_2445183	2021-05-17	2021-06-08	South America / Brazil / Sao Paulo
EPI_ISL_2445188	2021-05-17	2021-06-08	South America / Brazil / Sao Paulo
EPI_ISL_2445189	2021-05-16	2021-06-08	South America / Brazil / Sao Paulo
EPI_ISL_2445046	2021-05-10	2021-06-08	South America / Brazil / Sao Paulo
EPI_ISL_2445047	2021-05-10	2021-06-08	South America / Brazil / Sao Paulo
EPI_ISL_2445048	2021-05-10	2021-06-08	South America / Brazil / Sao Paulo
EPI_ISL_2445074	2021-05-10	2021-06-08	South America / Brazil / Sao Paulo
EPI_ISL_2445075	2021-05-10	2021-06-08	South America / Brazil / Sao Paulo
EPI_ISL_2445076	2021-05-10	2021-06-08	South America / Brazil / Sao Paulo
EPI_ISL_2445077	2021-05-10	2021-06-08	South America / Brazil / Sao Paulo
EPI_ISL_2445071	2021-05-07	2021-06-08	South America / Brazil / Sao Paulo
EPI_ISL_2445072	2021-05-10	2021-06-08	South America / Brazil / Sao Paulo
EPI_ISL_2445073	2021-05-10	2021-06-08	South America / Brazil / Sao Paulo
EPI_ISL_2445086	2021-05-11	2021-06-08	South America / Brazil / Sao Paulo
EPI_ISL_2445087	2021-05-11	2021-06-08	South America / Brazil / Sao Paulo
EPI_ISL_2445088	2021-05-11	2021-06-08	South America / Brazil / Sao Paulo
EPI_ISL_2445081	2021-05-10	2021-06-08	South America / Brazil / Sao Paulo
EPI_ISL_2445082	2021-05-10	2021-06-08	South America / Brazil / Sao Paulo
EPI_ISL_2445084	2021-05-10	2021-06-08	South America / Brazil / Sao Paulo
EPI_ISL_2445080	2021-05-10	2021-06-08	South America / Brazil / Sao Paulo
EPI_ISL_2445052	2021-05-07	2021-06-08	South America / Brazil / Sao Paulo
EPI_ISL_2445053	2021-05-10	2021-06-08	South America / Brazil / Sao Paulo
EPI_ISL_2445054	2021-05-10	2021-06-08	South America / Brazil / Sao Paulo
EPI_ISL_2445055	2021-05-10	2021-06-08	South America / Brazil / Sao Paulo
EPI_ISL_2445050	2021-05-07	2021-06-08	South America / Brazil / Sao Paulo
EPI_ISL_2445051	2021-05-10	2021-06-08	South America / Brazil / Sao Paulo
EPI_ISL_2445056	2021-05-04	2021-06-08	South America / Brazil / Sao Paulo
EPI_ISL_2445057	2021-05-10	2021-06-08	South America / Brazil / Sao Paulo
EPI_ISL_2445058	2021-05-10	2021-06-08	South America / Brazil / Sao Paulo
EPI_ISL_2445059	2021-05-10	2021-06-08	South America / Brazil / Sao Paulo
EPI_ISL_2445064	2021-05-10	2021-06-08	South America / Brazil / Sao Paulo
EPI_ISL_2445065	2021-05-10	2021-06-08	South America / Brazil / Sao Paulo
EPI_ISL_2445066	2021-05-08	2021-06-08	South America / Brazil / Sao Paulo
EPI_ISL_2445060	2021-05-10	2021-06-08	South America / Brazil / Sao Paulo
EPI_ISL_2445061	2021-05-10	2021-06-08	South America / Brazil / Sao Paulo
EPI_ISL_2445062	2021-05-07	2021-06-08	South America / Brazil / Sao Paulo
EPI_ISL_2445067	2021-05-10	2021-06-08	South America / Brazil / Sao Paulo
EPI_ISL_2445068	2021-05-10	2021-06-08	South America / Brazil / Sao Paulo
EPI_ISL_2445069	2021-05-10	2021-06-08	South America / Brazil / Sao Paulo
EPI_ISL_2445096	2021-05-11	2021-06-08	South America / Brazil / Sao Paulo
EPI_ISL_2445097	2021-05-11	2021-06-08	South America / Brazil / Sao Paulo
EPI_ISL_2445098	2021-05-11	2021-06-08	South America / Brazil / Sao Paulo
EPI_ISL_2445099	2021-05-11	2021-06-08	South America / Brazil / Sao Paulo
EPI_ISL_2445092	2021-05-11	2021-06-08	South America / Brazil / Sao Paulo
EPI_ISL_2445094	2021-05-11	2021-06-08	South America / Brazil / Sao Paulo
EPI_ISL_2445095	2021-05-11	2021-06-08	South America / Brazil / Sao Paulo
EPI_ISL_2445090	2021-05-11	2021-06-08	South America / Brazil / Sao Paulo
EPI_ISL_2445091	2021-05-11	2021-06-08	South America / Brazil / Sao Paulo
EPI_ISL_2375477	2021-05-24	2021-06-01	South America / Brazil / Espirito Santo / Vargem Alta
EPI_ISL_1967243	2021-04-18	2021-05-08	South America / Brazil / Sao Paulo
EPI_ISL_2455396	2021-04-27	2021-06-09	South America / Brazil / Sao Paulo
EPI_ISL_2455397	2021-05-02	2021-06-09	South America / Brazil / Sao Paulo
EPI_ISL_1967122	2021-04-08	2021-05-08	South America / Brazil / Sao Paulo
EPI_ISL_1966811	2021-04-12	2021-05-08	South America / Brazil / Sao Paulo
EPI_ISL_1966898	2021-04-08	2021-05-08	South America / Brazil / Sao Paulo
EPI_ISL_2458108	2021-03-01	2021-06-09	South America / Brazil / Sao Paulo
EPI_ISL_2458107	2021-02-28	2021-06-09	South America / Brazil / Sao Paulo
EPI_ISL_2466263	2021-05-17	2021-06-10	South America / Brazil / Bahia / Candeias
EPI_ISL_2466264	2021-05-17	2021-06-10	South America / Brazil / Bahia / Bom Jesus Da Lapa
EPI_ISL_2466217	2021-02-01	2021-06-10	South America / Brazil / Rio Grande do Norte / João Câmara
EPI_ISL_2466218	2021-02-01	2021-06-10	South America / Brazil / Rio Grande do Norte / João Câmara
EPI_ISL_2466211	2021-03-02	2021-06-10	South America / Brazil / Rio Grande do Norte / Serrinha dos Pintos
EPI_ISL_2466212	2021-03-02	2021-06-10	South America / Brazil / Rio Grande do Norte / Tenente Laurentino Cruz
EPI_ISL_2466213	2021-03-02	2021-06-10	South America / Brazil / Rio Grande do Norte
EPI_ISL_2466214	2021-03-02	2021-06-10	South America / Brazil / Rio Grande do Norte / Parnamirim
EPI_ISL_2466215	2021-03-02	2021-06-10	South America / Brazil / Rio Grande do Norte / Parnamirim
EPI_ISL_2466216	2021-03-02	2021-06-10	South America / Brazil / Rio Grande do Norte / Parnamirim
EPI_ISL_2466206	2021-04-08	2021-06-10	South America / Brazil / Rio Grande do Norte / Jundia
EPI_ISL_2466208	2021-03-02	2021-06-10	South America / Brazil / Rio Grande do Norte / Macaiba
EPI_ISL_2466209	2021-03-02	2021-06-10	South America / Brazil / Rio Grande do Norte / Riachuelo
EPI_ISL_2466200	2021-04-08	2021-06-10	South America / Brazil / Rio Grande do Norte / Caico
EPI_ISL_2466201	2021-04-08	2021-06-10	South America / Brazil / Rio Grande do Norte / Caico
EPI_ISL_2466202	2021-04-08	2021-06-10	South America / Brazil / Rio Grande do Norte / Poco Branco
EPI_ISL_2466203	2021-04-08	2021-06-10	South America / Brazil / Rio Grande do Norte / Parnamirim
EPI_ISL_2466253	2021-04-20	2021-06-10	South America / Brazil / Alagoas / Maceio
EPI_ISL_2466259	2021-04-21	2021-06-10	South America / Brazil / Alagoas / Anadia
EPI_ISL_2466240	2021-04-27	2021-06-10	South America / Brazil / Alagoas / Roteiro
EPI_ISL_2466241	2021-04-26	2021-06-10	South America / Brazil / Alagoas / Roteiro
EPI_ISL_2466242	2021-04-25	2021-06-10	South America / Brazil / Alagoas / Maceio
EPI_ISL_2466244	2021-04-25	2021-06-10	South America / Brazil / Alagoas / Maceio
EPI_ISL_2466246	2021-04-24	2021-06-10	South America / Brazil / Alagoas / Maceio
EPI_ISL_2466247	2021-04-24	2021-06-10	South America / Brazil / Alagoas / Maceio
EPI_ISL_2466248	2021-04-23	2021-06-10	South America / Brazil / Alagoas / Maceio
EPI_ISL_2466230	2021-05-05	2021-06-10	South America / Brazil / Rio de Janeiro / Iguaba Grande
EPI_ISL_2466236	2021-04-29	2021-06-10	South America / Brazil / Alagoas / Maceio
EPI_ISL_2466237	2021-04-29	2021-06-10	South America / Brazil / Alagoas / Maceio
EPI_ISL_2466220	2021-02-01	2021-06-10	South America / Brazil / Rio Grande do Norte / Natal
EPI_ISL_2466222	2021-02-01	2021-06-10	South America / Brazil / Rio Grande do Norte / Natal
EPI_ISL_2466191	2021-05-07	2021-06-10	South America / Brazil / Rio Grande do Norte
EPI_ISL_2466193	2021-05-07	2021-06-10	South America / Brazil / Rio Grande do Norte
EPI_ISL_2466194	2021-05-07	2021-06-10	South America / Brazil / Rio Grande do Norte
EPI_ISL_2466197	2021-05-07	2021-06-10	South America / Brazil / Rio Grande do Norte
EPI_ISL_2466198	2021-05-07	2021-06-10	South America / Brazil / Rio Grande do Norte
EPI_ISL_2466130	2021-04-18	2021-06-10	South America / Brazil / Rio Grande do Sul / Alegrete
EPI_ISL_2466131	2021-04-14	2021-06-10	South America / Brazil / Rio Grande do Sul / Uruguaiana
EPI_ISL_2466132	2021-04-16	2021-06-10	South America / Brazil / Rio Grande do Sul / Cruz Alta
EPI_ISL_2466133	2021-04-16	2021-06-10	South America / Brazil / Rio Grande do Sul / Bage
EPI_ISL_2466134	2021-04-15	2021-06-10	South America / Brazil / Rio Grande do Sul / Capao Da Canoa
EPI_ISL_2466135	2021-04-16	2021-06-10	South America / Brazil / Rio Grande do Sul / Nova Hartz
EPI_ISL_2466136	2021-03-03	2021-06-10	South America / Brazil / Rio Grande do Sul / Sarandi
EPI_ISL_2466138	2021-04-07	2021-06-10	South America / Brazil / Rio Grande do Sul / Tucunduva
EPI_ISL_2466129	2021-04-17	2021-06-10	South America / Brazil / Rio Grande do Sul / Passo Fundo
EPI_ISL_2466126	2021-04-05	2021-06-10	South America / Brazil / Rio Grande do Sul / Porto Alegre
EPI_ISL_2466127	2021-04-18	2021-06-10	South America / Brazil / Rio Grande do Sul / Tramandai
EPI_ISL_2466128	2021-04-18	2021-06-10	South America / Brazil / Rio Grande do Sul / Passo Fundo
EPI_ISL_2466450	2021-05-19	2021-06-10	South America / Brazil / Goias / Aparecida de Goiania
EPI_ISL_2466459	2021-05-19	2021-06-10	South America / Brazil / Goias / Aparecida de Goiania
EPI_ISL_2466451	2021-05-17	2021-06-10	South America / Brazil / Goias / Aparecida de Goiania
EPI_ISL_2466452	2021-05-17	2021-06-10	South America / Brazil / Goias / Aparecida de Goiania
EPI_ISL_2466453	2021-05-17	2021-06-10	South America / Brazil / Goias / Aparecida de Goiania
EPI_ISL_2466454	2021-05-19	2021-06-10	South America / Brazil / Goias / Aparecida de Goiania
EPI_ISL_2466456	2021-05-18	2021-06-10	South America / Brazil / Goias / Aparecida de Goiania
EPI_ISL_2466458	2021-05-18	2021-06-10	South America / Brazil / Goias / Aparecida de Goiania
EPI_ISL_2466449	2021-05-17	2021-06-10	South America / Brazil / Goias / Aparecida de Goiania
EPI_ISL_2466444	2021-02-22	2021-06-10	South America / Brazil / Goias / Aparecida de Goiania
EPI_ISL_2466445	2021-03-24	2021-06-10	South America / Brazil / Goias / Aparecida de Goiania
EPI_ISL_2466446	2021-05-12	2021-06-10	South America / Brazil / Goias / Aparecida de Goiania
EPI_ISL_2466447	2021-05-18	2021-06-10	South America / Brazil / Goias / Aparecida de Goiania
EPI_ISL_2466460	2021-05-17	2021-06-10	South America / Brazil / Goias / Aparecida de Goiania
EPI_ISL_2466461	2021-05-17	2021-06-10	South America / Brazil / Goias / Aparecida de Goiania
EPI_ISL_2466467	2021-01-28	2021-06-10	South America / Brazil / Goias / Aparecida de Goiania
EPI_ISL_2462333	2021-05-27	2021-06-09	South America / Brazil / Sao Paulo
EPI_ISL_2462332	2021-05-26	2021-06-09	South America / Brazil / Sao Paulo
EPI_ISL_2462331	2021-05-24	2021-06-09	South America / Brazil / Sao Paulo
EPI_ISL_2462330	2021-05-26	2021-06-09	South America / Brazil / Sao Paulo
EPI_ISL_2462322	2021-05-24	2021-06-09	South America / Brazil / Sao Paulo
EPI_ISL_2462321	2021-05-24	2021-06-09	South America / Brazil / Sao Paulo
EPI_ISL_2462329	2021-05-27	2021-06-09	South America / Brazil / Sao Paulo
EPI_ISL_2462328	2021-05-26	2021-06-09	South America / Brazil / Sao Paulo
EPI_ISL_2462327	2021-05-25	2021-06-09	South America / Brazil / Sao Paulo
EPI_ISL_2462325	2021-05-24	2021-06-09	South America / Brazil / Sao Paulo
EPI_ISL_2462324	2021-05-24	2021-06-09	South America / Brazil / Sao Paulo
EPI_ISL_2462323	2021-05-24	2021-06-09	South America / Brazil / Sao Paulo
EPI_ISL_2462319	2021-05-23	2021-06-09	South America / Brazil / Sao Paulo
EPI_ISL_2462318	2021-05-23	2021-06-09	South America / Brazil / Sao Paulo
EPI_ISL_2462317	2021-05-27	2021-06-09	South America / Brazil / Sao Paulo
EPI_ISL_2462316	2021-05-24	2021-06-09	South America / Brazil / Sao Paulo
EPI_ISL_2462315	2021-05-25	2021-06-09	South America / Brazil / Sao Paulo
EPI_ISL_2462314	2021-05-24	2021-06-09	South America / Brazil / Sao Paulo
EPI_ISL_1966559	2021-04-05	2021-05-08	South America / Brazil / Sao Paulo
EPI_ISL_1966589	2021-04-05	2021-05-08	South America / Brazil / Sao Paulo
EPI_ISL_1966705	2021-04-05	2021-05-08	South America / Brazil / Sao Paulo
EPI_ISL_1966598	2021-04-05	2021-05-08	South America / Brazil / Sao Paulo
EPI_ISL_2466733	2021-05-27	2021-06-10	South America / Brazil / Sao Paulo
EPI_ISL_2466260	2021-04-27	2021-06-10	South America / Brazil / Santa Catarina / Trombudo Central
EPI_ISL_2466261	2021-01-27	2021-06-10	South America / Brazil / Santa Catarina / Chapeco
EPI_ISL_2466265	2020-12-23	2021-06-10	South America / Brazil / Amazonas / Manaus
EPI_ISL_2466269	2021-04-12	2021-06-10	South America / Brazil / Rio Grande do Sul / Erechim
EPI_ISL_2466210	2021-03-02	2021-06-10	South America / Brazil / Rio Grande do Norte / Alexandria
EPI_ISL_2466205	2021-04-08	2021-06-10	South America / Brazil / Rio Grande do Norte / Natal
EPI_ISL_2466250	2021-04-23	2021-06-10	South America / Brazil / Alagoas / Maceio
EPI_ISL_2466251	2021-04-23	2021-06-10	South America / Brazil / Alagoas / Maceio
EPI_ISL_2466252	2021-04-23	2021-06-10	South America / Brazil / Alagoas / Vicosa
EPI_ISL_2466254	2021-04-21	2021-06-10	South America / Brazil / Alagoas / Palmeira Dos Indios
EPI_ISL_2466255	2021-04-21	2021-06-10	South America / Brazil / Alagoas / Maceio
EPI_ISL_2466256	2021-04-21	2021-06-10	South America / Brazil / Alagoas / Maceio
EPI_ISL_2466257	2021-04-21	2021-06-10	South America / Brazil / Alagoas / Arapiraca
EPI_ISL_2466258	2021-04-21	2021-06-10	South America / Brazil / Alagoas / Maceio
EPI_ISL_2466243	2021-04-25	2021-06-10	South America / Brazil / Alagoas / Maceio
EPI_ISL_2466245	2021-04-25	2021-06-10	South America / Brazil / Alagoas / Maceio
EPI_ISL_2466231	2021-05-03	2021-06-10	South America / Brazil / Alagoas / Maceio
EPI_ISL_2466233	2021-04-30	2021-06-10	South America / Brazil / Alagoas / Flexeiras
EPI_ISL_2466234	2021-04-30	2021-06-10	South America / Brazil / Alagoas / Maceio
EPI_ISL_2466235	2021-04-28	2021-06-10	South America / Brazil / Alagoas / Palmeira Dos Indios
EPI_ISL_2466223	2021-02-01	2021-06-10	South America / Brazil / Rio Grande do Norte / Natal
EPI_ISL_2466190	2021-05-07	2021-06-10	South America / Brazil / Rio Grande do Norte
EPI_ISL_2466192	2021-05-07	2021-06-10	South America / Brazil / Rio Grande do Norte
EPI_ISL_2466195	2021-05-07	2021-06-10	South America / Brazil / Rio Grande do Norte
EPI_ISL_2466196	2021-05-07	2021-06-10	South America / Brazil / Rio Grande do Norte
EPI_ISL_2466199	2021-05-07	2021-06-10	South America / Brazil / Rio Grande do Norte
EPI_ISL_2466455	2021-05-17	2021-06-10	South America / Brazil / Goias / Aparecida de Goiania
EPI_ISL_2466457	2021-05-17	2021-06-10	South America / Brazil / Goias / Aparecida de Goiania
EPI_ISL_2466448	2021-05-19	2021-06-10	South America / Brazil / Goias / Aparecida de Goiania
EPI_ISL_2466462	2021-05-17	2021-06-10	South America / Brazil / Goias / Aparecida de Goiania
EPI_ISL_2466463	2021-05-17	2021-06-10	South America / Brazil / Goias / Aparecida de Goiania
EPI_ISL_2466464	2021-05-14	2021-06-10	South America / Brazil / Goias / Aparecida de Goiania
EPI_ISL_2466465	2021-05-14	2021-06-10	South America / Brazil / Goias / Aparecida de Goiania
EPI_ISL_2466466	2021-05-22	2021-06-10	South America / Brazil / Goias / Aparecida de Goiania
EPI_ISL_1967069	2021-04-04	2021-05-08	South America / Brazil / Sao Paulo
EPI_ISL_1966707	2021-04-05	2021-05-08	South America / Brazil / Sao Paulo
EPI_ISL_1966499	2021-04-01	2021-05-08	South America / Brazil / Sao Paulo
EPI_ISL_1966700	2021-04-05	2021-05-08	South America / Brazil / Sao Paulo
EPI_ISL_1966955	2021-04-08	2021-05-08	South America / Brazil / Sao Paulo
EPI_ISL_1966497	2021-03-30	2021-05-08	South America / Brazil / Sao Paulo
EPI_ISL_1966706	2021-04-05	2021-05-08	South America / Brazil / Sao Paulo
EPI_ISL_2473694	2021-05-12	2021-06-10	South America / Brazil / Sao Paulo
EPI_ISL_2473696	2021-05-12	2021-06-10	South America / Brazil / Sao Paulo
EPI_ISL_2473695	2021-05-11	2021-06-10	South America / Brazil / Sao Paulo
EPI_ISL_2473690	2021-05-10	2021-06-10	South America / Brazil / Sao Paulo
EPI_ISL_2473691	2021-05-12	2021-06-10	South America / Brazil / Sao Paulo
EPI_ISL_2473697	2021-05-10	2021-06-10	South America / Brazil / Sao Paulo
EPI_ISL_2473699	2021-05-09	2021-06-10	South America / Brazil / Sao Paulo
EPI_ISL_2473823	2021-05-09	2021-06-10	South America / Brazil / Sao Paulo
EPI_ISL_2473822	2021-05-10	2021-06-10	South America / Brazil / Sao Paulo
EPI_ISL_2473820	2021-05-17	2021-06-10	South America / Brazil / Sao Paulo
EPI_ISL_2473816	2021-05-17	2021-06-10	South America / Brazil / Sao Paulo
EPI_ISL_2473815	2021-05-10	2021-06-10	South America / Brazil / Sao Paulo
EPI_ISL_2473818	2021-05-19	2021-06-10	South America / Brazil / Sao Paulo
EPI_ISL_2473812	2021-05-17	2021-06-10	South America / Brazil / Sao Paulo
EPI_ISL_2473811	2021-05-11	2021-06-10	South America / Brazil / Sao Paulo
EPI_ISL_2473814	2021-05-17	2021-06-10	South America / Brazil / Sao Paulo
EPI_ISL_2473813	2021-05-17	2021-06-10	South America / Brazil / Sao Paulo
EPI_ISL_2473810	2021-05-12	2021-06-10	South America / Brazil / Sao Paulo
EPI_ISL_2473809	2021-05-12	2021-06-10	South America / Brazil / Sao Paulo
EPI_ISL_2473805	2021-05-12	2021-06-10	South America / Brazil / Sao Paulo
EPI_ISL_2473804	2021-05-13	2021-06-10	South America / Brazil / Sao Paulo
EPI_ISL_2473807	2021-05-13	2021-06-10	South America / Brazil / Sao Paulo
EPI_ISL_2473806	2021-05-13	2021-06-10	South America / Brazil / Sao Paulo
EPI_ISL_2473801	2021-05-13	2021-06-10	South America / Brazil / Sao Paulo
EPI_ISL_2473800	2021-05-12	2021-06-10	South America / Brazil / Sao Paulo
EPI_ISL_2473802	2021-05-12	2021-06-10	South America / Brazil / Sao Paulo
EPI_ISL_2473702	2021-05-17	2021-06-10	South America / Brazil / Sao Paulo
EPI_ISL_2473701	2021-05-12	2021-06-10	South America / Brazil / Sao Paulo
EPI_ISL_2473700	2021-05-10	2021-06-10	South America / Brazil / Sao Paulo
EPI_ISL_2473740	2021-05-17	2021-06-10	South America / Brazil / Sao Paulo
EPI_ISL_2473746	2021-05-17	2021-06-10	South America / Brazil / Sao Paulo
EPI_ISL_2473745	2021-05-17	2021-06-10	South America / Brazil / Sao Paulo
EPI_ISL_2473748	2021-05-17	2021-06-10	South America / Brazil / Sao Paulo
EPI_ISL_2473747	2021-05-17	2021-06-10	South America / Brazil / Sao Paulo
EPI_ISL_2473742	2021-05-17	2021-06-10	South America / Brazil / Sao Paulo
EPI_ISL_2473741	2021-05-17	2021-06-10	South America / Brazil / Sao Paulo
EPI_ISL_2473744	2021-05-17	2021-06-10	South America / Brazil / Sao Paulo
EPI_ISL_2473743	2021-05-17	2021-06-10	South America / Brazil / Sao Paulo
EPI_ISL_2473739	2021-05-17	2021-06-10	South America / Brazil / Sao Paulo
EPI_ISL_2473738	2021-05-17	2021-06-10	South America / Brazil / Sao Paulo
EPI_ISL_2473735	2021-05-17	2021-06-10	South America / Brazil / Sao Paulo
EPI_ISL_2473734	2021-05-17	2021-06-10	South America / Brazil / Sao Paulo
EPI_ISL_2473737	2021-05-17	2021-06-10	South America / Brazil / Sao Paulo
EPI_ISL_2473736	2021-05-17	2021-06-10	South America / Brazil / Sao Paulo
EPI_ISL_2473731	2021-05-17	2021-06-10	South America / Brazil / Sao Paulo
EPI_ISL_2473730	2021-05-16	2021-06-10	South America / Brazil / Sao Paulo
EPI_ISL_2473733	2021-05-17	2021-06-10	South America / Brazil / Sao Paulo
EPI_ISL_2473732	2021-05-17	2021-06-10	South America / Brazil / Sao Paulo
EPI_ISL_2473728	2021-05-16	2021-06-10	South America / Brazil / Sao Paulo
EPI_ISL_2473727	2021-05-16	2021-06-10	South America / Brazil / Sao Paulo
EPI_ISL_2473729	2021-05-16	2021-06-10	South America / Brazil / Sao Paulo
EPI_ISL_2473724	2021-05-17	2021-06-10	South America / Brazil / Sao Paulo
EPI_ISL_2473723	2021-05-19	2021-06-10	South America / Brazil / Sao Paulo
EPI_ISL_2473726	2021-05-16	2021-06-10	South America / Brazil / Sao Paulo
EPI_ISL_2473725	2021-05-10	2021-06-10	South America / Brazil / Sao Paulo
EPI_ISL_2473720	2021-05-20	2021-06-10	South America / Brazil / Sao Paulo
EPI_ISL_2473721	2021-05-19	2021-06-10	South America / Brazil / Sao Paulo
EPI_ISL_2473717	2021-05-19	2021-06-10	South America / Brazil / Sao Paulo
EPI_ISL_2473716	2021-05-19	2021-06-10	South America / Brazil / Sao Paulo
EPI_ISL_2473718	2021-05-19	2021-06-10	South America / Brazil / Sao Paulo
EPI_ISL_2473712	2021-05-17	2021-06-10	South America / Brazil / Sao Paulo
EPI_ISL_2473715	2021-05-19	2021-06-10	South America / Brazil / Sao Paulo
EPI_ISL_2473714	2021-05-19	2021-06-10	South America / Brazil / Sao Paulo
EPI_ISL_2473711	2021-05-17	2021-06-10	South America / Brazil / Sao Paulo
EPI_ISL_2473710	2021-05-17	2021-06-10	South America / Brazil / Sao Paulo
EPI_ISL_2473709	2021-05-17	2021-06-10	South America / Brazil / Sao Paulo
EPI_ISL_2473706	2021-05-17	2021-06-10	South America / Brazil / Sao Paulo
EPI_ISL_2473708	2021-05-17	2021-06-10	South America / Brazil / Sao Paulo
EPI_ISL_2473707	2021-05-17	2021-06-10	South America / Brazil / Sao Paulo
EPI_ISL_2473782	2021-05-11	2021-06-10	South America / Brazil / Sao Paulo
EPI_ISL_2473781	2021-05-10	2021-06-10	South America / Brazil / Sao Paulo
EPI_ISL_2473784	2021-05-10	2021-06-10	South America / Brazil / Sao Paulo
EPI_ISL_2473780	2021-05-10	2021-06-10	South America / Brazil / Sao Paulo
EPI_ISL_2473789	2021-05-12	2021-06-10	South America / Brazil / Sao Paulo
EPI_ISL_2473786	2021-05-12	2021-06-10	South America / Brazil / Sao Paulo
EPI_ISL_2473785	2021-05-11	2021-06-10	South America / Brazil / Sao Paulo
EPI_ISL_2473788	2021-05-12	2021-06-10	South America / Brazil / Sao Paulo
EPI_ISL_2473787	2021-05-12	2021-06-10	South America / Brazil / Sao Paulo
EPI_ISL_2473771	2021-05-20	2021-06-10	South America / Brazil / Sao Paulo
EPI_ISL_2473770	2021-05-20	2021-06-10	South America / Brazil / Sao Paulo
EPI_ISL_2473773	2021-05-20	2021-06-10	South America / Brazil / Sao Paulo
EPI_ISL_2473772	2021-05-20	2021-06-10	South America / Brazil / Sao Paulo
EPI_ISL_2473779	2021-05-09	2021-06-10	South America / Brazil / Sao Paulo
EPI_ISL_2473778	2021-05-10	2021-06-10	South America / Brazil / Sao Paulo
EPI_ISL_2473775	2021-05-21	2021-06-10	South America / Brazil / Sao Paulo
EPI_ISL_2473774	2021-05-20	2021-06-10	South America / Brazil / Sao Paulo
EPI_ISL_2473776	2021-05-21	2021-06-10	South America / Brazil / Sao Paulo
EPI_ISL_2473760	2021-05-20	2021-06-10	South America / Brazil / Sao Paulo
EPI_ISL_2473762	2021-05-17	2021-06-10	South America / Brazil / Sao Paulo
EPI_ISL_2473761	2021-05-20	2021-06-10	South America / Brazil / Sao Paulo
EPI_ISL_2473767	2021-05-18	2021-06-10	South America / Brazil / Sao Paulo
EPI_ISL_2473764	2021-05-17	2021-06-10	South America / Brazil / Sao Paulo
EPI_ISL_2473763	2021-05-17	2021-06-10	South America / Brazil / Sao Paulo
EPI_ISL_2473765	2021-05-18	2021-06-10	South America / Brazil / Sao Paulo
EPI_ISL_2473751	2021-05-18	2021-06-10	South America / Brazil / Sao Paulo
EPI_ISL_2473750	2021-05-18	2021-06-10	South America / Brazil / Sao Paulo
EPI_ISL_2473757	2021-05-18	2021-06-10	South America / Brazil / Sao Paulo
EPI_ISL_2473756	2021-05-17	2021-06-10	South America / Brazil / Sao Paulo
EPI_ISL_2473759	2021-05-19	2021-06-10	South America / Brazil / Sao Paulo
EPI_ISL_2473758	2021-05-19	2021-06-10	South America / Brazil / Sao Paulo
EPI_ISL_2473753	2021-05-17	2021-06-10	South America / Brazil / Sao Paulo
EPI_ISL_2473752	2021-05-17	2021-06-10	South America / Brazil / Sao Paulo
EPI_ISL_2473755	2021-05-17	2021-06-10	South America / Brazil / Sao Paulo
EPI_ISL_2473754	2021-05-17	2021-06-10	South America / Brazil / Sao Paulo
EPI_ISL_2473749	2021-05-17	2021-06-10	South America / Brazil / Sao Paulo
EPI_ISL_2473793	2021-05-13	2021-06-10	South America / Brazil / Sao Paulo
EPI_ISL_2473792	2021-05-13	2021-06-10	South America / Brazil / Sao Paulo
EPI_ISL_2473795	2021-05-14	2021-06-10	South America / Brazil / Sao Paulo
EPI_ISL_2473794	2021-05-14	2021-06-10	South America / Brazil / Sao Paulo
EPI_ISL_2473791	2021-05-13	2021-06-10	South America / Brazil / Sao Paulo
EPI_ISL_2473790	2021-05-13	2021-06-10	South America / Brazil / Sao Paulo
EPI_ISL_2473797	2021-05-11	2021-06-10	South America / Brazil / Sao Paulo
EPI_ISL_2473796	2021-05-13	2021-06-10	South America / Brazil / Sao Paulo
EPI_ISL_2473799	2021-05-12	2021-06-10	South America / Brazil / Sao Paulo
EPI_ISL_2479923	2021-06-04	2021-06-10	South America / Brazil / Sao Paulo
EPI_ISL_2479924	2021-04-18	2021-06-10	South America / Brazil / Sao Paulo
EPI_ISL_2479925	2021-04-18	2021-06-10	South America / Brazil / Sao Paulo
EPI_ISL_2479926	2021-04-20	2021-06-10	South America / Brazil / Sao Paulo
EPI_ISL_2479927	2021-04-21	2021-06-10	South America / Brazil / Sao Paulo
EPI_ISL_2479920	2021-04-14	2021-06-10	South America / Brazil / Sao Paulo
EPI_ISL_2479921	2021-05-04	2021-06-10	South America / Brazil / Sao Paulo
EPI_ISL_2479919	2021-04-13	2021-06-10	South America / Brazil / Sao Paulo
EPI_ISL_1795198	2021-03-21	2021-04-29	South America / Brazil / Sao Paulo / Mogi Mirim
EPI_ISL_1795098	2021-03-05	2021-04-29	South America / Brazil / Sao Paulo / Piracicaba
EPI_ISL_1096124	2021-01-28	2021-02-28	South America / Brazil / Sao Paulo / Dois Corregos
EPI_ISL_2274072	2021-05-11	2021-05-25	South America / Brazil / Bahia / Feira de Santana
EPI_ISL_1133129	2021-02	2021-03-03	South America / Brazil / Rio Grande do Sul
EPI_ISL_1133126	2021-02	2021-03-03	South America / Brazil / Rio Grande do Sul
EPI_ISL_2308438	2021-02-10	2021-05-27	South America / Brazil / Pernambuco / Fernando de noronha
EPI_ISL_2308401	2021-02-20	2021-05-27	South America / Brazil / Alagoas / Maceio
EPI_ISL_1164980	2021-01-18	2021-03-05	South America / Brazil / Ceara
EPI_ISL_1171657	2021-02-17	2021-03-07	South America / Brazil / Sao Paulo / Presidente Prudente
EPI_ISL_2344778	2021-04-19	2021-05-30	South America / Brazil / Sao Paulo
EPI_ISL_2345164	2021-04-26	2021-05-30	South America / Brazil / Sao Paulo
EPI_ISL_1182543	2021-02-08	2021-03-08	South America / Brazil / Minas Gerais / Coromandel
EPI_ISL_2344923	2021-04-22	2021-05-30	South America / Brazil / Sao Paulo
EPI_ISL_2344668	2021-03-24	2021-05-30	South America / Brazil / Sao Paulo
EPI_ISL_2345923	2021-04-20	2021-05-30	South America / Brazil / Sao Paulo
EPI_ISL_2346029	2021-04-07	2021-05-30	South America / Brazil / Sao Paulo
EPI_ISL_2346040	2021-04-07	2021-05-30	South America / Brazil / Sao Paulo
EPI_ISL_2345701	2021-05-03	2021-05-30	South America / Brazil / Sao Paulo
EPI_ISL_2345893	2021-04-04	2021-05-30	South America / Brazil / Sao Paulo
EPI_ISL_2345951	2021-03-21	2021-05-30	South America / Brazil / Sao Paulo
EPI_ISL_2345830	2021-04-27	2021-05-30	South America / Brazil / Sao Paulo
EPI_ISL_2345713	2021-04-29	2021-05-30	South America / Brazil / Sao Paulo
EPI_ISL_2345845	2021-05-03	2021-05-30	South America / Brazil / Sao Paulo
EPI_ISL_2345724	2021-05-05	2021-05-30	South America / Brazil / Sao Paulo
EPI_ISL_811149	2020-12-30	2021-01-13	South America / Brazil / Amazonas / Manaus
EPI_ISL_804833	2020-12-22	2021-01-12	South America / Brazil / Amazonas
EPI_ISL_804819	2020-12-16	2021-01-12	South America / Brazil / Amazonas
EPI_ISL_804815	2020-12-16	2021-01-12	South America / Brazil / Amazonas
EPI_ISL_833140	2020-12-23	2021-01-17	South America / Brazil / Amazonas / Manaus
EPI_ISL_833136	2020-12-29	2021-01-17	South America / Brazil / Amazonas / Manaus
EPI_ISL_833137	2020-12-04	2021-01-17	South America / Brazil / Amazonas / Manaus
EPI_ISL_833138	2020-12-21	2021-01-17	South America / Brazil / Amazonas / Manaus
EPI_ISL_833167	2020-12-16	2021-01-17	South America / Brazil / Amazonas
EPI_ISL_833170	2020-12-23	2021-01-17	South America / Brazil / Amazonas
EPI_ISL_833171	2020-12-17	2021-01-17	South America / Brazil / Amazonas
EPI_ISL_833173	2020-12-18	2021-01-17	South America / Brazil / Amazonas
EPI_ISL_833174	2020-12-22	2021-01-17	South America / Brazil / Amazonas
EPI_ISL_872191	2021-01-15	2021-01-26	South America / Brazil / Sao Paulo / Sao Paulo
EPI_ISL_872192	2021-01-18	2021-01-26	South America / Brazil / Sao Paulo / Sao Paulo
EPI_ISL_875689	2021-01-15	2021-01-26	South America / Brazil / Sao Paulo / Sao Paulo
EPI_ISL_875688	2021-01-04	2021-01-26	South America / Brazil / Sao Paulo / Sao Paulo
EPI_ISL_904121	2021-01-08	2021-01-30	South America / Brazil / Para
EPI_ISL_904120	2021-01-10	2021-01-30	South America / Brazil / Para
EPI_ISL_906080	2021-01-22	2021-01-31	South America / Brazil / Amazonas / Manaus
EPI_ISL_906076	2021-01-19	2021-01-31	South America / Brazil / Amazonas / Manaus
EPI_ISL_906068	2021-01-15	2021-01-31	South America / Brazil / Sao Paulo / Campinas
EPI_ISL_906069	2021-01-15	2021-01-31	South America / Brazil / Amazonas / Manaus
EPI_ISL_918499	2020-12-21	2021-02-03	South America / Brazil / Amazonas
EPI_ISL_918508	2021-01-05	2021-02-03	South America / Brazil / Amazonas
EPI_ISL_918507	2021-01-05	2021-02-03	South America / Brazil / Amazonas
EPI_ISL_918506	2020-12-30	2021-02-03	South America / Brazil / Amazonas
EPI_ISL_918505	2020-12-30	2021-02-03	South America / Brazil / Amazonas
EPI_ISL_918509	2021-01-06	2021-02-03	South America / Brazil / Amazonas
EPI_ISL_918500	2020-12-28	2021-02-03	South America / Brazil / Amazonas
EPI_ISL_918504	2020-12-21	2021-02-03	South America / Brazil / Amazonas
EPI_ISL_918503	2020-12-28	2021-02-03	South America / Brazil / Amazonas
EPI_ISL_918502	2020-12-29	2021-02-03	South America / Brazil / Amazonas
EPI_ISL_918511	2020-12-30	2021-02-03	South America / Brazil / Amazonas
EPI_ISL_940626	2021-01-21	2021-02-05	South America / Brazil / Amazonas / Manaus
EPI_ISL_940624	2021-01-15	2021-02-05	South America / Brazil / Amazonas / Manaus
EPI_ISL_940627	2021-01-22	2021-02-05	South America / Brazil / Amazonas / Manaus
EPI_ISL_940630	2021-01-25	2021-02-05	South America / Brazil / Roraima
EPI_ISL_940615	2021-01-19	2021-02-05	South America / Brazil / Amazonas / Manaus
EPI_ISL_940618	2021-01-19	2021-02-05	South America / Brazil / Amazonas / Manaus
EPI_ISL_940619	2021-01-15	2021-02-05	South America / Brazil / Sao Paulo / Sao Paulo
EPI_ISL_940616	2021-01-19	2021-02-05	South America / Brazil / Amazonas / Manaus
EPI_ISL_940617	2021-01-19	2021-02-05	South America / Brazil / Amazonas / Manaus
EPI_ISL_940621	2021-01-14	2021-02-05	South America / Brazil / Sao Paulo / Sao Paulo
EPI_ISL_940622	2021-01-15	2021-02-05	South America / Brazil / Sao Paulo / Sao Paulo
EPI_ISL_940620	2021-01-14	2021-02-05	South America / Brazil / Amazonas / Manaus
EPI_ISL_943990	2021-01-19	2021-02-07	South America / Brazil / Amazonas / Manaus
EPI_ISL_943987	2021-01-20	2021-02-07	South America / Brazil / Tocantins / Paraiso do Tocantins
EPI_ISL_943969	2021-01-25	2021-02-07	South America / Brazil / Roraima
EPI_ISL_943968	2021-01-25	2021-02-07	South America / Brazil / Roraima
EPI_ISL_943967	2021-01-25	2021-02-07	South America / Brazil / Roraima
EPI_ISL_943971	2021-01-25	2021-02-07	South America / Brazil / Roraima
EPI_ISL_983865	2021-02-01	2021-02-12	South America / Brazil / Rio Grande do Sul / Gramado
EPI_ISL_981383	2021-01-20	2021-02-12	South America / Brazil / Sao Paulo / Jau
EPI_ISL_981387	2021-01-18	2021-02-12	South America / Brazil / Sao Paulo / Jau
EPI_ISL_981385	2021-01-25	2021-02-12	South America / Brazil / Sao Paulo / Jau
EPI_ISL_984620	2021-02-03	2021-02-13	South America / Brazil / Rio Grande do Sul
EPI_ISL_984621	2021-02-03	2021-02-13	South America / Brazil / Rio Grande do Sul
EPI_ISL_985303	2021-01-19	2021-02-15	South America / Brazil / Goias / Aparecida de Goiania
EPI_ISL_985304	2021-01-19	2021-02-15	South America / Brazil / Goias / Aparecida de Goiania
EPI_ISL_985313	2021-01-19	2021-02-15	South America / Brazil / Goias / Aparecida de Goiania
EPI_ISL_985315	2021-01-19	2021-02-15	South America / Brazil / Goias / Aparecida de Goiania
EPI_ISL_985310	2021-01-19	2021-02-15	South America / Brazil / Goias / Aparecida de Goiania
EPI_ISL_985311	2021-01-19	2021-02-15	South America / Brazil / Goias / Aparecida de Goiania
EPI_ISL_985309	2021-01-19	2021-02-15	South America / Brazil / Goias / Aparecida de Goiania
EPI_ISL_985305	2021-01-19	2021-02-15	South America / Brazil / Goias / Aparecida de Goiania
EPI_ISL_985308	2021-01-19	2021-02-15	South America / Brazil / Goias / Aparecida de Goiania
EPI_ISL_985316	2021-01-19	2021-02-15	South America / Brazil / Goias / Aparecida de Goiania
EPI_ISL_985319	2021-01-12	2021-02-15	South America / Brazil / Santa Catarina / Florianopolis
EPI_ISL_1004240	2021-02-11	2021-02-15	South America / Brazil / Sao Paulo / Araraquara
EPI_ISL_1004242	2021-02-09	2021-02-15	South America / Brazil / Sao Paulo / Araraquara
EPI_ISL_1004241	2021-02-09	2021-02-15	South America / Brazil / Sao Paulo / Araraquara
EPI_ISL_1004233	2021-02-09	2021-02-15	South America / Brazil / Sao Paulo / Araraquara
EPI_ISL_1004234	2021-01-25	2021-02-15	South America / Brazil / Sao Paulo / Araraquara
EPI_ISL_1004237	2021-02-09	2021-02-15	South America / Brazil / Sao Paulo / Araraquara
EPI_ISL_1004239	2021-02-09	2021-02-15	South America / Brazil / Sao Paulo / Araraquara
EPI_ISL_1004238	2021-02-11	2021-02-15	South America / Brazil / Sao Paulo / Araraquara
EPI_ISL_1004235	2021-02-09	2021-02-15	South America / Brazil / Sao Paulo / Araraquara
EPI_ISL_2378747	2021-05-20	2021-06-02	South America / Brazil / Sao Paulo
EPI_ISL_2378751	2021-05-19	2021-06-02	South America / Brazil / Sao Paulo
EPI_ISL_2378754	2021-05-20	2021-06-02	South America / Brazil / Sao Paulo
EPI_ISL_2378692	2021-05-16	2021-06-02	South America / Brazil / Sao Paulo / Americo Brasiliense
EPI_ISL_2378663	2021-05-11	2021-06-02	South America / Brazil / Sao Paulo / Descalvado
EPI_ISL_2378684	2021-05-15	2021-06-02	South America / Brazil / Sao Paulo / Araraquara
EPI_ISL_2378676	2021-05-15	2021-06-02	South America / Brazil / Sao Paulo / Araraquara
EPI_ISL_1034304	2021-01-19	2021-02-19	South America / Brazil / Amazonas / Manaus
EPI_ISL_1034306	2021-01-29	2021-02-19	South America / Brazil / Amazonas / Manaus
EPI_ISL_1039694	2021-01-19	2021-02-20	South America / Brazil / Goias / Goiania
EPI_ISL_1039695	2021-01-19	2021-02-20	South America / Brazil / Goias / Goiania
EPI_ISL_1039693	2021-01-19	2021-02-20	South America / Brazil / Goias / Goiania
EPI_ISL_1039691	2021-01-19	2021-02-20	South America / Brazil / Goias / Aparecida de Goiania
EPI_ISL_1041509	2021-01-20	2021-02-22	South America / Brazil / Goias / Goiania
EPI_ISL_1060986	2020-12-28	2021-02-23	South America / Brazil / Amazonas / Manaus
EPI_ISL_1060996	2021-01-05	2021-02-23	South America / Brazil / Amazonas / Manaus
EPI_ISL_1060990	2020-12-23	2021-02-23	South America / Brazil / Amazonas / Manaus
EPI_ISL_1060978	2020-12-23	2021-02-23	South America / Brazil / Amazonas / Manaus
EPI_ISL_1060985	2021-01-07	2021-02-23	South America / Brazil / Amazonas / Manaus
EPI_ISL_1060981	2020-12-23	2021-02-23	South America / Brazil / Amazonas / Manaus
EPI_ISL_1060997	2020-12-21	2021-02-23	South America / Brazil / Amazonas / Manaus
EPI_ISL_1060947	2020-12-22	2021-02-23	South America / Brazil / Amazonas / Manaus
EPI_ISL_1060948	2021-01-04	2021-02-23	South America / Brazil / Amazonas / Manaus
EPI_ISL_1060944	2020-12-16	2021-02-23	South America / Brazil / Amazonas / Manaus
EPI_ISL_1060939	2020-12-21	2021-02-23	South America / Brazil / Amazonas / Manaus
EPI_ISL_1060936	2021-01-06	2021-02-23	South America / Brazil / Amazonas / Manaus
EPI_ISL_1060937	2020-12-24	2021-02-23	South America / Brazil / Amazonas / Manaus
EPI_ISL_1060938	2021-01-06	2021-02-23	South America / Brazil / Amazonas / Manaus
EPI_ISL_1060965	2021-01-04	2021-02-23	South America / Brazil / Amazonas / Manaus
EPI_ISL_1060959	2021-01-09	2021-02-23	South America / Brazil / Amazonas / Manaus
EPI_ISL_1060953	2021-01-04	2021-02-23	South America / Brazil / Amazonas / Manaus
EPI_ISL_1060954	2020-12-18	2021-02-23	South America / Brazil / Amazonas / Manaus
EPI_ISL_1060955	2021-01-05	2021-02-23	South America / Brazil / Amazonas / Manaus
EPI_ISL_1060956	2021-01-06	2021-02-23	South America / Brazil / Amazonas / Manaus
EPI_ISL_1060906	2021-01-04	2021-02-23	South America / Brazil / Amazonas / Manaus
EPI_ISL_1060902	2020-12-21	2021-02-23	South America / Brazil / Amazonas / Manaus
EPI_ISL_1060904	2020-12-21	2021-02-23	South America / Brazil / Amazonas / Manaus
EPI_ISL_1060900	2020-12-16	2021-02-23	South America / Brazil / Amazonas / Manaus
EPI_ISL_1060918	2020-12-17	2021-02-23	South America / Brazil / Amazonas / Manaus
EPI_ISL_1060913	2020-12-23	2021-02-23	South America / Brazil / Amazonas / Manaus
EPI_ISL_1060914	2020-12-17	2021-02-23	South America / Brazil / Amazonas / Manaus
EPI_ISL_1060911	2021-01-04	2021-02-23	South America / Brazil / Amazonas / Manaus
EPI_ISL_1060912	2021-01-04	2021-02-23	South America / Brazil / Amazonas / Manaus
EPI_ISL_1060888	2020-12-28	2021-02-23	South America / Brazil / Amazonas / Manaus
EPI_ISL_1060889	2021-01-04	2021-02-23	South America / Brazil / Amazonas / Manaus
EPI_ISL_1060894	2020-12-18	2021-02-23	South America / Brazil / Amazonas / Manaus
EPI_ISL_1060895	2021-01-04	2021-02-23	South America / Brazil / Amazonas / Manaus
EPI_ISL_1060896	2021-01-07	2021-02-23	South America / Brazil / Amazonas / Manaus
EPI_ISL_1060897	2021-01-04	2021-02-23	South America / Brazil / Amazonas / Manaus
EPI_ISL_1060890	2021-01-04	2021-02-23	South America / Brazil / Amazonas / Manaus
EPI_ISL_1060892	2021-01-06	2021-02-23	South America / Brazil / Amazonas / Manaus
EPI_ISL_1060876	2020-12-21	2021-02-23	South America / Brazil / Amazonas / Manaus
EPI_ISL_1060879	2020-12-06	2021-02-23	South America / Brazil / Amazonas / Manaus
EPI_ISL_1060884	2020-12-16	2021-02-23	South America / Brazil / Amazonas / Manaus
EPI_ISL_1060880	2021-01-04	2021-02-23	South America / Brazil / Amazonas / Manaus
EPI_ISL_1060881	2020-12-16	2021-02-23	South America / Brazil / Amazonas / Manaus
EPI_ISL_1060898	2020-12-31	2021-02-23	South America / Brazil / Amazonas / Manaus
EPI_ISL_1060899	2021-01-04	2021-02-23	South America / Brazil / Amazonas / Manaus
EPI_ISL_1061007	2020-12-26	2021-02-23	South America / Brazil / Amazonas / Manaus
EPI_ISL_1061000	2021-01-05	2021-02-23	South America / Brazil / Amazonas / Manaus
EPI_ISL_1061002	2020-12-21	2021-02-23	South America / Brazil / Amazonas / Manaus
EPI_ISL_1061027	2020-12-21	2021-02-23	South America / Brazil / Amazonas / Manaus
EPI_ISL_1061023	2021-01-05	2021-02-23	South America / Brazil / Amazonas / Manaus
EPI_ISL_1061022	2020-12-20	2021-02-23	South America / Brazil / Amazonas / Manaus
EPI_ISL_1061009	2020-12-26	2021-02-23	South America / Brazil / Amazonas / Manaus
EPI_ISL_1061008	2020-12-23	2021-02-23	South America / Brazil / Amazonas / Manaus
EPI_ISL_1061017	2020-12-19	2021-02-23	South America / Brazil / Amazonas / Manaus
EPI_ISL_1061011	2021-01-09	2021-02-23	South America / Brazil / Amazonas / Manaus
EPI_ISL_1061010	2021-01-08	2021-02-23	South America / Brazil / Amazonas / Manaus
EPI_ISL_1067729	2021-01-23	2021-02-24	South America / Brazil / Bahia
EPI_ISL_1067738	2021-01-26	2021-02-24	South America / Brazil / Bahia
EPI_ISL_1067737	2021-01-26	2021-02-24	South America / Brazil / Bahia
EPI_ISL_1067735	2021-01-23	2021-02-24	South America / Brazil / Bahia
EPI_ISL_1067734	2021-01-23	2021-02-24	South America / Brazil / Bahia
EPI_ISL_1067732	2021-01-18	2021-02-24	South America / Brazil / Bahia
EPI_ISL_1067731	2021-01-26	2021-02-24	South America / Brazil / Bahia
EPI_ISL_1067730	2021-01-26	2021-02-24	South America / Brazil / Bahia
EPI_ISL_1068110	2020-12-28	2021-02-25	South America / Brazil / Amazonas / Manaus
EPI_ISL_1068111	2020-12-28	2021-02-25	South America / Brazil / Amazonas / Manaus
EPI_ISL_1068112	2020-12-29	2021-02-25	South America / Brazil / Amazonas / Manaus
EPI_ISL_1068114	2020-12-23	2021-02-25	South America / Brazil / Amazonas / Manaus
EPI_ISL_1068154	2020-12-23	2021-02-25	South America / Brazil / Amazonas / Manaus
EPI_ISL_1068157	2020-12-28	2021-02-25	South America / Brazil / Amazonas / Manaus
EPI_ISL_1068158	2020-12-28	2021-02-25	South America / Brazil / Amazonas / Manaus
EPI_ISL_1068159	2020-12-28	2021-02-25	South America / Brazil / Amazonas / Manaus
EPI_ISL_1068150	2020-12-18	2021-02-25	South America / Brazil / Amazonas / Manaus
EPI_ISL_1068149	2020-12-18	2021-02-25	South America / Brazil / Amazonas / Manaus
EPI_ISL_1068169	2020-12-28	2021-02-25	South America / Brazil / Amazonas / Rio Preto da Eva
EPI_ISL_1068160	2020-12-29	2021-02-25	South America / Brazil / Amazonas / Manaus
EPI_ISL_2385491	2021-04-30	2021-06-03	South America / Brazil / Rio de Janeiro / Mendes
EPI_ISL_1064748	2020-12-21	2021-02-24	South America / Brazil / Amazonas / Manaus
EPI_ISL_1064749	2020-12-19	2021-02-24	South America / Brazil / Amazonas / Manaus
EPI_ISL_1064750	2021-01-05	2021-02-24	South America / Brazil / Amazonas / Manaus
EPI_ISL_1064745	2020-12-21	2021-02-24	South America / Brazil / Amazonas / Manaus
EPI_ISL_1064742	2021-01-04	2021-02-24	South America / Brazil / Amazonas / Manaus
EPI_ISL_1064740	2021-01-05	2021-02-24	South America / Brazil / Amazonas / Manaus
EPI_ISL_1064741	2021-01-04	2021-02-24	South America / Brazil / Amazonas / Manaus
EPI_ISL_1068221	2020-12-21	2021-02-25	South America / Brazil / Amazonas / Manaus
EPI_ISL_1068222	2020-12-21	2021-02-25	South America / Brazil / Amazonas / Manaus
EPI_ISL_1068225	2020-12-23	2021-02-25	South America / Brazil / Amazonas / Manaus
EPI_ISL_1068226	2020-12-23	2021-02-25	South America / Brazil / Amazonas / Manaus
EPI_ISL_1068256	2020-12-23	2021-02-25	South America / Brazil / Amazonas / Manaus
EPI_ISL_1068243	2020-12-23	2021-02-25	South America / Brazil / Amazonas / Manaus
EPI_ISL_1068248	2020-12-28	2021-02-25	South America / Brazil / Amazonas / Careiro
EPI_ISL_1068249	2020-12-22	2021-02-25	South America / Brazil / Amazonas / Manaus
EPI_ISL_1064736	2021-01-05	2021-02-24	South America / Brazil / Amazonas / Manaus
EPI_ISL_1068274	2021-01-08	2021-02-25	South America / Brazil / Amazonas / Manaus
EPI_ISL_1068276	2021-01-13	2021-02-25	South America / Brazil / Amazonas / Manaus
EPI_ISL_1068278	2021-01-13	2021-02-25	South America / Brazil / Amazonas / Manaus
EPI_ISL_1068279	2021-01-07	2021-02-25	South America / Brazil / Amazonas / Manaus
EPI_ISL_1068270	2021-01-11	2021-02-25	South America / Brazil / Amazonas / Manaus
EPI_ISL_1068271	2021-01-11	2021-02-25	South America / Brazil / Amazonas / Manaus
EPI_ISL_1068272	2021-01-12	2021-02-25	South America / Brazil / Amazonas / Manaus
EPI_ISL_1068273	2021-01-12	2021-02-25	South America / Brazil / Amazonas / Manaus
EPI_ISL_1068264	2021-01-06	2021-02-25	South America / Brazil / Amazonas / Manaus
EPI_ISL_1068267	2021-01-08	2021-02-25	South America / Brazil / Amazonas / Manaus
EPI_ISL_1068268	2021-01-08	2021-02-25	South America / Brazil / Amazonas / Manaus
EPI_ISL_1068260	2021-01-04	2021-02-25	South America / Brazil / Amazonas / Manaus
EPI_ISL_1068262	2021-01-05	2021-02-25	South America / Brazil / Amazonas / Manaus
EPI_ISL_1068292	2021-01-06	2021-02-25	South America / Brazil / Amazonas / Manacapuru
EPI_ISL_1068286	2021-01-04	2021-02-25	South America / Brazil / Amazonas / São Gabriel da Cachoeira
EPI_ISL_1068288	2021-01-05	2021-02-25	South America / Brazil / Amazonas / Rio Preto da Eva
EPI_ISL_1068280	2021-01-06	2021-02-25	South America / Brazil / Amazonas / Manaus
EPI_ISL_1068282	2021-01-11	2021-02-25	South America / Brazil / Amazonas / Manaus
EPI_ISL_1068283	2021-01-12	2021-02-25	South America / Brazil / Amazonas / Manaus
EPI_ISL_1068284	2021-01-13	2021-02-25	South America / Brazil / Amazonas / Manaus
EPI_ISL_2385561	2021-05-05	2021-06-03	South America / Brazil / Rio de Janeiro / Santo Antonio de Padua
EPI_ISL_2385599	2021-05-05	2021-06-03	South America / Brazil / Rio de Janeiro / Valenca
EPI_ISL_2385616	2021-05-05	2021-06-03	South America / Brazil / Rio de Janeiro / Sao Pedro da Aldeia
EPI_ISL_2385646	2021-05-05	2021-06-03	South America / Brazil / Rio de Janeiro / Tres Rios
EPI_ISL_2385715	2021-05-01	2021-06-03	South America / Brazil / Rio de Janeiro / Belford Roxo
EPI_ISL_2385717	2021-04-29	2021-06-03	South America / Brazil / Rio de Janeiro / Belford Roxo
EPI_ISL_2385726	2021-04-26	2021-06-03	South America / Brazil / Rio de Janeiro / Mage
EPI_ISL_2385734	2021-04-26	2021-06-03	South America / Brazil / Rio de Janeiro / Rio de Janeiro
EPI_ISL_2385776	2021-04-26	2021-06-03	South America / Brazil / Rio de Janeiro / Rio de Janeiro
EPI_ISL_1078992	2021-01-15	2021-02-25	South America / Brazil / Sao Paulo / Bauru
EPI_ISL_1079162	2021-02-08	2021-02-25	South America / Brazil / Sao Paulo / Bauru
EPI_ISL_1079008	2021-02-11	2021-02-25	South America / Brazil / Sao Paulo / Lencois Paulista
EPI_ISL_1079002	2021-02-05	2021-02-25	South America / Brazil / Sao Paulo / Bauru
EPI_ISL_1086048	2021-01-14	2021-02-26	South America / Brazil / Sao Paulo / Jau
EPI_ISL_1086047	2021-01-30	2021-02-26	South America / Brazil / Sao Paulo / Jau
EPI_ISL_1086042	2021-02-09	2021-02-26	South America / Brazil / Sao Paulo / Araraquara
EPI_ISL_1086041	2021-02-09	2021-02-26	South America / Brazil / Sao Paulo / Araraquara
EPI_ISL_1086040	2021-02-09	2021-02-26	South America / Brazil / Sao Paulo / Araraquara
EPI_ISL_1086046	2021-02-04	2021-02-26	South America / Brazil / Sao Paulo / Lencois Paulista
EPI_ISL_1086045	2021-02-05	2021-02-26	South America / Brazil / Sao Paulo / Lencois Paulista
EPI_ISL_1086044	2021-02-08	2021-02-26	South America / Brazil / Sao Paulo / Lencois Paulista
EPI_ISL_1086043	2021-02-09	2021-02-26	South America / Brazil / Sao Paulo / Araraquara
EPI_ISL_1086039	2021-02-09	2021-02-26	South America / Brazil / Sao Paulo / Araraquara
EPI_ISL_1086038	2021-02-09	2021-02-26	South America / Brazil / Sao Paulo / Araraquara
EPI_ISL_1086037	2021-02-09	2021-02-26	South America / Brazil / Sao Paulo / Araraquara
EPI_ISL_1086036	2021-02-10	2021-02-26	South America / Brazil / Sao Paulo / Lencois Paulista
EPI_ISL_1086035	2021-02-10	2021-02-26	South America / Brazil / Sao Paulo / Lencois Paulista
EPI_ISL_1086034	2021-02-11	2021-02-26	South America / Brazil / Sao Paulo / Araraquara
EPI_ISL_1096127	2021-02-03	2021-02-28	South America / Brazil / Sao Paulo / Bocaina
EPI_ISL_1096120	2021-01-15	2021-02-28	South America / Brazil / Sao Paulo / Jau
EPI_ISL_1096122	2021-01-26	2021-02-28	South America / Brazil / Sao Paulo / Jau
EPI_ISL_1096121	2021-01-25	2021-02-28	South America / Brazil / Sao Paulo / Araraquara
EPI_ISL_1096135	2021-02-09	2021-02-28	South America / Brazil / Sao Paulo / Araraquara
EPI_ISL_1096134	2021-02-08	2021-02-28	South America / Brazil / Sao Paulo / Lins
EPI_ISL_1096136	2021-02-10	2021-02-28	South America / Brazil / Sao Paulo / Jau
EPI_ISL_1096131	2021-02-08	2021-02-28	South America / Brazil / Sao Paulo / Lins
EPI_ISL_1096132	2021-02-08	2021-02-28	South America / Brazil / Sao Paulo / Lins
EPI_ISL_1123373	2021-02-15	2021-03-03	South America / Brazil / Sao Paulo / Biritiba Mirim
EPI_ISL_1121314	2021-02-05	2021-03-03	South America / Brazil / Sao Paulo / Lins
EPI_ISL_1121313	2021-02-05	2021-03-03	South America / Brazil / Sao Paulo / Lins
EPI_ISL_1121316	2021-01-10	2021-03-03	South America / Brazil / Rio Grande do Sul / Porto Alegre
EPI_ISL_1121315	2021-01-16	2021-03-03	South America / Brazil / Sao Paulo / Borebi
EPI_ISL_1121310	2021-02-08	2021-03-03	South America / Brazil / Sao Paulo / Lins
EPI_ISL_1121312	2021-02-05	2021-03-03	South America / Brazil / Sao Paulo / Lins
EPI_ISL_1121311	2021-02-06	2021-03-03	South America / Brazil / Sao Paulo / Mococa
EPI_ISL_1121307	2021-02-13	2021-03-03	South America / Brazil / Sao Paulo / Cajamar
EPI_ISL_1121309	2021-02-10	2021-03-03	South America / Brazil / Sao Paulo / Osasco
EPI_ISL_1121308	2021-02-11	2021-03-03	South America / Brazil / Sao Paulo / Sao Paulo
EPI_ISL_1133138	2021-02	2021-03-03	South America / Brazil / Rio Grande do Sul
EPI_ISL_1133139	2021-02	2021-03-03	South America / Brazil / Rio Grande do Sul
EPI_ISL_1133130	2021-02	2021-03-03	South America / Brazil / Rio Grande do Sul
EPI_ISL_1133131	2021-02	2021-03-03	South America / Brazil / Rio Grande do Sul
EPI_ISL_1133132	2021-02	2021-03-03	South America / Brazil / Rio Grande do Sul
EPI_ISL_1133133	2021-01	2021-03-03	South America / Brazil / Rio Grande do Sul
EPI_ISL_1133134	2021-02	2021-03-03	South America / Brazil / Rio Grande do Sul
EPI_ISL_1133135	2021-02	2021-03-03	South America / Brazil / Rio Grande do Sul
EPI_ISL_1133136	2021-02	2021-03-03	South America / Brazil / Rio Grande do Sul
EPI_ISL_1133137	2021-02	2021-03-03	South America / Brazil / Rio Grande do Sul
EPI_ISL_1133127	2021-02	2021-03-03	South America / Brazil / Rio Grande do Sul
EPI_ISL_1133128	2021-02	2021-03-03	South America / Brazil / Rio Grande do Sul
EPI_ISL_1133120	2021-02	2021-03-03	South America / Brazil / Rio Grande do Sul
EPI_ISL_1133121	2021-02	2021-03-03	South America / Brazil / Rio Grande do Sul
EPI_ISL_1133122	2021-02	2021-03-03	South America / Brazil / Rio Grande do Sul
EPI_ISL_1133123	2021-02	2021-03-03	South America / Brazil / Rio Grande do Sul
EPI_ISL_1133124	2021-02	2021-03-03	South America / Brazil / Rio Grande do Sul
EPI_ISL_1133125	2021-02	2021-03-03	South America / Brazil / Rio Grande do Sul
EPI_ISL_1133141	2021-02	2021-03-03	South America / Brazil / Rio Grande do Sul
EPI_ISL_1133142	2021-02	2021-03-03	South America / Brazil / Rio Grande do Sul
EPI_ISL_1133143	2021-02	2021-03-03	South America / Brazil / Rio Grande do Sul
EPI_ISL_1133144	2021-02	2021-03-03	South America / Brazil / Rio Grande do Sul
EPI_ISL_1133140	2021-02	2021-03-03	South America / Brazil / Rio Grande do Sul
EPI_ISL_1213202	2021-01-18	2021-03-11	South America / Brazil / Amazonas / Manaus
EPI_ISL_1139070	2021-01-20	2021-03-04	South America / Brazil / Sao Paulo / Araraquara
EPI_ISL_1219029	2021-01-23	2021-03-11	South America / Brazil / Sao Paulo / Guarulhos
EPI_ISL_1219030	2021-01-23	2021-03-11	South America / Brazil / Sao Paulo / Guarulhos
EPI_ISL_1219025	2021-02-02	2021-03-11	South America / Brazil / Sao Paulo / Guapiara
EPI_ISL_1166615	2021-01-18	2021-03-05	South America / Brazil / Amazonas
EPI_ISL_1220095	2021-02-19	2021-03-11	South America / Brazil / Sao Paulo
EPI_ISL_1164991	2021-01-07	2021-03-05	South America / Brazil / Paraiba
EPI_ISL_1164984	2021-01-16	2021-03-05	South America / Brazil / Amapa
EPI_ISL_1164970	2021-02-05	2021-03-05	South America / Brazil / Ceara
EPI_ISL_1164973	2021-01-29	2021-03-05	South America / Brazil / Ceara
EPI_ISL_1164972	2021-02-02	2021-03-05	South America / Brazil / Para
EPI_ISL_1164978	2021-01-19	2021-03-05	South America / Brazil / Para
EPI_ISL_1171650	2021-01-07	2021-03-07	South America / Brazil / Sao Paulo / Mococa
EPI_ISL_1171653	2021-02-05	2021-03-07	South America / Brazil / Sao Paulo / Presidente Prudente
EPI_ISL_1171656	2021-02-17	2021-03-07	South America / Brazil / Sao Paulo / Presidente Prudente
EPI_ISL_1171648	2021-01-05	2021-03-07	South America / Brazil / Sao Paulo / Mococa
EPI_ISL_1171649	2021-01-05	2021-03-07	South America / Brazil / Sao Paulo / Mococa
EPI_ISL_1171619	2021-02-15	2021-03-07	South America / Brazil / Sao Paulo / Presidente Venceslau
EPI_ISL_1171672	2021-01-26	2021-03-07	South America / Brazil / Sao Paulo / Tarabai
EPI_ISL_1171666	2021-02-16	2021-03-07	South America / Brazil / Sao Paulo / Martinopolis
EPI_ISL_1171658	2021-02-15	2021-03-07	South America / Brazil / Sao Paulo / Presidente Prudente
EPI_ISL_1182545	2021-01-30	2021-03-08	South America / Brazil / Minas Gerais / Belo Horizonte
EPI_ISL_1182544	2021-01-30	2021-03-08	South America / Brazil / Minas Gerais / Belo Horizonte
EPI_ISL_1196299	2021-02-04	2021-03-10	South America / Brazil / Sao Paulo / Marilia
EPI_ISL_1196296	2021-02-05	2021-03-10	South America / Brazil / Sao Paulo / Mococa
EPI_ISL_1201893	2021-02-18	2021-03-10	South America / Brazil / Sao Paulo / Avare
EPI_ISL_1201884	2021-01-21	2021-03-10	South America / Brazil / Sao Paulo / Guarulhos
EPI_ISL_1213215	2021-01-27	2021-03-11	South America / Brazil / Paraiba / Joao Pessoa
EPI_ISL_1213204	2021-01-18	2021-03-11	South America / Brazil / Amazonas / Manaus
EPI_ISL_1213206	2021-01-18	2021-03-11	South America / Brazil / Amazonas / Manaus
EPI_ISL_1213207	2021-01-11	2021-03-11	South America / Brazil / Paraiba / Inga
EPI_ISL_1213209	2021-01-26	2021-03-11	South America / Brazil / Rio Grande do Norte / Natal
EPI_ISL_1213199	2021-01-26	2021-03-11	South America / Brazil / Rio Grande do Norte / Natal
EPI_ISL_1213190	2021-01-26	2021-03-11	South America / Brazil / Amazonas / Manaus
EPI_ISL_1213192	2021-01-26	2021-03-11	South America / Brazil / Rio Grande do Norte / Natal
EPI_ISL_1213194	2021-01-26	2021-03-11	South America / Brazil / Rio Grande do Norte / Natal
EPI_ISL_1213196	2021-01-26	2021-03-11	South America / Brazil / Rio Grande do Norte / Natal
EPI_ISL_1213197	2021-01-26	2021-03-11	South America / Brazil / Rio Grande do Norte / Natal
EPI_ISL_1213178	2021-02-01	2021-03-11	South America / Brazil / Rio Grande do Norte / Natal
EPI_ISL_1213177	2021-02-01	2021-03-11	South America / Brazil / Rio Grande do Norte / Natal
EPI_ISL_1213170	2021-02-08	2021-03-11	South America / Brazil / Bahia / Itabuna
EPI_ISL_1213171	2021-02-03	2021-03-11	South America / Brazil / Rio de Janeiro / Rio de Janeiro
EPI_ISL_1213173	2021-02-01	2021-03-11	South America / Brazil / Rio Grande do Norte / Natal
EPI_ISL_1213175	2021-02-01	2021-03-11	South America / Brazil / Rio Grande do Norte / Natal
EPI_ISL_1213189	2021-01-27	2021-03-11	South America / Brazil / Paraiba / Conde
EPI_ISL_1213180	2021-02-01	2021-03-11	South America / Brazil / Rio Grande do Norte / Natal
EPI_ISL_1213183	2021-01-29	2021-03-11	South America / Brazil / Rio Grande do Norte / Natal
EPI_ISL_1213182	2021-02-01	2021-03-11	South America / Brazil / Rio Grande do Norte / Natal
EPI_ISL_1213187	2021-01-28	2021-03-11	South America / Brazil / Rio Grande do Norte / Natal
EPI_ISL_1213158	2021-01-19	2021-03-11	South America / Brazil / Rio de Janeiro / Rio de Janeiro
EPI_ISL_1213151	2021-02-05	2021-03-11	South America / Brazil / Rio de Janeiro / Rio de Janeiro
EPI_ISL_1213168	2021-02-14	2021-03-11	South America / Brazil / Bahia / Ilheus
EPI_ISL_1219134	2021-01-27	2021-03-11	South America / Brazil / Alagoas / Maceio
EPI_ISL_1219132	2021-01-21	2021-03-11	South America / Brazil / Parana / Curitiba
EPI_ISL_1219136	2021-02-15	2021-03-11	South America / Brazil / Bahia / Salvador
EPI_ISL_1219135	2021-01-27	2021-03-11	South America / Brazil / Alagoas / Maceio
EPI_ISL_1219036	2021-01-21	2021-03-11	South America / Brazil / Sao Paulo / Guarulhos
EPI_ISL_1219021	2021-02-24	2021-03-11	South America / Brazil / Sao Paulo / Sao Paulo
EPI_ISL_2443552	2021-04-01	2021-06-07	South America / Brazil / Santa Catarina / Sao Miguel do Oeste
EPI_ISL_2443585	2021-03-16	2021-06-07	South America / Brazil / Rio de Janeiro / Rio de Janeiro
EPI_ISL_2443672	2021-03-18	2021-06-07	South America / Brazil / Rio Grande do Sul / Porto Alegre
EPI_ISL_2443708	2021-04-22	2021-06-07	South America / Brazil / Santa Catarina / Morro da Fumaca
EPI_ISL_2444175	2021-04-27	2021-06-08	South America / Brazil / Sao Paulo
EPI_ISL_1239138	2021-03-02	2021-03-14	South America / Brazil / Minas Gerais / Montes Claros
EPI_ISL_1239012	2021-01-26	2021-03-13	South America / Brazil / Amazonas / Manaus
EPI_ISL_1239119	2021-01-26	2021-03-14	South America / Brazil / Espirito Santo / Lorena
EPI_ISL_1239111	2021-02-13	2021-03-14	South America / Brazil / Rio de Janeiro / Petropolis
EPI_ISL_2443549	2021-04-23	2021-06-07	South America / Brazil / Parana / Arapongas
EPI_ISL_2443575	2021-04-25	2021-06-07	South America / Brazil / Parana / Irati
EPI_ISL_2443615	2021-04-12	2021-06-07	South America / Brazil / Rio de Janeiro / Nova Friburgo
EPI_ISL_2443632	2021-04-16	2021-06-07	South America / Brazil / Rio de Janeiro / Iguaba Grande
EPI_ISL_2443675	2021-04-23	2021-06-07	South America / Brazil / Santa Catarina / Navegantes
EPI_ISL_2443688	2021-04-08	2021-06-07	South America / Brazil / Santa Catarina / Ararangua
EPI_ISL_2445079	2021-05-07	2021-06-08	South America / Brazil / Sao Paulo
EPI_ISL_2445093	2021-05-11	2021-06-08	South America / Brazil / Sao Paulo
EPI_ISL_2445129	2021-05-17	2021-06-08	South America / Brazil / Sao Paulo
EPI_ISL_2445125	2021-05-17	2021-06-08	South America / Brazil / Sao Paulo
EPI_ISL_2445124	2021-05-17	2021-06-08	South America / Brazil / Sao Paulo
EPI_ISL_2445163	2021-05-17	2021-06-08	South America / Brazil / Sao Paulo
EPI_ISL_2445197	2021-05-17	2021-06-08	South America / Brazil / Sao Paulo
EPI_ISL_2445225	2021-05-10	2021-06-08	South America / Brazil / Sao Paulo
EPI_ISL_2445240	2021-05-10	2021-06-08	South America / Brazil / Sao Paulo
EPI_ISL_2445248	2021-05-10	2021-06-08	South America / Brazil / Sao Paulo
EPI_ISL_2445250	2021-05-10	2021-06-08	South America / Brazil / Sao Paulo
EPI_ISL_2445574	2021-05-12	2021-06-08	South America / Brazil / Sao Paulo
EPI_ISL_2445580	2021-05-12	2021-06-08	South America / Brazil / Sao Paulo
EPI_ISL_2445607	2021-05-13	2021-06-08	South America / Brazil / Sao Paulo
EPI_ISL_1261122	2020-12-23	2021-03-16	South America / Brazil / Amazonas / Manaus
EPI_ISL_1261683	2021-01-19	2021-03-16	South America / Brazil / Amazonas
EPI_ISL_1261688	2021-02-15	2021-03-16	South America / Brazil / Amapa
EPI_ISL_1261689	2021-02-15	2021-03-16	South America / Brazil / Amapa
EPI_ISL_1261686	2021-01-31	2021-03-16	South America / Brazil / Amapa
EPI_ISL_1261691	2021-02-11	2021-03-16	South America / Brazil / Para
EPI_ISL_1272188	2021-02-11	2021-03-17	South America / Brazil / Tocantins / Araguaiana
EPI_ISL_1278274	2021-01-25	2021-03-18	South America / Brazil / Sao Paulo / Ribeirao Preto
EPI_ISL_1289960	2021-01-11	2021-03-18	South America / Brazil / Sao Paulo / Ribeirao Preto
EPI_ISL_1289958	2021-01-18	2021-03-18	South America / Brazil / Sao Paulo / Ribeirao Preto
EPI_ISL_1289956	2021-01-25	2021-03-18	South America / Brazil / Sao Paulo / Ribeirao Preto
EPI_ISL_1289957	2021-01-11	2021-03-18	South America / Brazil / Sao Paulo / Ribeirao Preto
EPI_ISL_1293054	2021-01-18	2021-03-19	South America / Brazil / Rondonia / Porto Velho
EPI_ISL_1293075	2021-02-03	2021-03-19	South America / Brazil / Sao Paulo / Sorocaba
EPI_ISL_1293077	2021-02-03	2021-03-19	South America / Brazil / Sao Paulo / Tiete
EPI_ISL_1290802	2021-01-29	2021-03-18	South America / Brazil / Sao Paulo
EPI_ISL_2466225	2021-02-01	2021-06-10	South America / Brazil / Rio Grande do Norte / João Câmara
EPI_ISL_1303543	2021-02-15	2021-03-21	South America / Brazil / Sao Paulo / Sao Paulo
EPI_ISL_1303545	2021-02-15	2021-03-21	South America / Brazil / Sao Paulo / Maua
EPI_ISL_1303546	2021-02-15	2021-03-21	South America / Brazil / Sao Paulo / Sao Paulo
EPI_ISL_1303547	2021-02-15	2021-03-21	South America / Brazil / Sao Paulo / Diadema
EPI_ISL_1303548	2021-02-15	2021-03-21	South America / Brazil / Sao Paulo / Sao Paulo
EPI_ISL_1303549	2021-02-16	2021-03-21	South America / Brazil / Sao Paulo / Sao Paulo
EPI_ISL_1303536	2021-02-15	2021-03-21	South America / Brazil / Sao Paulo / Sao Paulo
EPI_ISL_1303529	2021-02-12	2021-03-21	South America / Brazil / Sao Paulo / Sao Jose do Rio Preto
EPI_ISL_1303520	2021-02-10	2021-03-21	South America / Brazil / Sao Paulo / Meridiano
EPI_ISL_1303525	2021-02-16	2021-03-21	South America / Brazil / Sao Paulo / Ipigua
EPI_ISL_1303517	2021-02-05	2021-03-21	South America / Brazil / Goias / Jaragua
EPI_ISL_1303513	2021-01-13	2021-03-21	South America / Brazil / Goias / Turvania
EPI_ISL_1303514	2021-01-19	2021-03-21	South America / Brazil / Goias / Mangueira
EPI_ISL_1303506	2021-01-22	2021-03-21	South America / Brazil / Federal District / Planaltina
EPI_ISL_1303509	2021-02-01	2021-03-21	South America / Brazil / Tocantins / Palmas
EPI_ISL_1303502	2021-01-19	2021-03-21	South America / Brazil / Rondonia / Porto Velho
EPI_ISL_2473698	2021-05-13	2021-06-10	South America / Brazil / Sao Paulo
EPI_ISL_2473693	2021-05-12	2021-06-10	South America / Brazil / Sao Paulo
EPI_ISL_2473713	2021-05-17	2021-06-10	South America / Brazil / Sao Paulo
EPI_ISL_2473722	2021-05-19	2021-06-10	South America / Brazil / Sao Paulo
EPI_ISL_2473769	2021-05-19	2021-06-10	South America / Brazil / Sao Paulo
EPI_ISL_2473768	2021-05-19	2021-06-10	South America / Brazil / Sao Paulo
EPI_ISL_2473777	2021-05-10	2021-06-10	South America / Brazil / Sao Paulo
EPI_ISL_2473817	2021-05-19	2021-06-10	South America / Brazil / Sao Paulo
EPI_ISL_2473803	2021-05-12	2021-06-10	South America / Brazil / Sao Paulo
EPI_ISL_2473798	2021-05-11	2021-06-10	South America / Brazil / Sao Paulo
EPI_ISL_2473808	2021-05-13	2021-06-10	South America / Brazil / Sao Paulo
EPI_ISL_2473819	2021-05-13	2021-06-10	South America / Brazil / Sao Paulo
EPI_ISL_2473821	2021-05-16	2021-06-10	South America / Brazil / Sao Paulo
EPI_ISL_1358319	2021-02-27	2021-03-25	South America / Brazil / Sao Paulo / Sao Paulo
EPI_ISL_1358301	2021-02-22	2021-03-25	South America / Brazil / Tocantins / Palmas
EPI_ISL_1358304	2021-02-10	2021-03-25	South America / Brazil / Mato Grosso do Sul / Campo Grande
EPI_ISL_1358290	2021-03-04	2021-03-25	South America / Brazil / Sao Paulo / Aracatuba
EPI_ISL_1358288	2021-03-04	2021-03-25	South America / Brazil / Sao Paulo / Aracatuba
EPI_ISL_1358289	2021-03-04	2021-03-25	South America / Brazil / Sao Paulo / Aracatuba
EPI_ISL_1365747	2021-03-12	2021-03-26	South America / Brazil / Sao Paulo / Sao Paulo
EPI_ISL_1381065	2021-02-10	2021-03-28	South America / Brazil / Sao Paulo / Sao Bernardo do Campo
EPI_ISL_1381063	2021-02-10	2021-03-28	South America / Brazil / Sao Paulo / Sao Bernardo do Campo
EPI_ISL_1381062	2021-02-10	2021-03-28	South America / Brazil / Sao Paulo / Sao Bernardo do Campo
EPI_ISL_1381061	2021-02-10	2021-03-28	South America / Brazil / Sao Paulo / Sao Bernardo do Campo
EPI_ISL_1381069	2021-03-02	2021-03-28	South America / Brazil / Sao Paulo / Sao Paulo
EPI_ISL_1381055	2021-02-11	2021-03-28	South America / Brazil / Sao Paulo / Maua
EPI_ISL_1381050	2021-02-11	2021-03-28	South America / Brazil / Sao Paulo / Maua
EPI_ISL_1381059	2021-02-11	2021-03-28	South America / Brazil / Sao Paulo / Santo Andre
EPI_ISL_1381048	2021-02-10	2021-03-28	South America / Brazil / Sao Paulo / Diadema
EPI_ISL_1381045	2021-02-11	2021-03-28	South America / Brazil / Sao Paulo / Diadema
EPI_ISL_1402431	2021-01-07	2021-03-30	South America / Brazil / Amazonas / Manaus
EPI_ISL_1443197	2020-12-28	2021-04-01	South America / Brazil / Bahia / Salvador
EPI_ISL_1443196	2020-12-28	2021-04-01	South America / Brazil / Bahia / Salvador
EPI_ISL_1443198	2020-12-28	2021-04-01	South America / Brazil / Bahia / Salvador
EPI_ISL_1445067	2021-03-02	2021-04-01	South America / Brazil / Sao Paulo / Amparo
EPI_ISL_1445095	2021-03-08	2021-04-01	South America / Brazil / Sao Paulo / Piracaia
EPI_ISL_1445093	2021-03-08	2021-04-01	South America / Brazil / Sao Paulo / Piracaia
EPI_ISL_1445094	2021-03-08	2021-04-01	South America / Brazil / Sao Paulo / Piracaia
EPI_ISL_1445080	2021-03-02	2021-04-01	South America / Brazil / Sao Paulo / Capao Bonito
EPI_ISL_1445085	2021-03-02	2021-04-01	South America / Brazil / Sao Paulo / Capao Bonito
EPI_ISL_1445082	2021-02-28	2021-04-01	South America / Brazil / Sao Paulo / Sorocaba
EPI_ISL_1445083	2021-03-01	2021-04-01	South America / Brazil / Sao Paulo / Itapetininga
EPI_ISL_1445078	2021-03-02	2021-04-01	South America / Brazil / Sao Paulo / Vargem Grande do Sul
EPI_ISL_1445076	2021-03-01	2021-04-01	South America / Brazil / Sao Paulo / Vargem Grande do Sul
EPI_ISL_1445071	2021-03-02	2021-04-01	South America / Brazil / Sao Paulo / Amparo
EPI_ISL_1445143	2021-03-08	2021-04-01	South America / Brazil / Sao Paulo / Morro Agudo
EPI_ISL_1445141	2021-03-09	2021-04-01	South America / Brazil / Sao Paulo / Salto
EPI_ISL_1445147	2021-03-08	2021-04-01	South America / Brazil / Sao Paulo / Olimpia
EPI_ISL_1445145	2021-03-09	2021-04-01	South America / Brazil / Sao Paulo / Morro Agudo
EPI_ISL_1445131	2021-03-08	2021-04-01	South America / Brazil / Sao Paulo / Jundiai
EPI_ISL_1445139	2021-03-07	2021-04-01	South America / Brazil / Sao Paulo / Sorocaba
EPI_ISL_1445121	2021-03-08	2021-04-01	South America / Brazil / Sao Paulo / Jaguariuna
EPI_ISL_1445122	2021-03-08	2021-04-01	South America / Brazil / Sao Paulo / Jaguariuna
EPI_ISL_1445129	2021-03-08	2021-04-01	South America / Brazil / Sao Paulo / Hortolandia
EPI_ISL_1445127	2021-03-08	2021-04-01	South America / Brazil / Sao Paulo / Campinas
EPI_ISL_1445128	2021-03-08	2021-04-01	South America / Brazil / Sao Paulo / Campinas
EPI_ISL_1445126	2021-03-08	2021-04-01	South America / Brazil / Sao Paulo / Jaguariuna
EPI_ISL_1445123	2021-03-08	2021-04-01	South America / Brazil / Sao Paulo / Jaguariuna
EPI_ISL_1445124	2021-03-08	2021-04-01	South America / Brazil / Sao Paulo / Campinas
EPI_ISL_1445110	2021-03-08	2021-04-01	South America / Brazil / Sao Paulo / Campinas
EPI_ISL_1445118	2021-03-08	2021-04-01	South America / Brazil / Sao Paulo / Campinas
EPI_ISL_1445116	2021-03-08	2021-04-01	South America / Brazil / Sao Paulo / Campinas
EPI_ISL_1445117	2021-03-08	2021-04-01	South America / Brazil / Sao Paulo / Campinas
EPI_ISL_1445115	2021-03-05	2021-04-01	South America / Brazil / Sao Paulo / Campinas
EPI_ISL_1445180	2021-03-08	2021-04-01	South America / Brazil / Sao Paulo / Sorocaba
EPI_ISL_1445187	2021-03-14	2021-04-01	South America / Brazil / Sao Paulo / Campinas
EPI_ISL_1445183	2021-03-15	2021-04-01	South America / Brazil / Sao Paulo / Bilac
EPI_ISL_1445182	2021-03-09	2021-04-01	South America / Brazil / Sao Paulo / Sorocaba
EPI_ISL_1445189	2021-03-14	2021-04-01	South America / Brazil / Sao Paulo / Campinas
EPI_ISL_1445174	2021-03-10	2021-04-01	South America / Brazil / Sao Paulo / Tatui
EPI_ISL_1445172	2021-03-10	2021-04-01	South America / Brazil / Sao Paulo / Aracoiaba da Serra
EPI_ISL_1445165	2021-03-05	2021-04-01	South America / Brazil / Sao Paulo / Guaruja
EPI_ISL_1445166	2021-03-05	2021-04-01	South America / Brazil / Sao Paulo / Guaruja
EPI_ISL_1445163	2021-03-05	2021-04-01	South America / Brazil / Sao Paulo / Guaruja
EPI_ISL_1445164	2021-03-05	2021-04-01	South America / Brazil / Sao Paulo / Guaruja
EPI_ISL_1445162	2021-03-05	2021-04-01	South America / Brazil / Sao Paulo / Guaruja
EPI_ISL_1445169	2021-03-09	2021-04-01	South America / Brazil / Sao Paulo / Santos
EPI_ISL_1445153	2021-03-09	2021-04-01	South America / Brazil / Sao Paulo / Taquaritinga
EPI_ISL_1445156	2021-03-08	2021-04-01	South America / Brazil / Sao Paulo / Taquaritinga
EPI_ISL_1445157	2021-03-09	2021-04-01	South America / Brazil / Sao Paulo / Santos
EPI_ISL_1445100	2021-03-08	2021-04-01	South America / Brazil / Sao Paulo / Campinas
EPI_ISL_1445104	2021-03-08	2021-04-01	South America / Brazil / Sao Paulo / Sumare
EPI_ISL_1445109	2021-03-08	2021-04-01	South America / Brazil / Sao Paulo / Campinas
EPI_ISL_1445190	2021-03-14	2021-04-01	South America / Brazil / Sao Paulo / Campinas
EPI_ISL_1445191	2021-03-14	2021-04-01	South America / Brazil / Sao Paulo / Campinas
EPI_ISL_1445198	2021-03-15	2021-04-01	South America / Brazil / Sao Paulo / Taiacu
EPI_ISL_1445196	2021-03-15	2021-04-01	South America / Brazil / Sao Paulo / Candido Mota
EPI_ISL_1445265	2021-02-26	2021-04-01	South America / Brazil / Sao Paulo / Bertioga
EPI_ISL_1445260	2021-02-24	2021-04-01	South America / Brazil / Sao Paulo / Bertioga
EPI_ISL_1445261	2021-02-25	2021-04-01	South America / Brazil / Sao Paulo / Bertioga
EPI_ISL_1445266	2021-02-27	2021-04-01	South America / Brazil / Sao Paulo / Peruibe
EPI_ISL_1445267	2021-02-27	2021-04-01	South America / Brazil / Sao Paulo / Peruibe
EPI_ISL_1445254	2021-02-28	2021-04-01	South America / Brazil / Sao Paulo / Bertioga
EPI_ISL_1445250	2021-02-26	2021-04-01	South America / Brazil / Sao Paulo / Maceio
EPI_ISL_1445259	2021-02-28	2021-04-01	South America / Brazil / Sao Paulo / Bertioga
EPI_ISL_1445257	2021-02-28	2021-04-01	South America / Brazil / Sao Paulo / Bertioga
EPI_ISL_1445258	2021-02-28	2021-04-01	South America / Brazil / Sao Paulo / Bertioga
EPI_ISL_1445255	2021-02-28	2021-04-01	South America / Brazil / Sao Paulo / Bertioga
EPI_ISL_1445247	2021-02-26	2021-04-01	South America / Brazil / Sao Paulo / Santos
EPI_ISL_1445231	2021-02-27	2021-04-01	South America / Brazil / Sao Paulo / Petrolandia
EPI_ISL_1445230	2021-02-27	2021-04-01	South America / Brazil / Sao Paulo / Bertioga
EPI_ISL_1445237	2021-02-27	2021-04-01	South America / Brazil / Sao Paulo / Guarulhos
EPI_ISL_1445236	2021-02-27	2021-04-01	South America / Brazil / Sao Paulo / Bertioga
EPI_ISL_1445234	2021-02-27	2021-04-01	South America / Brazil / Sao Paulo / Bertioga
EPI_ISL_1445221	2021-03-15	2021-04-01	South America / Brazil / Sao Paulo / Osasco
EPI_ISL_1445226	2021-03-15	2021-04-01	South America / Brazil / Sao Paulo / Osasco
EPI_ISL_1445227	2021-03-15	2021-04-01	South America / Brazil / Sao Paulo / Osasco
EPI_ISL_1445224	2021-03-15	2021-04-01	South America / Brazil / Sao Paulo / Osasco
EPI_ISL_1445225	2021-03-15	2021-04-01	South America / Brazil / Sao Paulo / Osasco
EPI_ISL_1445217	2021-03-15	2021-04-01	South America / Brazil / Sao Paulo / Osasco
EPI_ISL_1445216	2021-03-15	2021-04-01	South America / Brazil / Sao Paulo / Osasco
EPI_ISL_1445213	2021-03-15	2021-04-01	South America / Brazil / Sao Paulo / Osasco
EPI_ISL_1445211	2021-03-15	2021-04-01	South America / Brazil / Sao Paulo / Osasco
EPI_ISL_1445212	2021-03-15	2021-04-01	South America / Brazil / Sao Paulo / Osasco
EPI_ISL_1445219	2021-03-15	2021-04-01	South America / Brazil / Sao Paulo / Osasco
EPI_ISL_1445207	2021-03-15	2021-04-01	South America / Brazil / Sao Paulo / Osasco
EPI_ISL_1445204	2021-03-15	2021-04-01	South America / Brazil / Sao Paulo / Praia Grande
EPI_ISL_1445205	2021-03-15	2021-04-01	South America / Brazil / Sao Paulo / Osasco
EPI_ISL_1445202	2021-03-15	2021-04-01	South America / Brazil / Sao Paulo / Praia Grande
EPI_ISL_1445200	2021-03-14	2021-04-01	South America / Brazil / Sao Paulo / Cacapava
EPI_ISL_1445208	2021-03-16	2021-04-01	South America / Brazil / Sao Paulo / Osasco
EPI_ISL_1445209	2021-03-15	2021-04-01	South America / Brazil / Sao Paulo / Osasco
EPI_ISL_1445091	2021-03-08	2021-04-01	South America / Brazil / Sao Paulo / Piracaia
EPI_ISL_1445194	2021-03-14	2021-04-01	South America / Brazil / Sao Paulo / Campinas
EPI_ISL_1445192	2021-03-14	2021-04-01	South America / Brazil / Sao Paulo / Campinas
EPI_ISL_1445269	2021-02-24	2021-04-01	South America / Brazil / Sao Paulo / Guaruja
EPI_ISL_1445239	2021-02-26	2021-04-01	South America / Brazil / Sao Paulo / Santos
EPI_ISL_1445220	2021-03-15	2021-04-01	South America / Brazil / Sao Paulo / Osasco
EPI_ISL_1464663	2021-03-03	2021-04-02	South America / Brazil / Sao Paulo / Sao Paulo
EPI_ISL_1464666	2021-03-02	2021-04-02	South America / Brazil / Sao Paulo / Sao Paulo
EPI_ISL_1464665	2021-03-02	2021-04-02	South America / Brazil / Sao Paulo / Sao Paulo
EPI_ISL_1464667	2021-03-02	2021-04-02	South America / Brazil / Sao Paulo / Sao Paulo
EPI_ISL_1464631	2021-03-02	2021-04-02	South America / Brazil / Sao Paulo / Sao Paulo
EPI_ISL_1464630	2021-03-02	2021-04-02	South America / Brazil / Sao Paulo / Sao Paulo
EPI_ISL_1464633	2021-03-15	2021-04-02	South America / Brazil / Sao Paulo / Sao Paulo
EPI_ISL_1464632	2021-03-15	2021-04-02	South America / Brazil / Sao Paulo / Sao Paulo
EPI_ISL_1464636	2021-03-12	2021-04-02	South America / Brazil / Sao Paulo / Sao Paulo
EPI_ISL_1464639	2021-03-11	2021-04-02	South America / Brazil / Sao Paulo / Sao Paulo
EPI_ISL_1464641	2021-03-11	2021-04-02	South America / Brazil / Sao Paulo / Sao Paulo
EPI_ISL_1464644	2021-03-11	2021-04-02	South America / Brazil / Sao Paulo / Sao Paulo
EPI_ISL_1464643	2021-03-11	2021-04-02	South America / Brazil / Sao Paulo / Sao Paulo
EPI_ISL_1464646	2021-03-10	2021-04-02	South America / Brazil / Sao Paulo / Sao Paulo
EPI_ISL_1464645	2021-03-11	2021-04-02	South America / Brazil / Sao Paulo / Sao Paulo
EPI_ISL_1464648	2021-03-10	2021-04-02	South America / Brazil / Sao Paulo / Sao Paulo
EPI_ISL_1464647	2021-03-10	2021-04-02	South America / Brazil / Sao Paulo / Sao Paulo
EPI_ISL_1464651	2021-03-09	2021-04-02	South America / Brazil / Sao Paulo / Sao Paulo
EPI_ISL_1464650	2021-03-09	2021-04-02	South America / Brazil / Sao Paulo / Sao Paulo
EPI_ISL_1464653	2021-03-07	2021-04-02	South America / Brazil / Sao Paulo / Sao Paulo
EPI_ISL_1464652	2021-03-08	2021-04-02	South America / Brazil / Sao Paulo / Sao Paulo
EPI_ISL_1464655	2021-03-06	2021-04-02	South America / Brazil / Sao Paulo / Sao Paulo
EPI_ISL_1464654	2021-03-06	2021-04-02	South America / Brazil / Sao Paulo / Sao Paulo
EPI_ISL_1464657	2021-03-06	2021-04-02	South America / Brazil / Sao Paulo / Sao Paulo
EPI_ISL_1464656	2021-03-06	2021-04-02	South America / Brazil / Sao Paulo / Sao Paulo
EPI_ISL_1464659	2021-03-05	2021-04-02	South America / Brazil / Sao Paulo / Sao Paulo
EPI_ISL_1464658	2021-03-05	2021-04-02	South America / Brazil / Sao Paulo / Sao Paulo
EPI_ISL_1465191	2021-02-23	2021-04-02	South America / Brazil / Maranhao / Sao Luis
EPI_ISL_1465194	2021-02-20	2021-04-02	South America / Brazil / Maranhao / Santa Ines
EPI_ISL_1465195	2021-02-19	2021-04-02	South America / Brazil / Maranhao / Sao Jose de Ribamar
EPI_ISL_1465199	2021-02-12	2021-04-02	South America / Brazil / Maranhao / Sao Jose de Ribamar
EPI_ISL_1465189	2021-02-23	2021-04-02	South America / Brazil / Maranhao / Sao Luis
EPI_ISL_1465188	2021-02-24	2021-04-02	South America / Brazil / Maranhao / Sao Luis
EPI_ISL_1465203	2021-02-09	2021-04-02	South America / Brazil / Maranhao / Sao Luis
EPI_ISL_1465212	2021-02-05	2021-04-02	South America / Brazil / Maranhao / Sao Luis
EPI_ISL_1465216	2021-02-01	2021-04-02	South America / Brazil / Maranhao / Sao Luis
EPI_ISL_1465217	2021-01-30	2021-04-02	South America / Brazil / Maranhao / Sao Luis
EPI_ISL_1465221	2021-01-19	2021-04-02	South America / Brazil / Maranhao / Sao Luis
EPI_ISL_1468424	2021-02-22	2021-04-03	South America / Brazil / Sao Paulo / Aracatuba
EPI_ISL_1468428	2021-01-31	2021-04-03	South America / Brazil / Sao Paulo / Taquaritinga
EPI_ISL_1468426	2021-02-18	2021-04-03	South America / Brazil / Sao Paulo / Matao
EPI_ISL_1468425	2021-02-16	2021-04-03	South America / Brazil / Sao Paulo / Birigui
EPI_ISL_1468429	2021-02-23	2021-04-03	South America / Brazil / Sao Paulo / Matao
EPI_ISL_1468417	2021-02-02	2021-04-03	South America / Brazil / Sao Paulo / Aracatuba
EPI_ISL_1468416	2021-02-22	2021-04-03	South America / Brazil / Sao Paulo / Andradina
EPI_ISL_1468415	2021-03-16	2021-04-03	South America / Brazil / Goias / Goiania
EPI_ISL_1468414	2021-03-16	2021-04-03	South America / Brazil / Goias / Goiania
EPI_ISL_1468419	2021-02-24	2021-04-03	South America / Brazil / Sao Paulo / Aracatuba
EPI_ISL_1468418	2021-01-11	2021-04-03	South America / Brazil / Sao Paulo / Birigui
EPI_ISL_943970	2021-01-25	2021-02-07	South America / Brazil / Roraima
EPI_ISL_2345630	2021-03-21	2021-05-30	South America / Brazil / Sao Paulo
EPI_ISL_1261687	2021-02-15	2021-03-16	South America / Brazil / Roraima
EPI_ISL_1261685	2021-01-20	2021-03-16	South America / Brazil / Amazonas
EPI_ISL_1261690	2021-01-11	2021-03-16	South America / Brazil / Amazonas
EPI_ISL_1261692	2021-02-08	2021-03-16	South America / Brazil / Amapa
EPI_ISL_1967066	2021-04-08	2021-05-08	South America / Brazil / Sao Paulo
EPI_ISL_1967226	2021-04-19	2021-05-08	South America / Brazil / Sao Paulo
EPI_ISL_1261694	2021-01-12	2021-03-16	South America / Brazil / Amazonas
EPI_ISL_1966460	2021-03-31	2021-05-08	South America / Brazil / Sao Paulo
EPI_ISL_1966703	2021-04-05	2021-05-08	South America / Brazil / Sao Paulo
EPI_ISL_1966756	2021-04-12	2021-05-08	South America / Brazil / Sao Paulo
EPI_ISL_1966896	2021-04-09	2021-05-08	South America / Brazil / Sao Paulo
EPI_ISL_1966479	2021-03-29	2021-05-08	South America / Brazil / Sao Paulo
EPI_ISL_1967071	2021-04-04	2021-05-08	South America / Brazil / Sao Paulo
EPI_ISL_1966671	2021-04-09	2021-05-08	South America / Brazil / Sao Paulo
EPI_ISL_1966290	2021-03-22	2021-05-08	South America / Brazil / Sao Paulo
EPI_ISL_1966171	2021-03-09	2021-05-08	South America / Brazil / Sao Paulo
EPI_ISL_1966301	2021-03-22	2021-05-08	South America / Brazil / Sao Paulo
EPI_ISL_1966244	2021-03-16	2021-05-08	South America / Brazil / Sao Paulo
EPI_ISL_1966323	2021-03-23	2021-05-08	South America / Brazil / Sao Paulo
EPI_ISL_1966332	2021-03-22	2021-05-08	South America / Brazil / Sao Paulo
EPI_ISL_1966328	2021-03-22	2021-05-08	South America / Brazil / Sao Paulo
EPI_ISL_1966207	2021-03-15	2021-05-08	South America / Brazil / Sao Paulo
EPI_ISL_1966218	2021-03-15	2021-05-08	South America / Brazil / Sao Paulo
EPI_ISL_1966343	2021-03-22	2021-05-08	South America / Brazil / Sao Paulo
EPI_ISL_1966232	2021-03-15	2021-05-08	South America / Brazil / Sao Paulo
EPI_ISL_1966376	2021-03-28	2021-05-08	South America / Brazil / Sao Paulo
EPI_ISL_1966361	2021-03-30	2021-05-08	South America / Brazil / Sao Paulo
EPI_ISL_1966375	2021-03-28	2021-05-08	South America / Brazil / Sao Paulo
EPI_ISL_1966384	2021-03-30	2021-05-08	South America / Brazil / Sao Paulo
EPI_ISL_1966247	2021-03-17	2021-05-08	South America / Brazil / Sao Paulo
EPI_ISL_1966151	2021-03-08	2021-05-08	South America / Brazil / Sao Paulo
EPI_ISL_1966154	2021-03-10	2021-05-08	South America / Brazil / Sao Paulo
EPI_ISL_1966064	2021-02-27	2021-05-08	South America / Brazil / Sao Paulo
EPI_ISL_1966080	2021-02-28	2021-05-08	South America / Brazil / Sao Paulo
EPI_ISL_1966086	2021-03-01	2021-05-08	South America / Brazil / Sao Paulo
EPI_ISL_1966288	2021-03-22	2021-05-08	South America / Brazil / Sao Paulo
EPI_ISL_1966289	2021-03-22	2021-05-08	South America / Brazil / Sao Paulo
EPI_ISL_1966166	2021-03-09	2021-05-08	South America / Brazil / Sao Paulo
EPI_ISL_1966187	2021-03-10	2021-05-08	South America / Brazil / Sao Paulo
EPI_ISL_1966175	2021-03-08	2021-05-08	South America / Brazil / Sao Paulo
EPI_ISL_1966206	2021-03-16	2021-05-08	South America / Brazil / Sao Paulo
EPI_ISL_1966142	2021-03-09	2021-05-08	South America / Brazil / Sao Paulo
EPI_ISL_1966114	2021-03-08	2021-05-08	South America / Brazil / Sao Paulo
EPI_ISL_1966426	2021-03-30	2021-05-08	South America / Brazil / Sao Paulo
EPI_ISL_1966431	2021-03-30	2021-05-08	South America / Brazil / Sao Paulo
EPI_ISL_1967289	2021-04-18	2021-05-08	South America / Brazil / Sao Paulo
EPI_ISL_1966919	2021-04-08	2021-05-08	South America / Brazil / Sao Paulo
EPI_ISL_1967004	2021-04-06	2021-05-08	South America / Brazil / Sao Paulo
EPI_ISL_1967165	2021-04-09	2021-05-08	South America / Brazil / Sao Paulo
EPI_ISL_1966524	2021-03-31	2021-05-08	South America / Brazil / Sao Paulo
EPI_ISL_1967171	2021-04-09	2021-05-08	South America / Brazil / Sao Paulo
EPI_ISL_1967030	2021-04-07	2021-05-08	South America / Brazil / Sao Paulo
EPI_ISL_1966866	2021-04-08	2021-05-08	South America / Brazil / Sao Paulo
EPI_ISL_2473703	2021-05-20	2021-06-10	South America / Brazil / Sao Paulo
EPI_ISL_1966895	2021-04-09	2021-05-08	South America / Brazil / Sao Paulo
EPI_ISL_1966776	2021-04-15	2021-05-08	South America / Brazil / Sao Paulo
EPI_ISL_1966786	2021-04-15	2021-05-08	South America / Brazil / Sao Paulo
EPI_ISL_1966920	2021-04-08	2021-05-08	South America / Brazil / Sao Paulo
EPI_ISL_1966809	2021-04-12	2021-05-08	South America / Brazil / Sao Paulo
EPI_ISL_1966736	2021-04-14	2021-05-08	South America / Brazil / Sao Paulo
EPI_ISL_1966509	2021-03-29	2021-05-08	South America / Brazil / Sao Paulo
EPI_ISL_1967064	2021-04-08	2021-05-08	South America / Brazil / Sao Paulo
EPI_ISL_1966723	2021-04-05	2021-05-08	South America / Brazil / Sao Paulo
EPI_ISL_1967085	2021-04-04	2021-05-08	South America / Brazil / Sao Paulo
EPI_ISL_1967308	2021-04-22	2021-05-08	South America / Brazil / Sao Paulo
EPI_ISL_1967300	2021-04-18	2021-05-08	South America / Brazil / Sao Paulo
EPI_ISL_1967236	2021-04-18	2021-05-08	South America / Brazil / Sao Paulo
EPI_ISL_1967118	2021-04-07	2021-05-08	South America / Brazil / Sao Paulo
EPI_ISL_1967019	2021-04-07	2021-05-08	South America / Brazil / Sao Paulo
EPI_ISL_1966847	2021-04-05	2021-05-08	South America / Brazil / Sao Paulo
EPI_ISL_1967022	2021-04-07	2021-05-08	South America / Brazil / Sao Paulo
EPI_ISL_1966627	2021-04-05	2021-05-08	South America / Brazil / Sao Paulo
EPI_ISL_1966687	2021-04-05	2021-05-08	South America / Brazil / Sao Paulo
EPI_ISL_1966663	2021-04-05	2021-05-08	South America / Brazil / Sao Paulo
EPI_ISL_1966693	2021-04-04	2021-05-08	South America / Brazil / Sao Paulo
EPI_ISL_1966583	2021-04-05	2021-05-08	South America / Brazil / Sao Paulo
EPI_ISL_1966482	2021-03-29	2021-05-08	South America / Brazil / Sao Paulo
EPI_ISL_1966586	2021-04-05	2021-05-08	South America / Brazil / Sao Paulo
EPI_ISL_1967092	2021-04-05	2021-05-08	South America / Brazil / Sao Paulo
EPI_ISL_1966778	2021-04-14	2021-05-08	South America / Brazil / Sao Paulo
EPI_ISL_1966528	2021-03-30	2021-05-08	South America / Brazil / Sao Paulo
EPI_ISL_1966592	2021-04-05	2021-05-08	South America / Brazil / Sao Paulo
EPI_ISL_1966481	2021-03-29	2021-05-08	South America / Brazil / Sao Paulo
EPI_ISL_1966702	2021-04-05	2021-05-08	South America / Brazil / Sao Paulo
EPI_ISL_1966947	2021-04-05	2021-05-08	South America / Brazil / Sao Paulo
EPI_ISL_2473719	2021-05-19	2021-06-10	South America / Brazil / Sao Paulo
EPI_ISL_2466239	2021-04-28	2021-06-10	South America / Brazil / Alagoas / Matriz De Camaragibe
EPI_ISL_2466238	2021-04-28	2021-06-10	South America / Brazil / Alagoas / Matriz De Camaragibe
EPI_ISL_2445363	2021-05-10	2021-06-08	South America / Brazil / Sao Paulo
EPI_ISL_2445154	2021-05-17	2021-06-08	South America / Brazil / Sao Paulo
EPI_ISL_2445070	2021-05-07	2021-06-08	South America / Brazil / Sao Paulo
EPI_ISL_2445178	2021-05-17	2021-06-08	South America / Brazil / Sao Paulo
EPI_ISL_2443622	2021-04-16	2021-06-07	South America / Brazil / Rio de Janeiro / Iguaba Grande
EPI_ISL_2308403	2021-02-26	2021-05-27	South America / Brazil / Sergipe / Aracaju
EPI_ISL_1064737	2021-01-04	2021-02-24	South America / Brazil / Amazonas / Manaus
EPI_ISL_2378681	2021-05-15	2021-06-02	South America / Brazil / Sao Paulo / Araraquara
EPI_ISL_1061005	2020-12-22	2021-02-23	South America / Brazil / Amazonas / Manaus
EPI_ISL_1061013	2021-01-05	2021-02-23	South America / Brazil / Amazonas / Manaus
EPI_ISL_1060915	2021-01-01	2021-02-23	South America / Brazil / Amazonas / Manaus
EPI_ISL_2376138	2021-04-22	2021-06-01	South America / Brazil / Rio Grande do Sul
EPI_ISL_2378680	2021-05-15	2021-06-02	South America / Brazil / Sao Paulo / Araraquara
EPI_ISL_2378738	2021-05-17	2021-06-02	South America / Brazil / Sao Paulo
EPI_ISL_2385649	2021-05-06	2021-06-03	South America / Brazil / Rio de Janeiro / Sapucaia
EPI_ISL_2385481	2021-04-30	2021-06-03	South America / Brazil / Rio de Janeiro / Italva
EPI_ISL_2385478	2021-04-30	2021-06-03	South America / Brazil / Rio de Janeiro / Italva
EPI_ISL_2008907	2021-04-27	2021-05-11	South America / Brazil / Sao Paulo / Sao Jose do Rio Preto
EPI_ISL_2008951	2021-04-19	2021-05-11	South America / Brazil / Sao Paulo / Sao Jose do Rio Preto
EPI_ISL_2008924	2021-04-27	2021-05-11	South America / Brazil / Sao Paulo / Sao Jose do Rio Preto
EPI_ISL_2008932	2021-04-27	2021-05-11	South America / Brazil / Sao Paulo / Sao Jose do Rio Preto
EPI_ISL_2008933	2021-04-27	2021-05-11	South America / Brazil / Sao Paulo / Sao Jose do Rio Preto
EPI_ISL_2008938	2021-02-27	2021-05-11	South America / Brazil / Sao Paulo / Sao Jose do Rio Preto
EPI_ISL_2344896	2021-04-21	2021-05-30	South America / Brazil / Sao Paulo
EPI_ISL_2345471	2021-03-23	2021-05-30	South America / Brazil / Sao Paulo
EPI_ISL_2345329	2021-03-21	2021-05-30	South America / Brazil / Sao Paulo
EPI_ISL_2344808	2021-04-20	2021-05-30	South America / Brazil / Sao Paulo
EPI_ISL_2274101	2021-03-09	2021-05-25	South America / Brazil / Rio de Janeiro / Rio de Janeiro
EPI_ISL_2274125	2021-04-01	2021-05-25	South America / Brazil / Rio Grande do Sul / Santa Cruz do Sul
EPI_ISL_2209499	2021-05-05	2021-05-21	South America / Brazil / Sao Paulo
EPI_ISL_2249371	2021-02-08	2021-05-25	South America / Brazil / Rio Grande do Sul / Canoas
EPI_ISL_2241320	2021-05-11	2021-05-24	South America / Brazil / Sao Paulo
EPI_ISL_2038927	2021-02-14	2021-05-12	South America / Brazil / Santa Catarina
EPI_ISL_2241318	2021-05-11	2021-05-24	South America / Brazil / Sao Paulo
EPI_ISL_2209931	2021-04-12	2021-05-21	South America / Brazil / Sao Paulo
EPI_ISL_2209836	2021-03-28	2021-05-21	South America / Brazil / Sao Paulo
EPI_ISL_2157425	2021-03-09	2021-05-19	South America / Brazil / Paraiba / Pedras de Fogo
EPI_ISL_2157534	2021-04-09	2021-05-19	South America / Brazil / Bahia / Feira de Santana
EPI_ISL_1715148	2021-03-29	2021-04-25	South America / Brazil / Sao Paulo / Morro Agudo
EPI_ISL_2086599	2021-03	2021-05-13	South America / Brazil / Rio Grande do Sul
EPI_ISL_2101537	2021-04-26	2021-05-15	South America / Brazil / Rio de Janeiro / Paty do Alferes
EPI_ISL_2101388	2021-04-26	2021-05-15	South America / Brazil / Rio de Janeiro / Paty do Alferes
EPI_ISL_2101599	2021-04-21	2021-05-15	South America / Brazil / Rio de Janeiro / Resende
EPI_ISL_1967198	2021-04-19	2021-05-08	South America / Brazil / Sao Paulo
EPI_ISL_1966935	2021-04-05	2021-05-08	South America / Brazil / Sao Paulo
EPI_ISL_1966406	2021-03-30	2021-05-08	South America / Brazil / Sao Paulo
EPI_ISL_1289959	2021-02-19	2021-03-18	South America / Brazil / Sao Paulo / Ribeirao Preto
EPI_ISL_2157510	2021-03-24	2021-05-19	South America / Brazil / Santa Catarina / Itaiopolis
EPI_ISL_2157506	2021-03-21	2021-05-19	South America / Brazil / Parana / Curitiba
EPI_ISL_2157507	2021-03-21	2021-05-19	South America / Brazil / Alagoas / Maceio
EPI_ISL_2157413	2021-03-04	2021-05-19	South America / Brazil / Parana / Florianopolis
EPI_ISL_2170963	2021-04-11	2021-05-20	South America / Brazil / Sao Paulo
EPI_ISL_2171000	2021-04-22	2021-05-20	South America / Brazil / Sao Paulo
EPI_ISL_2170990	2021-04-20	2021-05-20	South America / Brazil / Sao Paulo
EPI_ISL_2170938	2021-03-30	2021-05-20	South America / Brazil / Sao Paulo
EPI_ISL_2170910	2021-03-02	2021-05-20	South America / Brazil / Sao Paulo
EPI_ISL_1293067	2021-02-08	2021-03-19	South America / Brazil / Sao Paulo / Guapiara
EPI_ISL_1293055	2021-01-18	2021-03-19	South America / Brazil / Rondonia / Porto Velho
EPI_ISL_1293080	2021-02-01	2021-03-19	South America / Brazil / Sao Paulo / Porto Feliz
EPI_ISL_2187816	2021-02-24	2021-05-20	South America / Brazil / Goias / Aparecida de Goiania
EPI_ISL_2187915	2021-03-29	2021-05-20	South America / Brazil / Goias / Aparecida de Goiania
EPI_ISL_2187937	2021-04-01	2021-05-20	South America / Brazil / Goias / Aparecida de Goiania
EPI_ISL_2187945	2021-04-01	2021-05-20	South America / Brazil / Goias / Aparecida de Goiania
EPI_ISL_2187957	2021-04-07	2021-05-20	South America / Brazil / Goias / Aparecida de Goiania
EPI_ISL_2188004	2021-05-04	2021-05-20	South America / Brazil / Goias / Aparecida de Goiania
EPI_ISL_2187917	2021-03-30	2021-05-20	South America / Brazil / Goias / Aparecida de Goiania
EPI_ISL_2187970	2021-04-09	2021-05-20	South America / Brazil / Goias / Aparecida de Goiania
EPI_ISL_2187855	2021-03-08	2021-05-20	South America / Brazil / Goias / Aparecida de Goiania
EPI_ISL_2187733	2021-01-21	2021-05-20	South America / Brazil / Goias / Aparecida de Goiania
EPI_ISL_2187834	2021-03-02	2021-05-20	South America / Brazil / Goias / Aparecida de Goiania
EPI_ISL_2187963	2021-04-08	2021-05-20	South America / Brazil / Goias / Aparecida de Goiania
EPI_ISL_2187824	2021-02-21	2021-05-20	South America / Brazil / Goias / Aparecida de Goiania
EPI_ISL_2187815	2021-02-24	2021-05-20	South America / Brazil / Goias / Aparecida de Goiania
EPI_ISL_2187882	2021-03-15	2021-05-20	South America / Brazil / Goias / Aparecida de Goiania
EPI_ISL_2187993	2021-05-03	2021-05-20	South America / Brazil / Goias / Aparecida de Goiania
EPI_ISL_2187763	2021-02-04	2021-05-20	South America / Brazil / Goias / Aparecida de Goiania
EPI_ISL_2187757	2021-02-02	2021-05-20	South America / Brazil / Goias / Aparecida de Goiania
EPI_ISL_2187995	2021-05-03	2021-05-20	South America / Brazil / Goias / Aparecida de Goiania
EPI_ISL_2187741	2021-01-25	2021-05-20	South America / Brazil / Goias / Aparecida de Goiania
EPI_ISL_2187863	2021-03-08	2021-05-20	South America / Brazil / Goias / Aparecida de Goiania
EPI_ISL_1858623	2021-04-14	2021-05-04	South America / Brazil / Rio de Janeiro / Sao Francisco de Itabapoana
EPI_ISL_1858336	2021-04-08	2021-05-04	South America / Brazil / Rio de Janeiro / Sao Pedro da Aldeia
EPI_ISL_1858546	2021-04-10	2021-05-04	South America / Brazil / Rio de Janeiro / Vassouras
EPI_ISL_1858551	2021-04-10	2021-05-04	South America / Brazil / Rio de Janeiro / Vassouras
EPI_ISL_1858496	2021-04-12	2021-05-04	South America / Brazil / Rio de Janeiro / Santo Antonio de Padua
EPI_ISL_2209246	2021-04-12	2021-05-21	South America / Brazil / Sao Paulo
EPI_ISL_2209278	2021-04-11	2021-05-21	South America / Brazil / Sao Paulo
EPI_ISL_2209189	2021-04-26	2021-05-21	South America / Brazil / Sao Paulo
EPI_ISL_2209271	2021-04-09	2021-05-21	South America / Brazil / Sao Paulo
EPI_ISL_2209177	2021-04-22	2021-05-21	South America / Brazil / Sao Paulo
EPI_ISL_1795157	2021-03-21	2021-04-29	South America / Brazil / Sao Paulo / Jundiai
EPI_ISL_1795121	2021-03-22	2021-04-29	South America / Brazil / Sao Paulo / Cajobi
EPI_ISL_1795295	2021-03-22	2021-04-29	South America / Brazil / Sao Paulo / Mogi Guacu
EPI_ISL_2241321	2021-05-12	2021-05-24	South America / Brazil / Sao Paulo
EPI_ISL_1303539	2021-02-15	2021-03-21	South America / Brazil / Sao Paulo / Sao Paulo
EPI_ISL_1303503	2021-01-18	2021-03-21	South America / Brazil / Rondonia / Porto Velho
EPI_ISL_1303541	2021-02-15	2021-03-21	South America / Brazil / Sao Paulo / Sao Paulo
EPI_ISL_1303522	2021-02-12	2021-03-21	South America / Brazil / Sao Paulo / Votuporanga
EPI_ISL_1303512	2021-01-25	2021-03-21	South America / Brazil / Goias / Goiania
EPI_ISL_1303515	2021-01-13	2021-03-21	South America / Brazil / Goias / Britania
EPI_ISL_1303537	2021-02-15	2021-03-21	South America / Brazil / Sao Paulo / Sao Paulo
EPI_ISL_1303542	2021-02-15	2021-03-21	South America / Brazil / Sao Paulo / Cesario Lange
EPI_ISL_1716466	2021-02-22	2021-04-25	South America / Brazil / Goias / Nova Andradina
EPI_ISL_1716499	2021-02-10	2021-04-25	South America / Brazil / Goias / Davinopolis
EPI_ISL_1911964	2021-04-05	2021-05-05	South America / Brazil / Sao Paulo / Araraquara
EPI_ISL_1583675	2021-03-02	2021-04-14	South America / Brazil / Bahia
EPI_ISL_2274131	2021-04-12	2021-05-25	South America / Brazil / Rio Grande do Sul / Vale do Sol
EPI_ISL_2274133	2021-03-09	2021-05-25	South America / Brazil / Santa Catarina / Chapeco
EPI_ISL_2274069	2021-04-21	2021-05-25	South America / Brazil / Alagoas / Santana do Mundau
EPI_ISL_2139530	2021-03-10	2021-05-18	South America / Brazil / Rio Grande do Sul / Gravataí
EPI_ISL_2293013	2021-02-24	2021-05-27	South America / Brazil / Espirito Santo / Mimoso do Sul
EPI_ISL_2292998	2021-03-09	2021-05-27	South America / Brazil / Santa Catarina / Joinville
EPI_ISL_1358286	2021-02-24	2021-03-25	South America / Brazil / Sao Paulo / Sao Paulo
EPI_ISL_2295437	2021-05-12	2021-05-27	South America / Brazil / Sao Paulo / Porto Ferreira
EPI_ISL_2298839	2021-02-24	2021-05-27	South America / Brazil / Maranhao / Sao Luis
EPI_ISL_2308457	2021-02-27	2021-05-27	South America / Brazil / Sergipe / Nossa Senhora do Socorro
EPI_ISL_2249401	2021-01-18	2021-05-25	South America / Brazil / Santa Catarina / Joinville
EPI_ISL_2248788	2021-02-22	2021-05-24	South America / Brazil / Ceara / Fortaleza
EPI_ISL_2248781	2021-01-14	2021-05-24	South America / Brazil / Acre / Cruzeiro do Sul
EPI_ISL_2139500	2021-03-10	2021-05-18	South America / Brazil / Rio Grande do Sul / Gravataí
EPI_ISL_2241604	2021-02-22	2021-05-24	South America / Brazil / Sergipe / Aracaju
EPI_ISL_1358287	2021-03-07	2021-03-25	South America / Brazil / Sao Paulo / Sao Paulo
EPI_ISL_1358285	2021-02-24	2021-03-25	South America / Brazil / Sao Paulo / Sao Paulo
EPI_ISL_1358320	2021-02-26	2021-03-25	South America / Brazil / Sao Paulo / Sao Paulo
EPI_ISL_1358300	2021-02-22	2021-03-25	South America / Brazil / Tocantins / Gurupi
EPI_ISL_1358292	2021-02-12	2021-03-25	South America / Brazil / Sao Paulo / Diadema
EPI_ISL_1358321	2021-02-16	2021-03-25	South America / Brazil / Sao Paulo / Diadema
EPI_ISL_1381056	2021-02-11	2021-03-28	South America / Brazil / Sao Paulo / Maua
EPI_ISL_1381047	2021-02-10	2021-03-28	South America / Brazil / Sao Paulo / Diadema
EPI_ISL_1381057	2021-02-11	2021-03-28	South America / Brazil / Sao Paulo / Rio Grande da Serra
EPI_ISL_2139506	2021-03-09	2021-05-18	South America / Brazil / Rio Grande do Sul / Novo Hamburgo
EPI_ISL_2222894	2021-03-15	2021-05-21	South America / Brazil / Goias / Aparecida de Goiania
EPI_ISL_2139541	2021-03-09	2021-05-18	South America / Brazil / Rio Grande do Sul / Porto Alegre
EPI_ISL_2139527	2021-03-17	2021-05-18	South America / Brazil / Rio Grande do Sul / Santa Maria
EPI_ISL_2378660	2021-05-10	2021-06-02	South America / Brazil / Sao Paulo / Porto Ferreira
EPI_ISL_2378664	2021-05-12	2021-06-02	South America / Brazil / Sao Paulo / Descalvado
EPI_ISL_1445132	2021-03-08	2021-04-01	South America / Brazil / Sao Paulo / Jundiai
EPI_ISL_1445274	2021-02-26	2021-04-01	South America / Brazil / Sao Paulo / Peruibe
EPI_ISL_1445178	2021-03-09	2021-04-01	South America / Brazil / Sao Paulo / Sorocaba
EPI_ISL_1445268	2021-02-24	2021-04-01	South America / Brazil / Sao Paulo / Bertioga
EPI_ISL_1445170	2021-03-09	2021-04-01	South America / Brazil / Sao Paulo / Sao Vicente
EPI_ISL_1445181	2021-03-10	2021-04-01	South America / Brazil / Sao Paulo / Itapetininga
EPI_ISL_1445158	2021-03-09	2021-04-01	South America / Brazil / Sao Paulo / Sao Vicente
EPI_ISL_1445148	2021-03-08	2021-04-01	South America / Brazil / Sao Paulo / Olimpia
EPI_ISL_1445246	2021-02-26	2021-04-01	South America / Brazil / Sao Paulo / Santos
EPI_ISL_1445214	2021-03-15	2021-04-01	South America / Brazil / Sao Paulo / Osasco
EPI_ISL_1445188	2021-03-14	2021-04-01	South America / Brazil / Sao Paulo / Campinas
EPI_ISL_1445167	2021-03-05	2021-04-01	South America / Brazil / Sao Paulo / Guaruja
EPI_ISL_1445193	2021-03-14	2021-04-01	South America / Brazil / Sao Paulo / Campinas
EPI_ISL_1445133	2021-03-09	2021-04-01	South America / Brazil / Sao Paulo / Sorocaba
EPI_ISL_1445160	2021-03-09	2021-04-01	South America / Brazil / Sao Paulo / Sao Vicente
EPI_ISL_1445159	2021-03-09	2021-04-01	South America / Brazil / Sao Paulo / Guaruja
EPI_ISL_1445152	2021-03-08	2021-04-01	South America / Brazil / Sao Paulo / Olimpia
EPI_ISL_1445096	2021-03-08	2021-04-01	South America / Brazil / Sao Paulo / Campinas
EPI_ISL_1445088	2021-02-28	2021-04-01	South America / Brazil / Sao Paulo / Sorocaba
EPI_ISL_1445101	2021-03-08	2021-04-01	South America / Brazil / Sao Paulo / Piracaia
EPI_ISL_1445098	2021-03-08	2021-04-01	South America / Brazil / Sao Paulo / Hortolandia
EPI_ISL_1445102	2021-03-08	2021-04-01	South America / Brazil / Sao Paulo / Campinas
EPI_ISL_1445210	2021-03-15	2021-04-01	South America / Brazil / Sao Paulo / Osasco
EPI_ISL_1445111	2021-03-08	2021-04-01	South America / Brazil / Sao Paulo / Campinas
EPI_ISL_1445151	2021-03-08	2021-04-01	South America / Brazil / Sao Paulo / Olimpia
EPI_ISL_1445223	2021-03-16	2021-04-01	South America / Brazil / Sao Paulo / Osasco
EPI_ISL_1445112	2021-03-08	2021-04-01	South America / Brazil / Sao Paulo / Campinas
EPI_ISL_1445142	2021-03-08	2021-04-01	South America / Brazil / Sao Paulo / Morro Agudo
EPI_ISL_1445066	2021-03-02	2021-04-01	South America / Brazil / Sao Paulo / Guariba
EPI_ISL_1445240	2021-02-26	2021-04-01	South America / Brazil / Sao Paulo / Santos
EPI_ISL_1445218	2021-03-16	2021-04-01	South America / Brazil / Sao Paulo / Osasco
EPI_ISL_1445215	2021-03-15	2021-04-01	South America / Brazil / Sao Paulo / Osasco
EPI_ISL_1445233	2021-02-27	2021-04-01	South America / Brazil / Sao Paulo / Bertioga
EPI_ISL_1445173	2021-03-09	2021-04-01	South America / Brazil / Sao Paulo / Ibiuna
EPI_ISL_1445206	2021-03-16	2021-04-01	South America / Brazil / Sao Paulo / Osasco
EPI_ISL_1445136	2021-03-09	2021-04-01	South America / Brazil / Sao Paulo / Ipero
EPI_ISL_1445135	2021-03-02	2021-04-01	South America / Brazil / Sao Paulo / Sorocaba
EPI_ISL_1445203	2021-03-15	2021-04-01	South America / Brazil / Sao Paulo / Praia Grande
EPI_ISL_1445120	2021-03-08	2021-04-01	South America / Brazil / Sao Paulo / Jaguariuna
EPI_ISL_1445097	2021-03-08	2021-04-01	South America / Brazil / Sao Paulo / Campinas
EPI_ISL_1445176	2021-03-09	2021-04-01	South America / Brazil / Sao Paulo / Sorocaba
EPI_ISL_1445084	2021-03-02	2021-04-01	South America / Brazil / Sao Paulo / Boituva
EPI_ISL_1445264	2021-02-27	2021-04-01	South America / Brazil / Sao Paulo / Peruibe
EPI_ISL_1445073	2021-03-02	2021-04-01	South America / Brazil / Sao Paulo / Sao Paulo
EPI_ISL_1445072	2021-03-02	2021-04-01	South America / Brazil / Sao Paulo / Pedreira
EPI_ISL_1445263	2021-02-26	2021-04-01	South America / Brazil / Sao Paulo / Bertioga
EPI_ISL_1445150	2021-03-08	2021-04-01	South America / Brazil / Sao Paulo / Olimpia
EPI_ISL_1464635	2021-03-13	2021-04-02	South America / Brazil / Sao Paulo / Sao Paulo
EPI_ISL_1464649	2021-03-10	2021-04-02	South America / Brazil / Sao Paulo / Sao Paulo
EPI_ISL_1464669	2021-03-02	2021-04-02	South America / Brazil / Sao Paulo / Sao Paulo
EPI_ISL_1465201	2021-02-12	2021-04-02	South America / Brazil / Maranhao / Sao Luis
EPI_ISL_1465198	2021-02-18	2021-04-02	South America / Brazil / Maranhao / Timon
EPI_ISL_1465209	2021-02-07	2021-04-02	South America / Brazil / Maranhao / Sao Luis
EPI_ISL_1465206	2021-02-07	2021-04-02	South America / Brazil / Maranhao / Imperatriz
EPI_ISL_1465219	2021-01-23	2021-04-02	South America / Brazil / Maranhao / Sao Luis
EPI_ISL_1465213	2021-02-04	2021-04-02	South America / Brazil / Maranhao / Sao Jose de Ribamar
EPI_ISL_1465196	2021-02-19	2021-04-02	South America / Brazil / Maranhao / Sao Luis
EPI_ISL_1465222	2021-01-18	2021-04-02	South America / Brazil / Maranhao / Caxias
EPI_ISL_1464671	2021-03-02	2021-04-02	South America / Brazil / Sao Paulo / Sao Paulo
EPI_ISL_1493577	2021-02-27	2021-04-06	South America / Brazil / Goias / Trindade
EPI_ISL_1494986	2021-02-27	2021-04-07	South America / Brazil / Minas Gerais / Belo Horizonte
EPI_ISL_1494994	2021-02-27	2021-04-07	South America / Brazil / Minas Gerais / Belo Horizonte
EPI_ISL_1494923	2021-02-23	2021-04-07	South America / Brazil / Sao Paulo / Ituverava
EPI_ISL_1495032	2021-02-25	2021-04-07	South America / Brazil / Minas Gerais / Belo Horizonte
EPI_ISL_1495022	2021-03-02	2021-04-07	South America / Brazil / Minas Gerais / Belo Horizonte
EPI_ISL_1495010	2021-03-03	2021-04-07	South America / Brazil / Minas Gerais / Belo Horizonte
EPI_ISL_1498380	2021-02-17	2021-04-07	South America / Brazil / Sao Paulo / Sao Paulo
EPI_ISL_1499105	2021-02-15	2021-04-07	South America / Brazil / Sao Paulo / Sao Paulo
EPI_ISL_1498916	2021-02-17	2021-04-07	South America / Brazil / Sao Paulo / Sao Paulo
EPI_ISL_1509720	2021-02-16	2021-04-08	South America / Brazil / Sao Paulo / Auriflama
EPI_ISL_1511643	2021-01-29	2021-04-08	South America / Brazil / Sao Paulo
EPI_ISL_1520123	2021-02-19	2021-04-09	South America / Brazil / Sao Paulo / Espirito Santo do Pinhal
EPI_ISL_1520108	2021-03-02	2021-04-09	South America / Brazil / Rondonia / Porto Velho
EPI_ISL_1533609	2021-02-09	2021-04-10	South America / Brazil / Amazonas / Manaus
EPI_ISL_1534015	2021-03-22	2021-04-10	South America / Brazil / Rio de Janeiro / Rio de Janeiro
EPI_ISL_1533993	2021-01-28	2021-04-10	South America / Brazil / Santa Catarina / Palhoca
EPI_ISL_1533712	2021-03-09	2021-04-10	South America / Brazil / Sao Paulo / Sao Paulo
EPI_ISL_1533720	2021-03-06	2021-04-10	South America / Brazil / Sao Paulo / Penapolis
EPI_ISL_1533716	2021-03-10	2021-04-10	South America / Brazil / Sao Paulo / Campo Limpo Paulista
EPI_ISL_1533695	2021-02-11	2021-04-10	South America / Brazil / Sao Paulo / Campinas
EPI_ISL_1534003	2021-02-23	2021-04-10	South America / Brazil / Santa Catarina / Lages
EPI_ISL_1534001	2021-02-19	2021-04-10	South America / Brazil / Parana / Londrina
EPI_ISL_1534016	2021-03-23	2021-04-10	South America / Brazil / Rio de Janeiro / Rio de Janeiro
EPI_ISL_2086611	2021-04	2021-05-13	South America / Brazil / Rio Grande do Sul
EPI_ISL_2086605	2021-03	2021-05-13	South America / Brazil / Rio Grande do Sul
EPI_ISL_2086767	2021-04	2021-05-13	South America / Brazil / Rio Grande do Sul
EPI_ISL_2086622	2021-04	2021-05-13	South America / Brazil / Rio Grande do Sul
EPI_ISL_2086592	2021-02	2021-05-13	South America / Brazil / Rio Grande do Sul
EPI_ISL_2086588	2021-02	2021-05-13	South America / Brazil / Rio Grande do Sul
EPI_ISL_2086766	2021-04	2021-05-13	South America / Brazil / Rio Grande do Sul
EPI_ISL_2086613	2021-04	2021-05-13	South America / Brazil / Rio Grande do Sul
EPI_ISL_2086764	2021-02	2021-05-13	South America / Brazil / Rio Grande do Sul
EPI_ISL_1583719	2021-02-23	2021-04-14	South America / Brazil / Bahia
EPI_ISL_1583700	2021-02-12	2021-04-14	South America / Brazil / Bahia
EPI_ISL_1583677	2021-02-06	2021-04-14	South America / Brazil / Bahia
EPI_ISL_1583681	2021-03-02	2021-04-14	South America / Brazil / Bahia
EPI_ISL_1583676	2021-03-05	2021-04-14	South America / Brazil / Bahia
EPI_ISL_1583656	2021-02-05	2021-04-14	South America / Brazil / Bahia
EPI_ISL_1583722	2021-02-23	2021-04-14	South America / Brazil / Bahia
EPI_ISL_1583730	2021-03-05	2021-04-14	South America / Brazil / Bahia
EPI_ISL_1583665	2021-02-12	2021-04-14	South America / Brazil / Bahia
EPI_ISL_1583673	2021-03-03	2021-04-14	South America / Brazil / Bahia
EPI_ISL_1583697	2021-02-23	2021-04-14	South America / Brazil / Bahia
EPI_ISL_1583694	2021-03-12	2021-04-14	South America / Brazil / Bahia
EPI_ISL_2086608	2021-03	2021-05-13	South America / Brazil / Rio Grande do Sul
EPI_ISL_2086600	2021-03	2021-05-13	South America / Brazil / Rio Grande do Sul
EPI_ISL_2086614	2021-04	2021-05-13	South America / Brazil / Rio Grande do Sul
EPI_ISL_2086587	2021-02	2021-05-13	South America / Brazil / Rio Grande do Sul
EPI_ISL_2086597	2021-03	2021-05-13	South America / Brazil / Rio Grande do Sul
EPI_ISL_1592229	2021-03-02	2021-04-15	South America / Brazil / Amazonas / Manaus
EPI_ISL_1592227	2021-03-02	2021-04-15	South America / Brazil / Amazonas / Manaus
EPI_ISL_1592230	2021-01-11	2021-04-15	South America / Brazil / Rio de Janeiro / Campos dos Goytacazes
EPI_ISL_2345424	2021-03-21	2021-05-30	South America / Brazil / Sao Paulo
EPI_ISL_1966704	2021-04-05	2021-05-08	South America / Brazil / Sao Paulo
EPI_ISL_1966398	2021-03-29	2021-05-08	South America / Brazil / Sao Paulo
EPI_ISL_1213185	2021-01-28	2021-03-11	South America / Brazil / Rio Grande do Norte / Natal
EPI_ISL_2139502	2021-03-10	2021-05-18	South America / Brazil / Rio Grande do Sul / Porto Alegre
EPI_ISL_2139507	2021-03-11	2021-05-18	South America / Brazil / Rio Grande do Sul / Porto Alegre
EPI_ISL_2139538	2021-03-15	2021-05-18	South America / Brazil / Rio Grande do Sul / Cachoeira do Sul
EPI_ISL_2107294	2021-04-27	2021-05-16	South America / Brazil / Sao Paulo / Sao Jose do Rio Preto
EPI_ISL_1465192	2021-02-22	2021-04-02	South America / Brazil / Maranhao / Miranda do Norte
EPI_ISL_1966173	2021-03-09	2021-05-08	South America / Brazil / Sao Paulo
EPI_ISL_1966293	2021-03-22	2021-05-08	South America / Brazil / Sao Paulo
EPI_ISL_1966291	2021-03-22	2021-05-08	South America / Brazil / Sao Paulo
EPI_ISL_1966292	2021-03-22	2021-05-08	South America / Brazil / Sao Paulo
EPI_ISL_1966418	2021-03-29	2021-05-08	South America / Brazil / Sao Paulo
EPI_ISL_1966317	2021-03-22	2021-05-08	South America / Brazil / Sao Paulo
EPI_ISL_1966315	2021-03-22	2021-05-08	South America / Brazil / Sao Paulo
EPI_ISL_2345314	2021-03-22	2021-05-30	South America / Brazil / Sao Paulo
EPI_ISL_2345216	2021-04-27	2021-05-30	South America / Brazil / Sao Paulo
EPI_ISL_2345217	2021-04-27	2021-05-30	South America / Brazil / Sao Paulo
EPI_ISL_2345405	2021-03-21	2021-05-30	South America / Brazil / Sao Paulo
EPI_ISL_2345345	2021-03-21	2021-05-30	South America / Brazil / Sao Paulo
EPI_ISL_2345344	2021-03-21	2021-05-30	South America / Brazil / Sao Paulo
EPI_ISL_2345341	2021-03-22	2021-05-30	South America / Brazil / Sao Paulo
EPI_ISL_2345199	2021-04-27	2021-05-30	South America / Brazil / Sao Paulo
EPI_ISL_2345189	2021-04-26	2021-05-30	South America / Brazil / Sao Paulo
EPI_ISL_2345276	2021-04-27	2021-05-30	South America / Brazil / Sao Paulo
EPI_ISL_2345174	2021-04-26	2021-05-30	South America / Brazil / Sao Paulo
EPI_ISL_2345070	2021-04-25	2021-05-30	South America / Brazil / Sao Paulo
EPI_ISL_2344884	2021-04-19	2021-05-30	South America / Brazil / Sao Paulo
EPI_ISL_2344928	2021-04-21	2021-05-30	South America / Brazil / Sao Paulo
EPI_ISL_2345103	2021-04-25	2021-05-30	South America / Brazil / Sao Paulo
EPI_ISL_2344915	2021-04-22	2021-05-30	South America / Brazil / Sao Paulo
EPI_ISL_2344777	2021-04-19	2021-05-30	South America / Brazil / Sao Paulo
EPI_ISL_2344852	2021-04-21	2021-05-30	South America / Brazil / Sao Paulo
EPI_ISL_2344850	2021-04-20	2021-05-30	South America / Brazil / Sao Paulo
EPI_ISL_2344859	2021-04-21	2021-05-30	South America / Brazil / Sao Paulo
EPI_ISL_2345584	2021-03-23	2021-05-30	South America / Brazil / Sao Paulo
EPI_ISL_2344862	2021-04-20	2021-05-30	South America / Brazil / Sao Paulo
EPI_ISL_2344820	2021-04-20	2021-05-30	South America / Brazil / Sao Paulo
EPI_ISL_2344700	2021-04-06	2021-05-30	South America / Brazil / Sao Paulo
EPI_ISL_2344845	2021-04-20	2021-05-30	South America / Brazil / Sao Paulo
EPI_ISL_2344694	2021-03-31	2021-05-30	South America / Brazil / Sao Paulo
EPI_ISL_2344724	2021-04-16	2021-05-30	South America / Brazil / Sao Paulo
EPI_ISL_2344569	2021-04-12	2021-05-30	South America / Brazil / Sao Paulo
EPI_ISL_2345509	2021-03-24	2021-05-30	South America / Brazil / Sao Paulo
EPI_ISL_2345859	2021-04-28	2021-05-30	South America / Brazil / Sao Paulo
EPI_ISL_2346009	2021-04-07	2021-05-30	South America / Brazil / Sao Paulo
EPI_ISL_2345994	2021-04-06	2021-05-30	South America / Brazil / Sao Paulo
EPI_ISL_2346042	2021-04-06	2021-05-30	South America / Brazil / Sao Paulo
EPI_ISL_2345722	2021-04-30	2021-05-30	South America / Brazil / Sao Paulo
EPI_ISL_2345638	2021-03-22	2021-05-30	South America / Brazil / Sao Paulo
EPI_ISL_2345523	2021-03-22	2021-05-30	South America / Brazil / Sao Paulo
EPI_ISL_2345557	2021-03-22	2021-05-30	South America / Brazil / Sao Paulo
EPI_ISL_2345563	2021-03-23	2021-05-30	South America / Brazil / Sao Paulo
EPI_ISL_2345695	2021-04-27	2021-05-30	South America / Brazil / Sao Paulo
EPI_ISL_2345464	2021-03-23	2021-05-30	South America / Brazil / Sao Paulo
EPI_ISL_2345474	2021-03-23	2021-05-30	South America / Brazil / Sao Paulo
EPI_ISL_1967207	2021-04-20	2021-05-08	South America / Brazil / Sao Paulo
EPI_ISL_1967101	2021-04-07	2021-05-08	South America / Brazil / Sao Paulo
EPI_ISL_1608169	2021-02-20	2021-04-15	South America / Brazil / Bahia / Salvador
EPI_ISL_1608162	2021-02-06	2021-04-15	South America / Brazil / Bahia / Salvador
EPI_ISL_1608171	2021-02-21	2021-04-15	South America / Brazil / Bahia / Salvador
EPI_ISL_1608165	2021-02-08	2021-04-15	South America / Brazil / Bahia / Salvador
EPI_ISL_1608163	2021-02-10	2021-04-15	South America / Brazil / Bahia / Salvador
EPI_ISL_1620638	2021-03-23	2021-04-16	South America / Brazil / Sao Paulo
EPI_ISL_1620639	2021-03-22	2021-04-16	South America / Brazil / Sao Paulo
EPI_ISL_2362249	2021-04-14	2021-05-31	South America / Brazil / Sao Paulo
EPI_ISL_1625987	2021-02-20	2021-04-16	South America / Brazil / Sao Paulo / Rio Claro
EPI_ISL_1625986	2021-02-18	2021-04-16	South America / Brazil / Sao Paulo / Rio Claro
EPI_ISL_1625989	2021-02-21	2021-04-16	South America / Brazil / Sao Paulo / Limeira
EPI_ISL_1625991	2021-02-23	2021-04-16	South America / Brazil / Sao Paulo / Aguas de Sao Pedro
EPI_ISL_1625998	2021-02-25	2021-04-16	South America / Brazil / Sao Paulo / Rio Claro
EPI_ISL_1625997	2021-02-25	2021-04-16	South America / Brazil / Sao Paulo / Rio Claro
EPI_ISL_1625993	2021-02-26	2021-04-16	South America / Brazil / Sao Paulo / Leme
EPI_ISL_1626003	2021-02-28	2021-04-16	South America / Brazil / Sao Paulo / Rio Claro
EPI_ISL_1626004	2021-02-28	2021-04-16	South America / Brazil / Sao Paulo / Rio Claro
EPI_ISL_1626001	2021-02-28	2021-04-16	South America / Brazil / Sao Paulo / Rio Claro
EPI_ISL_1626006	2021-02-27	2021-04-16	South America / Brazil / Sao Paulo / Rio Claro
EPI_ISL_1626002	2021-02-28	2021-04-16	South America / Brazil / Sao Paulo / Rio Claro
EPI_ISL_1625988	2021-02-20	2021-04-16	South America / Brazil / Sao Paulo / Rio Claro
EPI_ISL_1966170	2021-03-09	2021-05-08	South America / Brazil / Sao Paulo
EPI_ISL_1966300	2021-03-22	2021-05-08	South America / Brazil / Sao Paulo
EPI_ISL_1628379	2021-03-08	2021-04-17	South America / Brazil / Sao Paulo / Robeirao Preto
EPI_ISL_1628360	2021-03-17	2021-04-17	South America / Brazil / Sao Paulo / Pariquera-Acu
EPI_ISL_1628374	2021-03-05	2021-04-17	South America / Brazil / Sao Paulo / Cravinhos
EPI_ISL_1628368	2021-03-16	2021-04-17	South America / Brazil / Sao Paulo / Pradopolis
EPI_ISL_1628380	2021-03-19	2021-04-17	South America / Brazil / Sao Paulo / Ibitinga
EPI_ISL_1628344	2021-03-14	2021-04-17	South America / Brazil / Sao Paulo / Sao Paulo
EPI_ISL_1628359	2021-03-15	2021-04-17	South America / Brazil / Sao Paulo / Sao Joao da Boa Vista
EPI_ISL_1628358	2021-03-17	2021-04-17	South America / Brazil / Sao Paulo / Cajati
EPI_ISL_1628356	2021-03-17	2021-04-17	South America / Brazil / Sao Paulo / Cajati
EPI_ISL_1628348	2021-03-12	2021-04-17	South America / Brazil / Sao Paulo / Registro
EPI_ISL_1628377	2021-03-09	2021-04-17	South America / Brazil / Sao Paulo / Ibitinga
EPI_ISL_1628363	2021-03-11	2021-04-17	South America / Brazil / Goias / Aparecida de Goiania
EPI_ISL_1628369	2021-03-10	2021-04-17	South America / Brazil / Sao Paulo / Robeirao Preto
EPI_ISL_1628351	2021-03-13	2021-04-17	South America / Brazil / Sao Paulo / Registro
EPI_ISL_1628375	2021-03-18	2021-04-17	South America / Brazil / Sao Paulo / Guariba
EPI_ISL_1628357	2021-03-17	2021-04-17	South America / Brazil / Sao Paulo / Cajati
EPI_ISL_1628352	2021-03-13	2021-04-17	South America / Brazil / Sao Paulo / Registro
EPI_ISL_1628350	2021-03-13	2021-04-17	South America / Brazil / Sao Paulo / Jacupiranga
EPI_ISL_1628353	2021-03-13	2021-04-17	South America / Brazil / Sao Paulo / Registro
EPI_ISL_2385452	2021-04-29	2021-06-03	South America / Brazil / Rio de Janeiro / Petropolis
EPI_ISL_2385483	2021-04-30	2021-06-03	South America / Brazil / Rio de Janeiro / Bom Jardim
EPI_ISL_2385490	2021-05-01	2021-06-03	South America / Brazil / Rio de Janeiro / Macae
EPI_ISL_2385509	2021-05-03	2021-06-03	South America / Brazil / Rio de Janeiro / Aperibe
EPI_ISL_1966215	2021-03-15	2021-05-08	South America / Brazil / Sao Paulo
EPI_ISL_1652237	2021-03-20	2021-04-20	South America / Brazil / Sao Paulo
EPI_ISL_1068281	2021-01-06	2021-02-25	South America / Brazil / Amazonas / Manaus
EPI_ISL_1068198	2020-12-24	2021-02-25	South America / Brazil / Amazonas / Manaus
EPI_ISL_1068290	2021-01-05	2021-02-25	South America / Brazil / Amazonas / Tabatinga
EPI_ISL_1664179	2021-03-27	2021-04-21	South America / Brazil / Rio de Janeiro / Volta Redonda
EPI_ISL_1664170	2021-03-25	2021-04-21	South America / Brazil / Rio de Janeiro / Conceicao de Macabu
EPI_ISL_1664187	2021-03-27	2021-04-21	South America / Brazil / Rio de Janeiro / Duas Barras
EPI_ISL_1664157	2021-03-24	2021-04-21	South America / Brazil / Rio de Janeiro / Petropolis
EPI_ISL_1664129	2021-03-26	2021-04-21	South America / Brazil / Rio de Janeiro / Volta Redonda
EPI_ISL_1664123	2021-03-26	2021-04-21	South America / Brazil / Rio de Janeiro / Rio das Ostras
EPI_ISL_1664202	2021-03-27	2021-04-21	South America / Brazil / Rio de Janeiro / Sao Pedro da Aldeia
EPI_ISL_1664194	2021-03-27	2021-04-21	South America / Brazil / Rio de Janeiro / Paraiba do Sul
EPI_ISL_1664117	2021-03-24	2021-04-21	South America / Brazil / Rio de Janeiro / Petropolis
EPI_ISL_1664197	2021-03-27	2021-04-21	South America / Brazil / Rio de Janeiro / Sao Pedro da Aldeia
EPI_ISL_1664195	2021-03-27	2021-04-21	South America / Brazil / Rio de Janeiro / Paraiba do Sul
EPI_ISL_1664118	2021-03-24	2021-04-21	South America / Brazil / Rio de Janeiro / Petropolis
EPI_ISL_1664181	2021-03-26	2021-04-21	South America / Brazil / Rio de Janeiro / Mangaratiba
EPI_ISL_1664186	2021-03-28	2021-04-21	South America / Brazil / Rio de Janeiro / Sao Francisco de Itabapoana
EPI_ISL_1664167	2021-03-25	2021-04-21	South America / Brazil / Rio de Janeiro / Conceicao de Macabu
EPI_ISL_1664176	2021-03-26	2021-04-21	South America / Brazil / Rio de Janeiro / Volta Redonda
EPI_ISL_1664166	2021-03-25	2021-04-21	South America / Brazil / Rio de Janeiro / Conceicao de Macabu
EPI_ISL_1664160	2021-03-26	2021-04-21	South America / Brazil / Rio de Janeiro / Paty do Alferes
EPI_ISL_1664164	2021-03-25	2021-04-21	South America / Brazil / Rio de Janeiro / Conceicao de Macabu
EPI_ISL_1664165	2021-03-25	2021-04-21	South America / Brazil / Rio de Janeiro / Conceicao de Macabu
EPI_ISL_1664158	2021-03-26	2021-04-21	South America / Brazil / Rio de Janeiro / Paty do Alferes
EPI_ISL_1664141	2021-03-26	2021-04-21	South America / Brazil / Rio de Janeiro / Resende
EPI_ISL_1664152	2021-03-24	2021-04-21	South America / Brazil / Rio de Janeiro / Petropolis
EPI_ISL_1664140	2021-03-26	2021-04-21	South America / Brazil / Rio de Janeiro / Resende
EPI_ISL_1664148	2021-03-26	2021-04-21	South America / Brazil / Rio de Janeiro / Resende
EPI_ISL_1664130	2021-03-26	2021-04-21	South America / Brazil / Rio de Janeiro / Volta Redonda
EPI_ISL_1664147	2021-03-26	2021-04-21	South America / Brazil / Rio de Janeiro / Resende
EPI_ISL_1664132	2021-03-26	2021-04-21	South America / Brazil / Rio de Janeiro / Volta Redonda
EPI_ISL_1664133	2021-03-26	2021-04-21	South America / Brazil / Rio de Janeiro / Volta Redonda
EPI_ISL_1664134	2021-03-26	2021-04-21	South America / Brazil / Rio de Janeiro / Volta Redonda
EPI_ISL_1664121	2021-03-24	2021-04-21	South America / Brazil / Rio de Janeiro / Petropolis
EPI_ISL_1086049	2021-01-11	2021-02-26	South America / Brazil / Sao Paulo / Jau
EPI_ISL_2431437	2021-02-19	2021-06-06	South America / Brazil / Rio Grande do Sul
EPI_ISL_2431843	2021-02-11	2021-06-06	South America / Brazil / Rio Grande do Sul
EPI_ISL_2431434	2021-03-08	2021-06-06	South America / Brazil / Rio Grande do Sul
EPI_ISL_1096125	2021-02-02	2021-02-28	South America / Brazil / Sao Paulo / Jau
EPI_ISL_2443064	2021-04-09	2021-06-07	South America / Brazil / Sao Paulo
EPI_ISL_2443592	2021-03-31	2021-06-07	South America / Brazil / Rio de Janeiro / Rio de Janeiro
EPI_ISL_2444173	2021-04-27	2021-06-08	South America / Brazil / Sao Paulo
EPI_ISL_2444192	2021-05-02	2021-06-08	South America / Brazil / Sao Paulo
EPI_ISL_2443540	2021-04-15	2021-06-07	South America / Brazil / Parana / Francisco Beltrao
EPI_ISL_2443558	2021-04-08	2021-06-07	South America / Brazil / Para / Augusto Correa
EPI_ISL_2443596	2021-04-12	2021-06-07	South America / Brazil / Rio de Janeiro / Rio de Janeiro
EPI_ISL_2443648	2021-04-24	2021-06-07	South America / Brazil / Rio de Janeiro / Iguaba Grande
EPI_ISL_2443656	2021-04-29	2021-06-07	South America / Brazil / Rio de Janeiro / Rio de Janeiro
EPI_ISL_2443694	2021-04-08	2021-06-07	South America / Brazil / Santa Catarina / Nova Trento
EPI_ISL_2445103	2021-05-11	2021-06-08	South America / Brazil / Sao Paulo
EPI_ISL_2445119	2021-05-17	2021-06-08	South America / Brazil / Sao Paulo
EPI_ISL_2445120	2021-05-17	2021-06-08	South America / Brazil / Sao Paulo
EPI_ISL_2445121	2021-05-17	2021-06-08	South America / Brazil / Sao Paulo
EPI_ISL_2445141	2021-05-17	2021-06-08	South America / Brazil / Sao Paulo
EPI_ISL_2445155	2021-05-17	2021-06-08	South America / Brazil / Sao Paulo
EPI_ISL_2445164	2021-05-17	2021-06-08	South America / Brazil / Sao Paulo
EPI_ISL_2445165	2021-05-17	2021-06-08	South America / Brazil / Sao Paulo
EPI_ISL_2445171	2021-05-17	2021-06-08	South America / Brazil / Sao Paulo
EPI_ISL_2445176	2021-05-17	2021-06-08	South America / Brazil / Sao Paulo
EPI_ISL_2445186	2021-05-17	2021-06-08	South America / Brazil / Sao Paulo
EPI_ISL_2445191	2021-05-17	2021-06-08	South America / Brazil / Sao Paulo
EPI_ISL_2445194	2021-05-17	2021-06-08	South America / Brazil / Sao Paulo
EPI_ISL_2445196	2021-05-17	2021-06-08	South America / Brazil / Sao Paulo
EPI_ISL_2445202	2021-05-19	2021-06-08	South America / Brazil / Sao Paulo
EPI_ISL_2445206	2021-05-19	2021-06-08	South America / Brazil / Sao Paulo
EPI_ISL_2445207	2021-05-19	2021-06-08	South America / Brazil / Sao Paulo
EPI_ISL_2445214	2021-05-19	2021-06-08	South America / Brazil / Sao Paulo
EPI_ISL_2445222	2021-05-09	2021-06-08	South America / Brazil / Sao Paulo
EPI_ISL_2445247	2021-05-10	2021-06-08	South America / Brazil / Sao Paulo
EPI_ISL_2445253	2021-05-10	2021-06-08	South America / Brazil / Sao Paulo
EPI_ISL_2445049	2021-05-10	2021-06-08	South America / Brazil / Sao Paulo
EPI_ISL_2445258	2021-05-10	2021-06-08	South America / Brazil / Sao Paulo
EPI_ISL_2445262	2021-05-10	2021-06-08	South America / Brazil / Sao Paulo
EPI_ISL_2445263	2021-05-10	2021-06-08	South America / Brazil / Sao Paulo
EPI_ISL_2445272	2021-05-10	2021-06-08	South America / Brazil / Sao Paulo
EPI_ISL_2445278	2021-05-10	2021-06-08	South America / Brazil / Sao Paulo
EPI_ISL_2445301	2021-05-10	2021-06-08	South America / Brazil / Sao Paulo
EPI_ISL_2445308	2021-05-10	2021-06-08	South America / Brazil / Sao Paulo
EPI_ISL_2445327	2021-05-09	2021-06-08	South America / Brazil / Sao Paulo
EPI_ISL_2445350	2021-05-10	2021-06-08	South America / Brazil / Sao Paulo
EPI_ISL_2445342	2021-05-10	2021-06-08	South America / Brazil / Sao Paulo
EPI_ISL_2445385	2021-05-11	2021-06-08	South America / Brazil / Sao Paulo
EPI_ISL_2445376	2021-05-11	2021-06-08	South America / Brazil / Sao Paulo
EPI_ISL_2445391	2021-05-11	2021-06-08	South America / Brazil / Sao Paulo
EPI_ISL_2445393	2021-05-09	2021-06-08	South America / Brazil / Sao Paulo
EPI_ISL_2445395	2021-05-09	2021-06-08	South America / Brazil / Sao Paulo
EPI_ISL_2445396	2021-05-09	2021-06-08	South America / Brazil / Sao Paulo
EPI_ISL_2445408	2021-05-09	2021-06-08	South America / Brazil / Sao Paulo
EPI_ISL_2445410	2021-05-09	2021-06-08	South America / Brazil / Sao Paulo
EPI_ISL_2445418	2021-05-10	2021-06-08	South America / Brazil / Sao Paulo
EPI_ISL_2445430	2021-05-10	2021-06-08	South America / Brazil / Sao Paulo
EPI_ISL_2445443	2021-05-10	2021-06-08	South America / Brazil / Sao Paulo
EPI_ISL_2445446	2021-05-10	2021-06-08	South America / Brazil / Sao Paulo
EPI_ISL_2445454	2021-05-10	2021-06-08	South America / Brazil / Sao Paulo
EPI_ISL_2445459	2021-05-10	2021-06-08	South America / Brazil / Sao Paulo
EPI_ISL_2445463	2021-05-11	2021-06-08	South America / Brazil / Sao Paulo
EPI_ISL_2445507	2021-05-10	2021-06-08	South America / Brazil / Sao Paulo
EPI_ISL_2445509	2021-05-10	2021-06-08	South America / Brazil / Sao Paulo
EPI_ISL_2445515	2021-05-12	2021-06-08	South America / Brazil / Sao Paulo
EPI_ISL_2445517	2021-05-12	2021-06-08	South America / Brazil / Sao Paulo
EPI_ISL_2445547	2021-05-12	2021-06-08	South America / Brazil / Sao Paulo
EPI_ISL_2445551	2021-05-14	2021-06-08	South America / Brazil / Sao Paulo
EPI_ISL_2445568	2021-05-11	2021-06-08	South America / Brazil / Sao Paulo
EPI_ISL_2445602	2021-05-13	2021-06-08	South America / Brazil / Sao Paulo
EPI_ISL_2445606	2021-05-13	2021-06-08	South America / Brazil / Sao Paulo
EPI_ISL_2445614	2021-05-14	2021-06-08	South America / Brazil / Sao Paulo
EPI_ISL_2445407	2021-05-10	2021-06-08	South America / Brazil / Sao Paulo
EPI_ISL_2445273	2021-05-10	2021-06-08	South America / Brazil / Sao Paulo
EPI_ISL_2445569	2021-05-11	2021-06-08	South America / Brazil / Sao Paulo
EPI_ISL_2445289	2021-05-10	2021-06-08	South America / Brazil / Sao Paulo
EPI_ISL_2462326	2021-05-25	2021-06-09	South America / Brazil / Sao Paulo
EPI_ISL_2466249	2021-04-23	2021-06-10	South America / Brazil / Alagoas / Barra De Sao Miguel
EPI_ISL_2473783	2021-05-10	2021-06-10	South America / Brazil / Sao Paulo
EPI_ISL_2473692	2021-05-10	2021-06-10	South America / Brazil / Sao Paulo
EPI_ISL_2473766	2021-05-18	2021-06-10	South America / Brazil / Sao Paulo
EPI_ISL_1966208	2021-03-15	2021-05-08	South America / Brazil / Sao Paulo
EPI_ISL_1966213	2021-03-16	2021-05-08	South America / Brazil / Sao Paulo
EPI_ISL_1592228	2021-03-02	2021-04-15	South America / Brazil / Amazonas / Manaus
EPI_ISL_1966245	2021-03-16	2021-05-08	South America / Brazil / Sao Paulo
EPI_ISL_1708317	2020-12-21	2021-04-23	South America / Brazil / Amazonas
EPI_ISL_1708318	2020-12-21	2021-04-23	South America / Brazil / Amazonas
EPI_ISL_1734868	2021-04-05	2021-04-26	South America / Brazil / Sao Paulo / Ribeirao Bonito
EPI_ISL_1734863	2021-04-05	2021-04-26	South America / Brazil / Sao Paulo / Ibitinga
EPI_ISL_1734866	2021-04-06	2021-04-26	South America / Brazil / Sao Paulo / Gaviao Peixoto
EPI_ISL_1734855	2021-04-05	2021-04-26	South America / Brazil / Sao Paulo / Trabiju
EPI_ISL_1715147	2021-03-31	2021-04-25	South America / Brazil / Sao Paulo / Aracatuba
EPI_ISL_1715146	2021-03-31	2021-04-25	South America / Brazil / Sao Paulo / Aracatuba
EPI_ISL_1715152	2021-04-02	2021-04-25	South America / Brazil / Sao Paulo / Sorocaba
EPI_ISL_1715140	2021-03-18	2021-04-25	South America / Brazil / Sao Paulo / Robeirao Preto
EPI_ISL_1715145	2021-03-10	2021-04-25	South America / Brazil / Sao Paulo / Bebedouro
EPI_ISL_1715143	2021-03-13	2021-04-25	South America / Brazil / Sao Paulo / Guariba
EPI_ISL_1715141	2021-03-07	2021-04-25	South America / Brazil / Sao Paulo / Ibitinga
EPI_ISL_1715157	2021-04-05	2021-04-25	South America / Brazil / Sao Paulo / Sao Miguel Arcanjo
EPI_ISL_1715159	2021-03-17	2021-04-25	South America / Brazil / Sao Paulo / Sao Paulo
EPI_ISL_1716441	2021-03-05	2021-04-25	South America / Brazil / Goias / Goiania
EPI_ISL_1716448	2021-03-04	2021-04-25	South America / Brazil / Goias / Goiania
EPI_ISL_1716425	2021-03-04	2021-04-25	South America / Brazil / Goias / Goiania
EPI_ISL_1716465	2021-02-12	2021-04-25	South America / Brazil / Goias / Catalao
EPI_ISL_1716458	2021-03-03	2021-04-25	South America / Brazil / Goias / Araguapaz
EPI_ISL_1716397	2021-03-04	2021-04-25	South America / Brazil / Goias / Goiania
EPI_ISL_1716495	2021-02-09	2021-04-25	South America / Brazil / Goias / Montes Claros de Goias
EPI_ISL_1716511	2021-02-16	2021-04-25	South America / Brazil / Goias / Monte Alegre de Goias
EPI_ISL_1716405	2021-03-04	2021-04-25	South America / Brazil / Goias / Goiania
EPI_ISL_1716408	2021-03-04	2021-04-25	South America / Brazil / Goias / Goiania
EPI_ISL_1716445	2021-03-05	2021-04-25	South America / Brazil / Goias / Goiania
EPI_ISL_1716421	2021-03-04	2021-04-25	South America / Brazil / Goias / Goiania
EPI_ISL_1716505	2021-02-12	2021-04-25	South America / Brazil / Goias / Jussara
EPI_ISL_1731596	2021-04-05	2021-04-26	South America / Brazil / Sao Paulo / Votarantim
EPI_ISL_1731599	2021-03-23	2021-04-26	South America / Brazil / Sao Paulo / Sao Paulo
EPI_ISL_1731597	2021-04-05	2021-04-26	South America / Brazil / Sao Paulo / Salto
EPI_ISL_1731594	2021-04-05	2021-04-26	South America / Brazil / Sao Paulo / Sao Roque
EPI_ISL_1731595	2021-04-05	2021-04-26	South America / Brazil / Sao Paulo / Sao Roque
EPI_ISL_1731592	2021-04-05	2021-04-26	South America / Brazil / Sao Paulo / Porto Feliz
EPI_ISL_1731612	2021-04-03	2021-04-26	South America / Brazil / Sao Paulo / Guaratingueta
EPI_ISL_1731601	2021-03-24	2021-04-26	South America / Brazil / Sao Paulo / Sao Paulo
EPI_ISL_1731602	2021-03-23	2021-04-26	South America / Brazil / Sao Paulo / Sao Paulo
EPI_ISL_1731577	2021-04-03	2021-04-26	South America / Brazil / Sao Paulo / Campinas
EPI_ISL_1731610	2021-04-03	2021-04-26	South America / Brazil / Sao Paulo / Cruzeiro
EPI_ISL_1731579	2021-03-31	2021-04-26	South America / Brazil / Sao Paulo / Mirandopolis
EPI_ISL_1731574	2021-03-16	2021-04-26	South America / Brazil / Sao Paulo / Ribeirao Preto
EPI_ISL_1731588	2021-04-02	2021-04-26	South America / Brazil / Sao Paulo / Sorocaba
EPI_ISL_1731581	2021-03-25	2021-04-26	South America / Brazil / Sao Paulo / Itapolis
EPI_ISL_1731584	2021-04-03	2021-04-26	South America / Brazil / Sao Paulo / Sorocaba
EPI_ISL_1731578	2021-04-01	2021-04-26	South America / Brazil / Sao Paulo / Birigui
EPI_ISL_1731575	2021-03-21	2021-04-26	South America / Brazil / Sao Paulo / Cajuru
EPI_ISL_1731608	2021-04-03	2021-04-26	South America / Brazil / Sao Paulo / Taubate
EPI_ISL_1731600	2021-03-23	2021-04-26	South America / Brazil / Sao Paulo / Sao Paulo
EPI_ISL_1731603	2021-03-25	2021-04-26	South America / Brazil / Sao Paulo / Sao Paulo
EPI_ISL_1731611	2021-04-03	2021-04-26	South America / Brazil / Sao Paulo / Cruzeiro
EPI_ISL_1731609	2021-04-03	2021-04-26	South America / Brazil / Sao Paulo / Taubate
EPI_ISL_1731590	2021-04-05	2021-04-26	South America / Brazil / Sao Paulo / Ipero
EPI_ISL_1731580	2021-03-31	2021-04-26	South America / Brazil / Sao Paulo / Birigui
EPI_ISL_1731589	2021-04-05	2021-04-26	South America / Brazil / Sao Paulo / Sao Miguel Arcanjo
EPI_ISL_1734881	2021-04-05	2021-04-26	South America / Brazil / Sao Paulo / Araraquara
EPI_ISL_1734884	2021-04-05	2021-04-26	South America / Brazil / Sao Paulo / Araraquara
EPI_ISL_1734877	2021-04-05	2021-04-26	South America / Brazil / Sao Paulo / Araraquara
EPI_ISL_1734874	2021-04-05	2021-04-26	South America / Brazil / Sao Paulo / Porto Ferreira
EPI_ISL_1734872	2021-04-05	2021-04-26	South America / Brazil / Sao Paulo / Porto Ferreira
EPI_ISL_1734869	2021-04-03	2021-04-26	South America / Brazil / Sao Paulo / Porto Ferreira
EPI_ISL_1734860	2021-04-05	2021-04-26	South America / Brazil / Sao Paulo / Ibitinga
EPI_ISL_1734858	2021-04-05	2021-04-26	South America / Brazil / Sao Paulo / Rincao
EPI_ISL_1734847	2021-04-01	2021-04-26	South America / Brazil / Sao Paulo / Nova Europa
EPI_ISL_1734846	2021-04-03	2021-04-26	South America / Brazil / Sao Paulo / Descalvado
EPI_ISL_1966325	2021-03-26	2021-05-08	South America / Brazil / Sao Paulo
EPI_ISL_1966308	2021-03-22	2021-05-08	South America / Brazil / Sao Paulo
EPI_ISL_1966098	2021-02-26	2021-05-08	South America / Brazil / Sao Paulo
EPI_ISL_1239013	2021-01-23	2021-03-13	South America / Brazil / Amazonas / Manaus
EPI_ISL_1752650	2021-03-17	2021-04-27	South America / Brazil / Sao Paulo / Sao Paulo
EPI_ISL_1752658	2021-03-18	2021-04-27	South America / Brazil / Sao Paulo / Sao Paulo
EPI_ISL_1752661	2021-03-18	2021-04-27	South America / Brazil / Sao Paulo / Sao Paulo
EPI_ISL_1752663	2021-03-18	2021-04-27	South America / Brazil / Sao Paulo / Sao Paulo
EPI_ISL_1752665	2021-03-19	2021-04-27	South America / Brazil / Sao Paulo / Sao Paulo
EPI_ISL_1752639	2021-04-05	2021-04-27	South America / Brazil / Sao Paulo / Itapeva
EPI_ISL_1752643	2021-04-05	2021-04-27	South America / Brazil / Sao Paulo / Aracoiaba da Serra
EPI_ISL_1752655	2021-03-18	2021-04-27	South America / Brazil / Sao Paulo / Sao Paulo
EPI_ISL_1752659	2021-03-19	2021-04-27	South America / Brazil / Sao Paulo / Sao Paulo
EPI_ISL_1752668	2021-03-23	2021-04-27	South America / Brazil / Sao Paulo / Sao Paulo
EPI_ISL_1752637	2021-03-24	2021-04-27	South America / Brazil / Sao Paulo / Bebedouro
EPI_ISL_1752641	2021-04-05	2021-04-27	South America / Brazil / Sao Paulo / Ipero
EPI_ISL_1752638	2021-04-05	2021-04-27	South America / Brazil / Sao Paulo / Votarantim
EPI_ISL_1752647	2021-04-05	2021-04-27	South America / Brazil / Sao Paulo / Votarantim
EPI_ISL_1754186	2021-03-11	2021-04-27	South America / Brazil / Sao Paulo / Sao Jose do Rio Preto
EPI_ISL_2488772	2021-01-26	2021-06-11	South America / Brazil / Roraima
EPI_ISL_1068258	2021-01-13	2021-02-25	South America / Brazil / Amazonas / Manaus
EPI_ISL_1786564	2021-03-05	2021-04-29	South America / Brazil / Sao Paulo / Santos
EPI_ISL_1786568	2021-03-05	2021-04-29	South America / Brazil / Sao Paulo / Santos
EPI_ISL_1786565	2021-03-06	2021-04-29	South America / Brazil / Sao Paulo / Santos
EPI_ISL_1786562	2021-03-05	2021-04-29	South America / Brazil / Sao Paulo / Santos
EPI_ISL_1786566	2021-03-05	2021-04-29	South America / Brazil / Sao Paulo / Santos
EPI_ISL_1795354	2021-03-21	2021-04-29	South America / Brazil / Sao Paulo / Pindamonhangaba
EPI_ISL_1795300	2021-03-22	2021-04-29	South America / Brazil / Sao Paulo / Tambau
EPI_ISL_1795211	2021-03-21	2021-04-29	South America / Brazil / Sao Paulo / Campinas
EPI_ISL_1795245	2021-03-23	2021-04-29	South America / Brazil / Sao Paulo / Nova Granada
EPI_ISL_1795356	2021-03-21	2021-04-29	South America / Brazil / Sao Paulo / Pindamonhangaba
EPI_ISL_1795231	2021-03-22	2021-04-29	South America / Brazil / Sao Paulo / Guaira
EPI_ISL_1795262	2021-03-24	2021-04-29	South America / Brazil / Sao Paulo / Icem
EPI_ISL_1795344	2021-03-23	2021-04-29	South America / Brazil / Sao Paulo / Cacapava
EPI_ISL_1795256	2021-03-23	2021-04-29	South America / Brazil / Sao Paulo / Tanabi
EPI_ISL_1795333	2021-03-24	2021-04-29	South America / Brazil / Sao Paulo / Rosana
EPI_ISL_1795390	2021-03-23	2021-04-29	South America / Brazil / Sao Paulo / Oscar Bressane
EPI_ISL_1795347	2021-03-22	2021-04-29	South America / Brazil / Sao Paulo / Pindamonhangaba
EPI_ISL_1795153	2021-03-21	2021-04-29	South America / Brazil / Sao Paulo / Jundiai
EPI_ISL_1795267	2021-03-24	2021-04-29	South America / Brazil / Sao Paulo / Ipigua
EPI_ISL_1795353	2021-03-21	2021-04-29	South America / Brazil / Sao Paulo / Pindamonhangaba
EPI_ISL_1795239	2021-03-23	2021-04-29	South America / Brazil / Sao Paulo / Urupes
EPI_ISL_1795355	2021-03-22	2021-04-29	South America / Brazil / Sao Paulo / Pindamonhangaba
EPI_ISL_1795358	2021-03-21	2021-04-29	South America / Brazil / Sao Paulo / Pindamonhangaba
EPI_ISL_1795338	2021-03-26	2021-04-29	South America / Brazil / Sao Paulo / Cajati
EPI_ISL_1795313	2021-03-23	2021-04-29	South America / Brazil / Sao Paulo / Franca
EPI_ISL_1795293	2021-03-22	2021-04-29	South America / Brazil / Sao Paulo / Itobi
EPI_ISL_1795305	2021-03-22	2021-04-29	South America / Brazil / Sao Paulo / Casa Branca
EPI_ISL_1795289	2021-03-24	2021-04-29	South America / Brazil / Sao Paulo / Bady Bassitt
EPI_ISL_1795298	2021-03-22	2021-04-29	South America / Brazil / Sao Paulo / Itobi
EPI_ISL_1795125	2021-03-21	2021-04-29	South America / Brazil / Sao Paulo / Candido Rodrigues
EPI_ISL_1795151	2021-03-22	2021-04-29	South America / Brazil / Sao Paulo / Cajobi
EPI_ISL_1795154	2021-03-21	2021-04-29	South America / Brazil / Sao Paulo / Jundiai
EPI_ISL_1795137	2021-03-22	2021-04-29	South America / Brazil / Sao Paulo / Vista Alegre do Alto
EPI_ISL_1795136	2021-03-22	2021-04-29	South America / Brazil / Sao Paulo / Vista Alegre do Alto
EPI_ISL_1795106	2021-04-07	2021-04-29	South America / Brazil / Sao Paulo / Piracicaba
EPI_ISL_1795214	2021-03-22	2021-04-29	South America / Brazil / Sao Paulo / Severinia
EPI_ISL_1795210	2021-03-21	2021-04-29	South America / Brazil / Sao Paulo / Mogi Mirim
EPI_ISL_1795104	2021-04-05	2021-04-29	South America / Brazil / Sao Paulo / Piracicaba
EPI_ISL_1795203	2021-03-21	2021-04-29	South America / Brazil / Sao Paulo / Mogi Mirim
EPI_ISL_1795083	2021-03-21	2021-04-29	South America / Brazil / Sao Paulo / Jundiai
EPI_ISL_1795200	2021-03-21	2021-04-29	South America / Brazil / Sao Paulo / Mogi Mirim
EPI_ISL_1795204	2021-03-21	2021-04-29	South America / Brazil / Sao Paulo / Mogi Mirim
EPI_ISL_1795094	2021-03-25	2021-04-29	South America / Brazil / Sao Paulo / Leme
EPI_ISL_1795163	2021-03-23	2021-04-29	South America / Brazil / Sao Paulo / Galia
EPI_ISL_1795192	2021-03-21	2021-04-29	South America / Brazil / Sao Paulo / Sumare
EPI_ISL_1795190	2021-03-21	2021-04-29	South America / Brazil / Sao Paulo / Jundiai
EPI_ISL_1795388	2021-03-21	2021-04-29	South America / Brazil / Sao Paulo / Jundiai
EPI_ISL_1795170	2021-03-23	2021-04-29	South America / Brazil / Sao Paulo / Maracai
EPI_ISL_1795274	2021-03-24	2021-04-29	South America / Brazil / Sao Paulo / Sao Paulo
EPI_ISL_1795176	2021-03-21	2021-04-29	South America / Brazil / Sao Paulo / Sumare
EPI_ISL_1795268	2021-03-24	2021-04-29	South America / Brazil / Sao Paulo / Ipigua
EPI_ISL_1795240	2021-03-24	2021-04-29	South America / Brazil / Sao Paulo / Sebastianopolis do Sul
EPI_ISL_1795382	2021-03-21	2021-04-29	South America / Brazil / Sao Paulo / Pindamonhangaba
EPI_ISL_1795266	2021-03-23	2021-04-29	South America / Brazil / Sao Paulo / Ipigua
EPI_ISL_1795269	2021-03-23	2021-04-29	South America / Brazil / Sao Paulo / Uchoa
EPI_ISL_1795387	2021-03-21	2021-04-29	South America / Brazil / Sao Paulo / Jundiai
EPI_ISL_1795244	2021-03-23	2021-04-29	South America / Brazil / Sao Paulo / Urupes
EPI_ISL_1795391	2021-03-22	2021-04-29	South America / Brazil / Sao Paulo / Mogi Guacu
EPI_ISL_1795248	2021-03-23	2021-04-29	South America / Brazil / Sao Paulo / Tanabi
EPI_ISL_1795275	2021-03-24	2021-04-29	South America / Brazil / Sao Paulo / Sao Paulo
EPI_ISL_1795276	2021-03-21	2021-04-29	South America / Brazil / Sao Paulo / Palestina
EPI_ISL_1795277	2021-03-22	2021-04-29	South America / Brazil / Sao Paulo / Palestina
EPI_ISL_1795243	2021-03-23	2021-04-29	South America / Brazil / Sao Paulo / Urupes
EPI_ISL_1795279	2021-03-22	2021-04-29	South America / Brazil / Sao Paulo / Palestina
EPI_ISL_1795360	2021-03-21	2021-04-29	South America / Brazil / Sao Paulo / Pindamonhangaba
EPI_ISL_1795364	2021-03-23	2021-04-29	South America / Brazil / Sao Paulo / Ubatuba
EPI_ISL_1795250	2021-03-23	2021-04-29	South America / Brazil / Sao Paulo / Tanabi
EPI_ISL_1795253	2021-03-23	2021-04-29	South America / Brazil / Sao Paulo / Tanabi
EPI_ISL_1795368	2021-03-22	2021-04-29	South America / Brazil / Sao Paulo / Promissao
EPI_ISL_1795246	2021-03-23	2021-04-29	South America / Brazil / Sao Paulo / Nova Granada
EPI_ISL_1795299	2021-03-22	2021-04-29	South America / Brazil / Sao Paulo / Santa Cruz Das Palmeiras
EPI_ISL_1795217	2021-03-23	2021-04-29	South America / Brazil / Sao Paulo / Jardinopolis
EPI_ISL_1795365	2021-03-22	2021-04-29	South America / Brazil / Sao Paulo / Pindamonhangaba
EPI_ISL_1795371	2021-03-22	2021-04-29	South America / Brazil / Sao Paulo / Brotas
EPI_ISL_1795319	2021-03-23	2021-04-29	South America / Brazil / Sao Paulo / Franca
EPI_ISL_1795181	2021-03-21	2021-04-29	South America / Brazil / Sao Paulo / Jundiai
EPI_ISL_1795187	2021-03-21	2021-04-29	South America / Brazil / Sao Paulo / Sumare
EPI_ISL_1795227	2021-03-22	2021-04-29	South America / Brazil / Sao Paulo / Barretos
EPI_ISL_1795345	2021-03-24	2021-04-29	South America / Brazil / Sao Paulo / Taubate
EPI_ISL_1795224	2021-03-22	2021-04-29	South America / Brazil / Sao Paulo / Barretos
EPI_ISL_1795350	2021-03-21	2021-04-29	South America / Brazil / Sao Paulo / Pindamonhangaba
EPI_ISL_1795237	2021-03-24	2021-04-29	South America / Brazil / Sao Paulo / Balsamo
EPI_ISL_1795308	2021-03-22	2021-04-29	South America / Brazil / Sao Paulo / Franca
EPI_ISL_1795149	2021-03-22	2021-04-29	South America / Brazil / Sao Paulo / Vista Alegre do Alto
EPI_ISL_1795156	2021-03-21	2021-04-29	South America / Brazil / Sao Paulo / Jundiai
EPI_ISL_1795155	2021-03-21	2021-04-29	South America / Brazil / Sao Paulo / Jundiai
EPI_ISL_1795122	2021-03-21	2021-04-29	South America / Brazil / Sao Paulo / Sao Joaquim Da Barra
EPI_ISL_1795127	2021-03-21	2021-04-29	South America / Brazil / Sao Paulo / Candido Rodrigues
EPI_ISL_1795135	2021-03-21	2021-04-29	South America / Brazil / Sao Paulo / Sao Joaquim Da Barra
EPI_ISL_1795119	2021-03-21	2021-04-29	South America / Brazil / Sao Paulo / Luis Antonio
EPI_ISL_1795201	2021-03-21	2021-04-29	South America / Brazil / Sao Paulo / Mogi Mirim
EPI_ISL_1795209	2021-03-21	2021-04-29	South America / Brazil / Sao Paulo / Tambau
EPI_ISL_1795183	2021-03-21	2021-04-29	South America / Brazil / Sao Paulo / Jundiai
EPI_ISL_1795335	2021-03-24	2021-04-29	South America / Brazil / Sao Paulo / Rancharia
EPI_ISL_1795312	2021-03-22	2021-04-29	South America / Brazil / Sao Paulo / Franca
EPI_ISL_1795185	2021-03-21	2021-04-29	South America / Brazil / Sao Paulo / Jundiai
EPI_ISL_1795168	2021-03-22	2021-04-29	South America / Brazil / Sao Paulo / Florinea
EPI_ISL_1795372	2021-03-23	2021-04-29	South America / Brazil / Sao Paulo / Brotas
EPI_ISL_1795264	2021-03-24	2021-04-29	South America / Brazil / Sao Paulo / Paranapua
EPI_ISL_1795292	2021-03-21	2021-04-29	South America / Brazil / Sao Paulo / Mogi Mirim
EPI_ISL_1795150	2021-03-22	2021-04-29	South America / Brazil / Sao Paulo / Vista Alegre do Alto
EPI_ISL_1795158	2021-03-21	2021-04-29	South America / Brazil / Sao Paulo / Jundiai
EPI_ISL_1795105	2021-04-03	2021-04-29	South America / Brazil / Sao Paulo / Piracicaba
EPI_ISL_1795138	2021-03-22	2021-04-29	South America / Brazil / Sao Paulo / Vista Alegre do Alto
EPI_ISL_1795111	2021-03-22	2021-04-29	South America / Brazil / Sao Paulo / Guariba
EPI_ISL_1795112	2021-03-22	2021-04-29	South America / Brazil / Sao Paulo / Guariba
EPI_ISL_1795202	2021-03-21	2021-04-29	South America / Brazil / Sao Paulo / Mogi Mirim
EPI_ISL_1795173	2021-03-23	2021-04-29	South America / Brazil / Sao Paulo / Oscar Bressane
EPI_ISL_1795169	2021-03-22	2021-04-29	South America / Brazil / Sao Paulo / Florinea
EPI_ISL_1795307	2021-03-22	2021-04-29	South America / Brazil / Sao Paulo / Franca
EPI_ISL_1795309	2021-03-22	2021-04-29	South America / Brazil / Sao Paulo / Franca
EPI_ISL_1795334	2021-03-24	2021-04-29	South America / Brazil / Sao Paulo / Ouro Verde
EPI_ISL_1795281	2021-03-22	2021-04-29	South America / Brazil / Sao Paulo / Palestina
EPI_ISL_1795285	2021-03-22	2021-04-29	South America / Brazil / Sao Paulo / Palestina
EPI_ISL_1795178	2021-03-21	2021-04-29	South America / Brazil / Sao Paulo / Jundiai
EPI_ISL_2101638	2021-04-08	2021-05-15	South America / Brazil / Rio de Janeiro / Rio de Janeiro
EPI_ISL_2101667	2021-04-12	2021-05-15	South America / Brazil / Rio de Janeiro / Rio de Janeiro
EPI_ISL_2101687	2021-04-19	2021-05-15	South America / Brazil / Rio de Janeiro / Sao Goncalo
EPI_ISL_2101650	2021-04-12	2021-05-15	South America / Brazil / Rio de Janeiro / Rio de Janeiro
EPI_ISL_2101648	2021-04-12	2021-05-15	South America / Brazil / Rio de Janeiro / Rio de Janeiro
EPI_ISL_2101673	2021-04-19	2021-05-15	South America / Brazil / Rio de Janeiro / Santo Antonio de Padua
EPI_ISL_2101737	2021-04-20	2021-05-15	South America / Brazil / Rio de Janeiro / Araruama
EPI_ISL_2101654	2021-04-14	2021-05-15	South America / Brazil / Rio de Janeiro / Rio de Janeiro
EPI_ISL_2101668	2021-04-13	2021-05-15	South America / Brazil / Rio de Janeiro / Rio de Janeiro
EPI_ISL_2101699	2021-04-21	2021-05-15	South America / Brazil / Rio de Janeiro / Sao Pedro da Aldeia
EPI_ISL_2101692	2021-04-19	2021-05-15	South America / Brazil / Rio de Janeiro / Sao Joao de Meriti
EPI_ISL_2101683	2021-04-19	2021-05-15	South America / Brazil / Rio de Janeiro / Sao Goncalo
EPI_ISL_2101659	2021-04-12	2021-05-15	South America / Brazil / Rio de Janeiro / Rio de Janeiro
EPI_ISL_2101721	2021-04-12	2021-05-15	South America / Brazil / Rio de Janeiro / Vassouras
EPI_ISL_2101640	2021-04-08	2021-05-15	South America / Brazil / Rio de Janeiro / Rio de Janeiro
EPI_ISL_2101719	2021-04-22	2021-05-15	South America / Brazil / Rio de Janeiro / Trajano de Moraes
EPI_ISL_2101729	2021-04-22	2021-05-15	South America / Brazil / Rio de Janeiro / Tres Rios
EPI_ISL_2101710	2021-04-26	2021-05-15	South America / Brazil / Rio de Janeiro / Sapucaia
EPI_ISL_2101479	2021-04-23	2021-05-15	South America / Brazil / Rio de Janeiro / Macae
EPI_ISL_2101590	2021-04-23	2021-05-15	South America / Brazil / Rio de Janeiro / Quissama
EPI_ISL_2101464	2021-04-24	2021-05-15	South America / Brazil / Rio de Janeiro / Engenheiro Paulo de Frontin
EPI_ISL_2101456	2021-04-14	2021-05-15	South America / Brazil / Rio de Janeiro / Duque de Caxias
EPI_ISL_2101462	2021-04-14	2021-05-15	South America / Brazil / Rio de Janeiro / Duque de Caxias
EPI_ISL_2101576	2021-04-20	2021-05-15	South America / Brazil / Rio de Janeiro / Pirai
EPI_ISL_2101470	2021-04-13	2021-05-15	South America / Brazil / Rio de Janeiro / Itaborai
EPI_ISL_2101471	2021-04-19	2021-05-15	South America / Brazil / Rio de Janeiro / Itaborai
EPI_ISL_2101461	2021-04-14	2021-05-15	South America / Brazil / Rio de Janeiro / Duque de Caxias
EPI_ISL_2101455	2021-04-13	2021-05-15	South America / Brazil / Rio de Janeiro / Duque de Caxias
EPI_ISL_2101572	2021-04-10	2021-05-15	South America / Brazil / Rio de Janeiro / Petropolis
EPI_ISL_2101453	2021-04-22	2021-05-15	South America / Brazil / Rio de Janeiro / Cordeiro
EPI_ISL_2101421	2021-04-22	2021-05-15	South America / Brazil / Rio de Janeiro / Armacao Dos Buzios
EPI_ISL_2101543	2021-04-20	2021-05-15	South America / Brazil / Rio de Janeiro / Petropolis
EPI_ISL_2101547	2021-04-19	2021-05-15	South America / Brazil / Rio de Janeiro / Petropolis
EPI_ISL_1821206	2021-03-17	2021-04-30	South America / Brazil / Sao Paulo / Taquaritinga
EPI_ISL_1821215	2021-03-30	2021-04-30	South America / Brazil / Sao Paulo / Pereira Barreto
EPI_ISL_2101529	2021-04-21	2021-05-15	South America / Brazil / Rio de Janeiro / Paraiba do Sul
EPI_ISL_1821212	2021-03-03	2021-04-30	South America / Brazil / Sao Paulo / Piracicaba
EPI_ISL_1821211	2021-03-07	2021-04-30	South America / Brazil / Sao Paulo / Piracicaba
EPI_ISL_1821222	2021-04-01	2021-04-30	South America / Brazil / Sao Paulo / Alto Alegre
EPI_ISL_1821220	2021-03-31	2021-04-30	South America / Brazil / Sao Paulo / Ilha Solteira
EPI_ISL_2101637	2021-04-21	2021-05-15	South America / Brazil / Rio de Janeiro / Rio de Janeiro
EPI_ISL_1821257	2021-03-26	2021-04-30	South America / Brazil / Sao Paulo / Sao Simao
EPI_ISL_1821256	2021-03-25	2021-04-30	South America / Brazil / Sao Paulo / Barretos
EPI_ISL_1821254	2021-03-29	2021-04-30	South America / Brazil / Sao Paulo / Barretos
EPI_ISL_1821253	2021-03-25	2021-04-30	South America / Brazil / Sao Paulo / Guaira
EPI_ISL_1821269	2021-04-04	2021-04-30	South America / Brazil / Sao Paulo / Sorocaba
EPI_ISL_1821262	2021-03-31	2021-04-30	South America / Brazil / Sao Paulo / Franca
EPI_ISL_1821223	2021-03-31	2021-04-30	South America / Brazil / Sao Paulo / Aracatuba
EPI_ISL_1821236	2021-02-26	2021-04-30	South America / Brazil / Sao Paulo / Assis
EPI_ISL_1821221	2021-03-31	2021-04-30	South America / Brazil / Sao Paulo / Andradina
EPI_ISL_1821249	2021-04-01	2021-04-30	South America / Brazil / Sao Paulo / Barretos
EPI_ISL_1821234	2021-02-22	2021-04-30	South America / Brazil / Sao Paulo / Santa Cruz do Rio Pardo
EPI_ISL_1821258	2021-03-29	2021-04-30	South America / Brazil / Sao Paulo / Ibitinga
EPI_ISL_1821251	2021-04-03	2021-04-30	South America / Brazil / Sao Paulo / Ribeirao Preto
EPI_ISL_1821263	2021-03-24	2021-04-30	South America / Brazil / Sao Paulo / Guariba
EPI_ISL_1821260	2021-03-24	2021-04-30	South America / Brazil / Sao Paulo / Ribeirao Preto
EPI_ISL_1821267	2021-04-02	2021-04-30	South America / Brazil / Sao Paulo / Sorocaba
EPI_ISL_1821266	2021-04-02	2021-04-30	South America / Brazil / Sao Paulo / Sorocaba
EPI_ISL_1821270	2021-04-02	2021-04-30	South America / Brazil / Sao Paulo / Sorocaba
EPI_ISL_2101632	2021-04-23	2021-05-15	South America / Brazil / Rio de Janeiro / Rio das Ostras
EPI_ISL_2101408	2021-04-19	2021-05-15	South America / Brazil / Rio de Janeiro / Petropolis
EPI_ISL_2101631	2021-04-23	2021-05-15	South America / Brazil / Rio de Janeiro / Rio das Ostras
EPI_ISL_2101620	2021-04-26	2021-05-15	South America / Brazil / Rio de Janeiro / Rio das Flores
EPI_ISL_2101518	2021-04-22	2021-05-15	South America / Brazil / Rio de Janeiro / Nova Friburgo
EPI_ISL_2101621	2021-03-26	2021-05-15	South America / Brazil / Rio de Janeiro / Rio das Ostras
EPI_ISL_2101604	2021-04-20	2021-05-15	South America / Brazil / Rio de Janeiro / Resende
EPI_ISL_2101482	2021-04-26	2021-05-15	South America / Brazil / Rio de Janeiro / Macae
EPI_ISL_1213149	2021-02-03	2021-03-11	South America / Brazil / Rio de Janeiro / Rio de Janeiro
EPI_ISL_1219133	2021-01-26	2021-03-11	South America / Brazil / Parana / Curitiba
EPI_ISL_1219033	2021-01-22	2021-03-11	South America / Brazil / Sao Paulo / Guarulhos
EPI_ISL_1858973	2021-03-25	2021-05-04	South America / Brazil / Rio de Janeiro / Nilopolis
EPI_ISL_1858747	2021-04-15	2021-05-04	South America / Brazil / Rio de Janeiro / Macuco
EPI_ISL_1858327	2021-04-10	2021-05-04	South America / Brazil / Rio de Janeiro / Paty do Alferes
EPI_ISL_1858420	2021-04-08	2021-05-04	South America / Brazil / Rio de Janeiro / Volta Redonda
EPI_ISL_1858874	2021-03-27	2021-05-04	South America / Brazil / Rio de Janeiro / Rio de Janeiro
EPI_ISL_1858902	2021-03-25	2021-05-04	South America / Brazil / Rio de Janeiro / Rio de Janeiro
EPI_ISL_1858802	2021-03-25	2021-05-04	South America / Brazil / Rio de Janeiro / Rio de Janeiro
EPI_ISL_1858819	2021-03-24	2021-05-04	South America / Brazil / Rio de Janeiro / Rio de Janeiro
EPI_ISL_1858996	2021-03-25	2021-05-04	South America / Brazil / Rio de Janeiro / Rio de Janeiro
EPI_ISL_1858981	2021-03-25	2021-05-04	South America / Brazil / Rio de Janeiro / Rio de Janeiro
EPI_ISL_1858607	2021-04-13	2021-05-04	South America / Brazil / Rio de Janeiro / Sao Pedro da Aldeia
EPI_ISL_1858719	2021-04-14	2021-05-04	South America / Brazil / Rio de Janeiro / Bom Jesus do Itabapoana
EPI_ISL_1858830	2021-03-25	2021-05-04	South America / Brazil / Rio de Janeiro / Rio de Janeiro
EPI_ISL_1858765	2021-03-25	2021-05-04	South America / Brazil / Rio de Janeiro / Rio de Janeiro
EPI_ISL_1858633	2021-04-15	2021-05-04	South America / Brazil / Rio de Janeiro / Conceicao de Macabu
EPI_ISL_1858301	2021-04-09	2021-05-04	South America / Brazil / Rio de Janeiro / Itaperuna
EPI_ISL_1858920	2021-03-25	2021-05-04	South America / Brazil / Rio de Janeiro / Rio de Janeiro
EPI_ISL_1858356	2021-04-09	2021-05-04	South America / Brazil / Rio de Janeiro / Bom Jardim
EPI_ISL_1858946	2021-03-26	2021-05-04	South America / Brazil / Rio de Janeiro / Rio de Janeiro
EPI_ISL_1858924	2021-03-26	2021-05-04	South America / Brazil / Rio de Janeiro / Rio de Janeiro
EPI_ISL_1858928	2021-03-25	2021-05-04	South America / Brazil / Rio de Janeiro / Rio de Janeiro
EPI_ISL_1858900	2021-03-25	2021-05-04	South America / Brazil / Rio de Janeiro / Rio de Janeiro
EPI_ISL_1858914	2021-03-26	2021-05-04	South America / Brazil / Rio de Janeiro / Rio de Janeiro
EPI_ISL_1858968	2021-03-26	2021-05-04	South America / Brazil / Rio de Janeiro / Rio de Janeiro
EPI_ISL_1859007	2021-03-25	2021-05-04	South America / Brazil / Rio de Janeiro / Rio de Janeiro
EPI_ISL_1858970	2021-03-26	2021-05-04	South America / Brazil / Rio de Janeiro / Rio de Janeiro
EPI_ISL_1858940	2021-03-25	2021-05-04	South America / Brazil / Rio de Janeiro / Rio de Janeiro
EPI_ISL_1858948	2021-03-27	2021-05-04	South America / Brazil / Rio de Janeiro / Rio de Janeiro
EPI_ISL_1858896	2021-03-25	2021-05-04	South America / Brazil / Rio de Janeiro / Rio de Janeiro
EPI_ISL_1858954	2021-03-25	2021-05-04	South America / Brazil / Rio de Janeiro / Rio de Janeiro
EPI_ISL_1858811	2021-03-25	2021-05-04	South America / Brazil / Rio de Janeiro / Rio de Janeiro
EPI_ISL_1858898	2021-03-25	2021-05-04	South America / Brazil / Rio de Janeiro / Rio de Janeiro
EPI_ISL_1858890	2021-03-25	2021-05-04	South America / Brazil / Rio de Janeiro / Rio de Janeiro
EPI_ISL_1858984	2021-03-25	2021-05-04	South America / Brazil / Rio de Janeiro / Rio de Janeiro
EPI_ISL_1858990	2021-03-25	2021-05-04	South America / Brazil / Rio de Janeiro / Rio de Janeiro
EPI_ISL_1858803	2021-03-26	2021-05-04	South America / Brazil / Rio de Janeiro / Rio de Janeiro
EPI_ISL_1858586	2021-04-14	2021-05-04	South America / Brazil / Rio de Janeiro / Tres Rios
EPI_ISL_1858734	2021-04-06	2021-05-04	South America / Brazil / Rio de Janeiro / Angra Dos Reis
EPI_ISL_1858858	2021-03-25	2021-05-04	South America / Brazil / Rio de Janeiro / Rio de Janeiro
EPI_ISL_1858728	2021-04-14	2021-05-04	South America / Brazil / Rio de Janeiro / Sao Joao Da Barra
EPI_ISL_1858840	2021-03-25	2021-05-04	South America / Brazil / Rio de Janeiro / Rio de Janeiro
EPI_ISL_1858611	2021-04-13	2021-05-04	South America / Brazil / Rio de Janeiro / Sao Pedro da Aldeia
EPI_ISL_1858722	2021-04-13	2021-05-04	South America / Brazil / Rio de Janeiro / Sumidouro
EPI_ISL_1858721	2021-04-12	2021-05-04	South America / Brazil / Rio de Janeiro / Sumidouro
EPI_ISL_1858707	2021-04-13	2021-05-04	South America / Brazil / Rio de Janeiro / Santo Antonio de Padua
EPI_ISL_1858828	2021-03-25	2021-05-04	South America / Brazil / Rio de Janeiro / Rio de Janeiro
EPI_ISL_1858730	2021-04-14	2021-05-04	South America / Brazil / Rio de Janeiro / Sao Joao Da Barra
EPI_ISL_1858736	2021-04-14	2021-05-04	South America / Brazil / Rio de Janeiro / Bom Jesus do Itabapoana
EPI_ISL_1858709	2021-04-13	2021-05-04	South America / Brazil / Rio de Janeiro / Santo Antonio de Padua
EPI_ISL_1858834	2021-03-25	2021-05-04	South America / Brazil / Rio de Janeiro / Rio de Janeiro
EPI_ISL_1858650	2021-04-15	2021-05-04	South America / Brazil / Rio de Janeiro / Santo Antonio de Padua
EPI_ISL_1858822	2021-03-25	2021-05-04	South America / Brazil / Rio de Janeiro / Rio de Janeiro
EPI_ISL_1858713	2021-04-13	2021-05-04	South America / Brazil / Rio de Janeiro / Mangaratiba
EPI_ISL_1858824	2021-03-24	2021-05-04	South America / Brazil / Rio de Janeiro / Rio de Janeiro
EPI_ISL_1858738	2021-04-14	2021-05-04	South America / Brazil / Rio de Janeiro / Varre Sai
EPI_ISL_1858717	2021-04-14	2021-05-04	South America / Brazil / Rio de Janeiro / Bom Jesus do Itabapoana
EPI_ISL_1858761	2021-03-25	2021-05-04	South America / Brazil / Rio de Janeiro / Rio de Janeiro
EPI_ISL_1858826	2021-03-25	2021-05-04	South America / Brazil / Rio de Janeiro / Rio de Janeiro
EPI_ISL_1858648	2021-04-15	2021-05-04	South America / Brazil / Rio de Janeiro / Paty do Alferes
EPI_ISL_1858777	2021-03-25	2021-05-04	South America / Brazil / Rio de Janeiro / Rio de Janeiro
EPI_ISL_1858880	2021-03-25	2021-05-04	South America / Brazil / Rio de Janeiro / Rio de Janeiro
EPI_ISL_1858773	2021-03-25	2021-05-04	South America / Brazil / Rio de Janeiro / Rio de Janeiro
EPI_ISL_1858745	2021-04-15	2021-05-04	South America / Brazil / Rio de Janeiro / Natividade
EPI_ISL_1858641	2021-04-15	2021-05-04	South America / Brazil / Rio de Janeiro / Paty do Alferes
EPI_ISL_1858653	2021-04-15	2021-05-04	South America / Brazil / Rio de Janeiro / Santo Antonio de Padua
EPI_ISL_1858763	2021-03-25	2021-05-04	South America / Brazil / Rio de Janeiro / Rio de Janeiro
EPI_ISL_1858645	2021-04-15	2021-05-04	South America / Brazil / Rio de Janeiro / Paty do Alferes
EPI_ISL_1858775	2021-03-25	2021-05-04	South America / Brazil / Rio de Janeiro / Rio de Janeiro
EPI_ISL_1858872	2021-03-25	2021-05-04	South America / Brazil / Rio de Janeiro / Rio de Janeiro
EPI_ISL_1858643	2021-04-15	2021-05-04	South America / Brazil / Rio de Janeiro / Paty do Alferes
EPI_ISL_1858658	2021-04-14	2021-05-04	South America / Brazil / Rio de Janeiro / Duas Barras
EPI_ISL_1858621	2021-04-14	2021-05-04	South America / Brazil / Rio de Janeiro / Sao Pedro da Aldeia
EPI_ISL_1858651	2021-04-15	2021-05-04	South America / Brazil / Rio de Janeiro / Santo Antonio de Padua
EPI_ISL_1858864	2021-03-25	2021-05-04	South America / Brazil / Rio de Janeiro / Rio de Janeiro
EPI_ISL_1858655	2021-04-15	2021-05-04	South America / Brazil / Rio de Janeiro / Santo Antonio de Padua
EPI_ISL_1858749	2021-04-13	2021-05-04	South America / Brazil / Rio de Janeiro / Bom Jardim
EPI_ISL_1858631	2021-04-16	2021-05-04	South America / Brazil / Rio de Janeiro / Sao Francisco de Itabapoana
EPI_ISL_1858756	2021-04-13	2021-05-04	South America / Brazil / Rio de Janeiro / Paty do Alferes
EPI_ISL_1858688	2021-04-12	2021-05-04	South America / Brazil / Rio de Janeiro / Barra Mansa
EPI_ISL_1858866	2021-03-25	2021-05-04	South America / Brazil / Rio de Janeiro / Rio de Janeiro
EPI_ISL_1858625	2021-04-14	2021-05-04	South America / Brazil / Rio de Janeiro / Sao Francisco de Itabapoana
EPI_ISL_1858751	2021-04-13	2021-05-04	South America / Brazil / Rio de Janeiro / Bom Jardim
EPI_ISL_1858682	2021-04-15	2021-05-04	South America / Brazil / Rio de Janeiro / Carmo
EPI_ISL_1858662	2021-04-14	2021-05-04	South America / Brazil / Rio de Janeiro / Itatiaia
EPI_ISL_1858629	2021-04-16	2021-05-04	South America / Brazil / Rio de Janeiro / Sao Francisco de Itabapoana
EPI_ISL_1858876	2021-03-28	2021-05-04	South America / Brazil / Rio de Janeiro / Rio de Janeiro
EPI_ISL_1858870	2021-03-25	2021-05-04	South America / Brazil / Rio de Janeiro / Rio de Janeiro
EPI_ISL_1858754	2021-04-13	2021-05-04	South America / Brazil / Rio de Janeiro / Paty do Alferes
EPI_ISL_1858694	2021-04-12	2021-05-04	South America / Brazil / Rio de Janeiro / Barra Mansa
EPI_ISL_1858781	2021-03-25	2021-05-04	South America / Brazil / Rio de Janeiro / Rio de Janeiro
EPI_ISL_1858636	2021-04-15	2021-05-04	South America / Brazil / Rio de Janeiro / Conceicao de Macabu
EPI_ISL_1858697	2021-04-12	2021-05-04	South America / Brazil / Rio de Janeiro / Barra Mansa
EPI_ISL_1858666	2021-04-15	2021-05-04	South America / Brazil / Rio de Janeiro / Santa Maria Madalena
EPI_ISL_1858674	2021-04-15	2021-05-04	South America / Brazil / Rio de Janeiro / Duas Barras
EPI_ISL_1858637	2021-04-15	2021-05-04	South America / Brazil / Rio de Janeiro / Conceicao de Macabu
EPI_ISL_1858691	2021-04-12	2021-05-04	South America / Brazil / Rio de Janeiro / Barra Mansa
EPI_ISL_1858788	2021-03-25	2021-05-04	South America / Brazil / Rio de Janeiro / Rio de Janeiro
EPI_ISL_1858686	2021-04-12	2021-05-04	South America / Brazil / Rio de Janeiro / Barra Mansa
EPI_ISL_1858783	2021-03-25	2021-05-04	South America / Brazil / Rio de Janeiro / Rio de Janeiro
EPI_ISL_1858786	2021-03-25	2021-05-04	South America / Brazil / Rio de Janeiro / Rio de Janeiro
EPI_ISL_1858367	2021-04-06	2021-05-04	South America / Brazil / Rio de Janeiro / Macae
EPI_ISL_1858684	2021-04-15	2021-05-04	South America / Brazil / Rio de Janeiro / Carmo
EPI_ISL_1858664	2021-04-14	2021-05-04	South America / Brazil / Rio de Janeiro / Itatiaia
EPI_ISL_1858660	2021-04-14	2021-05-04	South America / Brazil / Rio de Janeiro / Itatiaia
EPI_ISL_1858790	2021-03-25	2021-05-04	South America / Brazil / Rio de Janeiro / Rio de Janeiro
EPI_ISL_1858675	2021-04-14	2021-05-04	South America / Brazil / Rio de Janeiro / Carmo
EPI_ISL_1858363	2021-04-09	2021-05-04	South America / Brazil / Rio de Janeiro / Barra do Pirai
EPI_ISL_1858792	2021-03-25	2021-05-04	South America / Brazil / Rio de Janeiro / Rio de Janeiro
EPI_ISL_1858670	2021-04-15	2021-05-04	South America / Brazil / Rio de Janeiro / Santa Maria Madalena
EPI_ISL_1858486	2021-04-12	2021-05-04	South America / Brazil / Rio de Janeiro / Macuco
EPI_ISL_1858488	2021-04-12	2021-05-04	South America / Brazil / Rio de Janeiro / Quatis
EPI_ISL_1858365	2021-04-09	2021-05-04	South America / Brazil / Rio de Janeiro / Barra do Pirai
EPI_ISL_1858373	2021-04-08	2021-05-04	South America / Brazil / Rio de Janeiro / Conceicao de Macabu
EPI_ISL_1858468	2021-04-09	2021-05-04	South America / Brazil / Rio de Janeiro / Quissama
EPI_ISL_1858473	2021-04-08	2021-05-04	South America / Brazil / Rio de Janeiro / Paraiba do Sul
EPI_ISL_1858352	2021-04-09	2021-05-04	South America / Brazil / Rio de Janeiro / Bom Jardim
EPI_ISL_1858483	2021-04-11	2021-05-04	South America / Brazil / Rio de Janeiro / Porto Real
EPI_ISL_1858498	2021-04-12	2021-05-04	South America / Brazil / Rio de Janeiro / Santo Antonio de Padua
EPI_ISL_1858580	2021-04-15	2021-05-04	South America / Brazil / Rio de Janeiro / Itaperuna
EPI_ISL_1858292	2021-04-07	2021-05-04	South America / Brazil / Rio de Janeiro / Sao Pedro da Aldeia
EPI_ISL_1858464	2021-04-09	2021-05-04	South America / Brazil / Rio de Janeiro / Quissama
EPI_ISL_1858346	2021-04-09	2021-05-04	South America / Brazil / Rio de Janeiro / Mangaratiba
EPI_ISL_1858342	2021-04-09	2021-05-04	South America / Brazil / Rio de Janeiro / Mangaratiba
EPI_ISL_1858354	2021-04-09	2021-05-04	South America / Brazil / Rio de Janeiro / Bom Jardim
EPI_ISL_1858344	2021-04-09	2021-05-04	South America / Brazil / Rio de Janeiro / Mangaratiba
EPI_ISL_1858284	2021-04-09	2021-05-04	South America / Brazil / Rio de Janeiro / Rio das Ostras
EPI_ISL_1858477	2021-04-08	2021-05-04	South America / Brazil / Rio de Janeiro / Paraiba do Sul
EPI_ISL_1858384	2021-04-09	2021-05-04	South America / Brazil / Rio de Janeiro / Conceicao de Macabu
EPI_ISL_1858392	2021-04-09	2021-05-04	South America / Brazil / Rio de Janeiro / Rio das Ostras
EPI_ISL_1858479	2021-04-08	2021-05-04	South America / Brazil / Rio de Janeiro / Paraiba do Sul
EPI_ISL_1858286	2021-04-09	2021-05-04	South America / Brazil / Rio de Janeiro / Rio das Ostras
EPI_ISL_1858387	2021-04-09	2021-05-04	South America / Brazil / Rio de Janeiro / Conceicao de Macabu
EPI_ISL_1858526	2021-04-12	2021-05-04	South America / Brazil / Rio de Janeiro / Macae
EPI_ISL_1858411	2021-04-06	2021-05-04	South America / Brazil / Rio de Janeiro / Italva
EPI_ISL_1858294	2021-04-07	2021-05-04	South America / Brazil / Rio de Janeiro / Sao Pedro da Aldeia
EPI_ISL_1858383	2021-04-08	2021-05-04	South America / Brazil / Rio de Janeiro / Conceicao de Macabu
EPI_ISL_1858409	2021-04-09	2021-05-04	South America / Brazil / Rio de Janeiro / Quatis
EPI_ISL_1858522	2021-04-11	2021-05-04	South America / Brazil / Rio de Janeiro / Iguaba Grande
EPI_ISL_1858290	2021-04-11	2021-05-04	South America / Brazil / Rio de Janeiro / Rio das Ostras
EPI_ISL_1858528	2021-04-12	2021-05-04	South America / Brazil / Rio de Janeiro / Macae
EPI_ISL_1858510	2021-04-12	2021-05-04	South America / Brazil / Rio de Janeiro / Rio Claro
EPI_ISL_1858401	2021-04-09	2021-05-04	South America / Brazil / Rio de Janeiro / Pirai
EPI_ISL_1858530	2021-04-12	2021-05-04	South America / Brazil / Rio de Janeiro / Macae
EPI_ISL_1858538	2021-04-12	2021-05-04	South America / Brazil / Rio de Janeiro / Trajano de Moraes
EPI_ISL_1858561	2021-04-15	2021-05-04	South America / Brazil / Rio de Janeiro / Santa Maria Madalena
EPI_ISL_1858565	2021-04-15	2021-05-04	South America / Brazil / Rio de Janeiro / Carapebus
EPI_ISL_1858516	2021-04-11	2021-05-04	South America / Brazil / Rio de Janeiro / Araruama
EPI_ISL_1858416	2021-04-09	2021-05-04	South America / Brazil / Rio de Janeiro / Italva
EPI_ISL_1858518	2021-04-11	2021-05-04	South America / Brazil / Rio de Janeiro / Sumidouro
EPI_ISL_1858418	2021-04-08	2021-05-04	South America / Brazil / Rio de Janeiro / Saquarema
EPI_ISL_1858506	2021-04-12	2021-05-04	South America / Brazil / Rio de Janeiro / Bom Jesus do Itabapoana
EPI_ISL_1858563	2021-04-12	2021-05-04	South America / Brazil / Rio de Janeiro / Saquarema
EPI_ISL_1858329	2021-04-07	2021-05-04	South America / Brazil / Rio de Janeiro / Sao Pedro da Aldeia
EPI_ISL_1858542	2021-04-09	2021-05-04	South America / Brazil / Rio de Janeiro / Sao Jose do Vale do Rio Preto
EPI_ISL_1858321	2021-04-10	2021-05-04	South America / Brazil / Rio de Janeiro / Paty do Alferes
EPI_ISL_1858571	2021-04-14	2021-05-04	South America / Brazil / Rio de Janeiro / Saquarema
EPI_ISL_1858567	2021-04-16	2021-05-04	South America / Brazil / Rio de Janeiro / Paracambi
EPI_ISL_1858572	2021-04-14	2021-05-04	South America / Brazil / Rio de Janeiro / Saquarema
EPI_ISL_1858540	2021-04-12	2021-05-04	South America / Brazil / Rio de Janeiro / Trajano de Moraes
EPI_ISL_1858338	2021-04-09	2021-05-04	South America / Brazil / Rio de Janeiro / Mangaratiba
EPI_ISL_1858548	2021-04-10	2021-05-04	South America / Brazil / Rio de Janeiro / Vassouras
EPI_ISL_1858549	2021-04-10	2021-05-04	South America / Brazil / Rio de Janeiro / Vassouras
EPI_ISL_1858575	2021-04-15	2021-05-04	South America / Brazil / Rio de Janeiro / Rio Claro
EPI_ISL_1858456	2021-04-08	2021-05-04	South America / Brazil / Rio de Janeiro / Resende
EPI_ISL_1858423	2021-04-08	2021-05-04	South America / Brazil / Rio de Janeiro / Volta Redonda
EPI_ISL_1858304	2021-04-08	2021-05-04	South America / Brazil / Rio de Janeiro / Mangaratiba
EPI_ISL_1858308	2021-04-08	2021-05-04	South America / Brazil / Rio de Janeiro / Vassouras
EPI_ISL_1858426	2021-04-08	2021-05-04	South America / Brazil / Rio de Janeiro / Volta Redonda
EPI_ISL_1858559	2021-04-09	2021-05-04	South America / Brazil / Rio de Janeiro / Vassouras
EPI_ISL_1858430	2021-04-09	2021-05-04	South America / Brazil / Rio de Janeiro / Volta Redonda
EPI_ISL_1858432	2021-04-09	2021-05-04	South America / Brazil / Rio de Janeiro / Volta Redonda
EPI_ISL_1858436	2021-04-09	2021-05-04	South America / Brazil / Rio de Janeiro / Volta Redonda
EPI_ISL_1858312	2021-04-09	2021-05-04	South America / Brazil / Rio de Janeiro / Miguel Pereira
EPI_ISL_1858438	2021-04-09	2021-05-04	South America / Brazil / Rio de Janeiro / Resende
EPI_ISL_1858282	2021-04-09	2021-05-04	South America / Brazil / Rio de Janeiro / Rio das Ostras
EPI_ISL_1858758	2021-03-25	2021-05-04	South America / Brazil / Rio de Janeiro / Rio de Janeiro
EPI_ISL_1858314	2021-04-09	2021-05-04	South America / Brazil / Rio de Janeiro / Miguel Pereira
EPI_ISL_1858557	2021-04-09	2021-05-04	South America / Brazil / Rio de Janeiro / Vassouras
EPI_ISL_1858315	2021-04-10	2021-05-04	South America / Brazil / Rio de Janeiro / Paty do Alferes
EPI_ISL_1858317	2021-04-10	2021-05-04	South America / Brazil / Rio de Janeiro / Paty do Alferes
EPI_ISL_1858267	2021-03-26	2021-05-04	South America / Brazil / Rio de Janeiro / Mangaratiba
EPI_ISL_1858273	2021-04-08	2021-05-04	South America / Brazil / Rio de Janeiro / Itatiaia
EPI_ISL_1858380	2021-04-08	2021-05-04	South America / Brazil / Rio de Janeiro / Conceicao de Macabu
EPI_ISL_1858269	2021-04-07	2021-05-04	South America / Brazil / Rio de Janeiro / Itatiaia
EPI_ISL_1858271	2021-04-07	2021-05-04	South America / Brazil / Rio de Janeiro / Itatiaia
EPI_ISL_1858277	2021-04-10	2021-05-04	South America / Brazil / Rio de Janeiro / Rio das Flores
EPI_ISL_1858279	2021-04-09	2021-05-04	South America / Brazil / Rio de Janeiro / Sumidouro
EPI_ISL_1858334	2021-04-08	2021-05-04	South America / Brazil / Rio de Janeiro / Sao Pedro da Aldeia
EPI_ISL_1858500	2021-04-12	2021-05-04	South America / Brazil / Rio de Janeiro / Bom Jesus do Itabapoana
EPI_ISL_1858578	2021-04-14	2021-05-04	South America / Brazil / Rio de Janeiro / Mendes
EPI_ISL_1858656	2021-04-15	2021-05-04	South America / Brazil / Rio de Janeiro / Santo Antonio de Padua
EPI_ISL_1858699	2021-04-13	2021-05-04	South America / Brazil / Rio de Janeiro / Barra Mansa
EPI_ISL_1858740	2021-04-13	2021-05-04	South America / Brazil / Rio de Janeiro / Arraial do Cabo
EPI_ISL_1858741	2021-04-14	2021-05-04	South America / Brazil / Rio de Janeiro / Trajano de Moraes
EPI_ISL_1858860	2021-03-25	2021-05-04	South America / Brazil / Rio de Janeiro / Rio de Janeiro
EPI_ISL_1858979	2021-03-25	2021-05-04	South America / Brazil / Rio de Janeiro / Mage
EPI_ISL_1858882	2021-03-25	2021-05-04	South America / Brazil / Rio de Janeiro / Rio de Janeiro
EPI_ISL_1858988	2021-03-25	2021-05-04	South America / Brazil / Rio de Janeiro / Rio de Janeiro
EPI_ISL_1966371	2021-03-30	2021-05-08	South America / Brazil / Sao Paulo
EPI_ISL_1261684	2021-02-15	2021-03-16	South America / Brazil / Ceara
EPI_ISL_1911961	2021-04-05	2021-05-05	South America / Brazil / Sao Paulo / Ribeirao Bonito
EPI_ISL_1795109	2021-03-26	2021-04-29	South America / Brazil / Sao Paulo / Pirassununga
EPI_ISL_1795386	2021-03-21	2021-04-29	South America / Brazil / Sao Paulo / Sao Joaquim Da Barra
EPI_ISL_1795271	2021-03-24	2021-04-29	South America / Brazil / Sao Paulo / Paranapua
EPI_ISL_1967163	2021-04-09	2021-05-08	South America / Brazil / Sao Paulo
EPI_ISL_1967227	2021-04-19	2021-05-08	South America / Brazil / Sao Paulo
EPI_ISL_1966558	2021-04-05	2021-05-08	South America / Brazil / Sao Paulo
EPI_ISL_1293059	2021-02-02	2021-03-19	South America / Brazil / Sao Paulo / Guapiara
EPI_ISL_1966318	2021-03-22	2021-05-08	South America / Brazil / Sao Paulo
EPI_ISL_1966337	2021-03-23	2021-05-08	South America / Brazil / Sao Paulo
EPI_ISL_1966226	2021-03-15	2021-05-08	South America / Brazil / Sao Paulo
EPI_ISL_1966265	2021-03-18	2021-05-08	South America / Brazil / Sao Paulo
EPI_ISL_1966365	2021-03-29	2021-05-08	South America / Brazil / Sao Paulo
EPI_ISL_1966346	2021-03-22	2021-05-08	South America / Brazil / Sao Paulo
EPI_ISL_1966211	2021-03-15	2021-05-08	South America / Brazil / Sao Paulo
EPI_ISL_1966236	2021-03-15	2021-05-08	South America / Brazil / Sao Paulo
EPI_ISL_1966200	2021-03-09	2021-05-08	South America / Brazil / Sao Paulo
EPI_ISL_1966231	2021-03-16	2021-05-08	South America / Brazil / Sao Paulo
EPI_ISL_1966233	2021-03-15	2021-05-08	South America / Brazil / Sao Paulo
EPI_ISL_1966354	2021-03-29	2021-05-08	South America / Brazil / Sao Paulo
EPI_ISL_1966369	2021-03-30	2021-05-08	South America / Brazil / Sao Paulo
EPI_ISL_1966266	2021-03-16	2021-05-08	South America / Brazil / Sao Paulo
EPI_ISL_1966063	2021-02-27	2021-05-08	South America / Brazil / Sao Paulo
EPI_ISL_1966283	2021-03-22	2021-05-08	South America / Brazil / Sao Paulo
EPI_ISL_1966106	2021-03-03	2021-05-08	South America / Brazil / Sao Paulo
EPI_ISL_1966199	2021-03-09	2021-05-08	South America / Brazil / Sao Paulo
EPI_ISL_1966186	2021-03-10	2021-05-08	South America / Brazil / Sao Paulo
EPI_ISL_1966195	2021-03-10	2021-05-08	South America / Brazil / Sao Paulo
EPI_ISL_1966304	2021-03-22	2021-05-08	South America / Brazil / Sao Paulo
EPI_ISL_1966305	2021-03-22	2021-05-08	South America / Brazil / Sao Paulo
EPI_ISL_1966311	2021-03-22	2021-05-08	South America / Brazil / Sao Paulo
EPI_ISL_1966312	2021-03-22	2021-05-08	South America / Brazil / Sao Paulo
EPI_ISL_1966313	2021-03-22	2021-05-08	South America / Brazil / Sao Paulo
EPI_ISL_1966316	2021-03-21	2021-05-08	South America / Brazil / Sao Paulo
EPI_ISL_1966303	2021-03-22	2021-05-08	South America / Brazil / Sao Paulo
EPI_ISL_1967295	2021-04-18	2021-05-08	South America / Brazil / Sao Paulo
EPI_ISL_1966092	2021-03-01	2021-05-08	South America / Brazil / Sao Paulo
EPI_ISL_1966128	2021-03-10	2021-05-08	South America / Brazil / Sao Paulo
EPI_ISL_1966159	2021-03-09	2021-05-08	South America / Brazil / Sao Paulo
EPI_ISL_1966209	2021-03-16	2021-05-08	South America / Brazil / Sao Paulo
EPI_ISL_1966298	2021-03-22	2021-05-08	South America / Brazil / Sao Paulo
EPI_ISL_1966322	2021-03-20	2021-05-08	South America / Brazil / Sao Paulo
EPI_ISL_1966338	2021-03-22	2021-05-08	South America / Brazil / Sao Paulo
EPI_ISL_1966341	2021-03-22	2021-05-08	South America / Brazil / Sao Paulo
EPI_ISL_1966359	2021-03-30	2021-05-08	South America / Brazil / Sao Paulo
EPI_ISL_1966223	2021-03-14	2021-05-08	South America / Brazil / Sao Paulo
EPI_ISL_1966344	2021-03-22	2021-05-08	South America / Brazil / Sao Paulo
EPI_ISL_1966252	2021-03-15	2021-05-08	South America / Brazil / Sao Paulo
EPI_ISL_1966253	2021-03-15	2021-05-08	South America / Brazil / Sao Paulo
EPI_ISL_1966356	2021-03-29	2021-05-08	South America / Brazil / Sao Paulo
EPI_ISL_1966255	2021-03-15	2021-05-08	South America / Brazil / Sao Paulo
EPI_ISL_1966379	2021-03-30	2021-05-08	South America / Brazil / Sao Paulo
EPI_ISL_1966357	2021-03-29	2021-05-08	South America / Brazil / Sao Paulo
EPI_ISL_1966366	2021-03-29	2021-05-08	South America / Brazil / Sao Paulo
EPI_ISL_1966360	2021-03-29	2021-05-08	South America / Brazil / Sao Paulo
EPI_ISL_1966248	2021-03-17	2021-05-08	South America / Brazil / Sao Paulo
EPI_ISL_1966377	2021-03-30	2021-05-08	South America / Brazil / Sao Paulo
EPI_ISL_1966385	2021-03-28	2021-05-08	South America / Brazil / Sao Paulo
EPI_ISL_1966155	2021-03-10	2021-05-08	South America / Brazil / Sao Paulo
EPI_ISL_1966388	2021-03-29	2021-05-08	South America / Brazil / Sao Paulo
EPI_ISL_1966160	2021-03-09	2021-05-08	South America / Brazil / Sao Paulo
EPI_ISL_1966096	2021-02-27	2021-05-08	South America / Brazil / Sao Paulo
EPI_ISL_1966294	2021-03-22	2021-05-08	South America / Brazil / Sao Paulo
EPI_ISL_1966278	2021-03-22	2021-05-08	South America / Brazil / Sao Paulo
EPI_ISL_1966415	2021-03-29	2021-05-08	South America / Brazil / Sao Paulo
EPI_ISL_1966138	2021-03-08	2021-05-08	South America / Brazil / Sao Paulo
EPI_ISL_1966391	2021-03-30	2021-05-08	South America / Brazil / Sao Paulo
EPI_ISL_1966275	2021-03-22	2021-05-08	South America / Brazil / Sao Paulo
EPI_ISL_1966273	2021-03-22	2021-05-08	South America / Brazil / Sao Paulo
EPI_ISL_1966279	2021-03-22	2021-05-08	South America / Brazil / Sao Paulo
EPI_ISL_1966286	2021-03-22	2021-05-08	South America / Brazil / Sao Paulo
EPI_ISL_1966167	2021-03-09	2021-05-08	South America / Brazil / Sao Paulo
EPI_ISL_1966088	2021-02-26	2021-05-08	South America / Brazil / Sao Paulo
EPI_ISL_1966177	2021-03-09	2021-05-08	South America / Brazil / Sao Paulo
EPI_ISL_1966321	2021-03-20	2021-05-08	South America / Brazil / Sao Paulo
EPI_ISL_1966168	2021-03-09	2021-05-08	South America / Brazil / Sao Paulo
EPI_ISL_1966084	2021-02-28	2021-05-08	South America / Brazil / Sao Paulo
EPI_ISL_1966113	2021-03-08	2021-05-08	South America / Brazil / Sao Paulo
EPI_ISL_1966149	2021-03-08	2021-05-08	South America / Brazil / Sao Paulo
EPI_ISL_1966095	2021-02-27	2021-05-08	South America / Brazil / Sao Paulo
EPI_ISL_1966107	2021-03-02	2021-05-08	South America / Brazil / Sao Paulo
EPI_ISL_1966146	2021-03-09	2021-05-08	South America / Brazil / Sao Paulo
EPI_ISL_1966118	2021-03-09	2021-05-08	South America / Brazil / Sao Paulo
EPI_ISL_1966133	2021-03-09	2021-05-08	South America / Brazil / Sao Paulo
EPI_ISL_1966416	2021-03-29	2021-05-08	South America / Brazil / Sao Paulo
EPI_ISL_1966444	2021-03-31	2021-05-08	South America / Brazil / Sao Paulo
EPI_ISL_1966632	2021-04-05	2021-05-08	South America / Brazil / Sao Paulo
EPI_ISL_1966793	2021-04-12	2021-05-08	South America / Brazil / Sao Paulo
EPI_ISL_1967210	2021-04-20	2021-05-08	South America / Brazil / Sao Paulo
EPI_ISL_1967124	2021-04-07	2021-05-08	South America / Brazil / Sao Paulo
EPI_ISL_1967172	2021-04-09	2021-05-08	South America / Brazil / Sao Paulo
EPI_ISL_1966857	2021-04-08	2021-05-08	South America / Brazil / Sao Paulo
EPI_ISL_1966868	2021-04-07	2021-05-08	South America / Brazil / Sao Paulo
EPI_ISL_1967033	2021-04-08	2021-05-08	South America / Brazil / Sao Paulo
EPI_ISL_1966869	2021-04-07	2021-05-08	South America / Brazil / Sao Paulo
EPI_ISL_1966865	2021-04-08	2021-05-08	South America / Brazil / Sao Paulo
EPI_ISL_1966710	2021-04-04	2021-05-08	South America / Brazil / Sao Paulo
EPI_ISL_1967036	2021-04-08	2021-05-08	South America / Brazil / Sao Paulo
EPI_ISL_1966876	2021-04-05	2021-05-08	South America / Brazil / Sao Paulo
EPI_ISL_1967059	2021-04-05	2021-05-08	South America / Brazil / Sao Paulo
EPI_ISL_1966893	2021-04-06	2021-05-08	South America / Brazil / Sao Paulo
EPI_ISL_1966766	2021-04-14	2021-05-08	South America / Brazil / Sao Paulo
EPI_ISL_1966904	2021-04-08	2021-05-08	South America / Brazil / Sao Paulo
EPI_ISL_1966772	2021-04-15	2021-05-08	South America / Brazil / Sao Paulo
EPI_ISL_1966780	2021-04-14	2021-05-08	South America / Brazil / Sao Paulo
EPI_ISL_1966903	2021-04-09	2021-05-08	South America / Brazil / Sao Paulo
EPI_ISL_1966800	2021-04-11	2021-05-08	South America / Brazil / Sao Paulo
EPI_ISL_1966818	2021-04-14	2021-05-08	South America / Brazil / Sao Paulo
EPI_ISL_1966741	2021-04-15	2021-05-08	South America / Brazil / Sao Paulo
EPI_ISL_1967250	2021-04-19	2021-05-08	South America / Brazil / Sao Paulo
EPI_ISL_1967263	2021-04-18	2021-05-08	South America / Brazil / Sao Paulo
EPI_ISL_1967280	2021-04-19	2021-05-08	South America / Brazil / Sao Paulo
EPI_ISL_1967296	2021-04-18	2021-05-08	South America / Brazil / Sao Paulo
EPI_ISL_1967212	2021-04-20	2021-05-08	South America / Brazil / Sao Paulo
EPI_ISL_1967224	2021-04-19	2021-05-08	South America / Brazil / Sao Paulo
EPI_ISL_1966838	2021-04-04	2021-05-08	South America / Brazil / Sao Paulo
EPI_ISL_1966751	2021-04-14	2021-05-08	South America / Brazil / Sao Paulo
EPI_ISL_1967008	2021-04-06	2021-05-08	South America / Brazil / Sao Paulo
EPI_ISL_1966824	2021-04-07	2021-05-08	South America / Brazil / Sao Paulo
EPI_ISL_1966747	2021-04-14	2021-05-08	South America / Brazil / Sao Paulo
EPI_ISL_1966837	2021-04-04	2021-05-08	South America / Brazil / Sao Paulo
EPI_ISL_1966964	2021-04-07	2021-05-08	South America / Brazil / Sao Paulo
EPI_ISL_1967038	2021-04-08	2021-05-08	South America / Brazil / Sao Paulo
EPI_ISL_1966748	2021-04-15	2021-05-08	South America / Brazil / Sao Paulo
EPI_ISL_1967311	2021-04-18	2021-05-08	South America / Brazil / Sao Paulo
EPI_ISL_1966607	2021-04-04	2021-05-08	South America / Brazil / Sao Paulo
EPI_ISL_1966603	2021-04-04	2021-05-08	South America / Brazil / Sao Paulo
EPI_ISL_1967293	2021-04-18	2021-05-08	South America / Brazil / Sao Paulo
EPI_ISL_1967155	2021-04-05	2021-05-08	South America / Brazil / Sao Paulo
EPI_ISL_1966445	2021-03-29	2021-05-08	South America / Brazil / Sao Paulo
EPI_ISL_1967035	2021-04-08	2021-05-08	South America / Brazil / Sao Paulo
EPI_ISL_1966873	2021-04-04	2021-05-08	South America / Brazil / Sao Paulo
EPI_ISL_1966716	2021-04-05	2021-05-08	South America / Brazil / Sao Paulo
EPI_ISL_1966986	2021-04-06	2021-05-08	South America / Brazil / Sao Paulo
EPI_ISL_1966764	2021-04-15	2021-05-08	South America / Brazil / Sao Paulo
EPI_ISL_1966890	2021-04-05	2021-05-08	South America / Brazil / Sao Paulo
EPI_ISL_1966900	2021-04-08	2021-05-08	South America / Brazil / Sao Paulo
EPI_ISL_1966729	2021-04-12	2021-05-08	South America / Brazil / Sao Paulo
EPI_ISL_1966795	2021-04-15	2021-05-08	South America / Brazil / Sao Paulo
EPI_ISL_1966908	2021-04-06	2021-05-08	South America / Brazil / Sao Paulo
EPI_ISL_1966792	2021-04-12	2021-05-08	South America / Brazil / Sao Paulo
EPI_ISL_1966789	2021-04-14	2021-05-08	South America / Brazil / Sao Paulo
EPI_ISL_1966802	2021-04-12	2021-05-08	South America / Brazil / Sao Paulo
EPI_ISL_1966803	2021-04-12	2021-05-08	South America / Brazil / Sao Paulo
EPI_ISL_1966925	2021-04-07	2021-05-08	South America / Brazil / Sao Paulo
EPI_ISL_1966931	2021-04-07	2021-05-08	South America / Brazil / Sao Paulo
EPI_ISL_1966726	2021-04-12	2021-05-08	South America / Brazil / Sao Paulo
EPI_ISL_1966610	2021-04-05	2021-05-08	South America / Brazil / Sao Paulo
EPI_ISL_1966743	2021-04-14	2021-05-08	South America / Brazil / Sao Paulo
EPI_ISL_1966744	2021-04-15	2021-05-08	South America / Brazil / Sao Paulo
EPI_ISL_1966821	2021-04-14	2021-05-08	South America / Brazil / Sao Paulo
EPI_ISL_1966814	2021-04-15	2021-05-08	South America / Brazil / Sao Paulo
EPI_ISL_1966825	2021-04-07	2021-05-08	South America / Brazil / Sao Paulo
EPI_ISL_1966934	2021-04-08	2021-05-08	South America / Brazil / Sao Paulo
EPI_ISL_1967120	2021-04-08	2021-05-08	South America / Brazil / Sao Paulo
EPI_ISL_1966749	2021-04-12	2021-05-08	South America / Brazil / Sao Paulo
EPI_ISL_1967134	2021-04-07	2021-05-08	South America / Brazil / Sao Paulo
EPI_ISL_1966719	2021-04-05	2021-05-08	South America / Brazil / Sao Paulo
EPI_ISL_1966822	2021-04-13	2021-05-08	South America / Brazil / Sao Paulo
EPI_ISL_1966945	2021-04-05	2021-05-08	South America / Brazil / Sao Paulo
EPI_ISL_1967123	2021-04-07	2021-05-08	South America / Brazil / Sao Paulo
EPI_ISL_1967138	2021-04-08	2021-05-08	South America / Brazil / Sao Paulo
EPI_ISL_1966504	2021-04-01	2021-05-08	South America / Brazil / Sao Paulo
EPI_ISL_1967126	2021-04-08	2021-05-08	South America / Brazil / Sao Paulo
EPI_ISL_1966732	2021-04-12	2021-05-08	South America / Brazil / Sao Paulo
EPI_ISL_1967135	2021-04-07	2021-05-08	South America / Brazil / Sao Paulo
EPI_ISL_1967274	2021-04-19	2021-05-08	South America / Brazil / Sao Paulo
EPI_ISL_1967282	2021-04-18	2021-05-08	South America / Brazil / Sao Paulo
EPI_ISL_1967259	2021-04-18	2021-05-08	South America / Brazil / Sao Paulo
EPI_ISL_1967292	2021-04-18	2021-05-08	South America / Brazil / Sao Paulo
EPI_ISL_1967136	2021-04-08	2021-05-08	South America / Brazil / Sao Paulo
EPI_ISL_1967256	2021-04-19	2021-05-08	South America / Brazil / Sao Paulo
EPI_ISL_1967152	2021-04-05	2021-05-08	South America / Brazil / Sao Paulo
EPI_ISL_1967279	2021-04-19	2021-05-08	South America / Brazil / Sao Paulo
EPI_ISL_1967298	2021-04-23	2021-05-08	South America / Brazil / Sao Paulo
EPI_ISL_1967149	2021-04-05	2021-05-08	South America / Brazil / Sao Paulo
EPI_ISL_1967286	2021-04-20	2021-05-08	South America / Brazil / Sao Paulo
EPI_ISL_1966508	2021-03-29	2021-05-08	South America / Brazil / Sao Paulo
EPI_ISL_1967297	2021-04-18	2021-05-08	South America / Brazil / Sao Paulo
EPI_ISL_1967167	2021-04-09	2021-05-08	South America / Brazil / Sao Paulo
EPI_ISL_1967281	2021-04-19	2021-05-08	South America / Brazil / Sao Paulo
EPI_ISL_1967161	2021-04-07	2021-05-08	South America / Brazil / Sao Paulo
EPI_ISL_1967158	2021-04-05	2021-05-08	South America / Brazil / Sao Paulo
EPI_ISL_1967175	2021-04-09	2021-05-08	South America / Brazil / Sao Paulo
EPI_ISL_1967178	2021-04-09	2021-05-08	South America / Brazil / Sao Paulo
EPI_ISL_1967174	2021-04-09	2021-05-08	South America / Brazil / Sao Paulo
EPI_ISL_1967063	2021-04-08	2021-05-08	South America / Brazil / Sao Paulo
EPI_ISL_1967182	2021-04-09	2021-05-08	South America / Brazil / Sao Paulo
EPI_ISL_1967177	2021-04-09	2021-05-08	South America / Brazil / Sao Paulo
EPI_ISL_1967077	2021-04-05	2021-05-08	South America / Brazil / Sao Paulo
EPI_ISL_1967190	2021-04-09	2021-05-08	South America / Brazil / Sao Paulo
EPI_ISL_1967084	2021-04-04	2021-05-08	South America / Brazil / Sao Paulo
EPI_ISL_1967203	2021-04-19	2021-05-08	South America / Brazil / Sao Paulo
EPI_ISL_1967216	2021-04-18	2021-05-08	South America / Brazil / Sao Paulo
EPI_ISL_1966834	2021-04-08	2021-05-08	South America / Brazil / Sao Paulo
EPI_ISL_1966831	2021-04-08	2021-05-08	South America / Brazil / Sao Paulo
EPI_ISL_1967102	2021-04-07	2021-05-08	South America / Brazil / Sao Paulo
EPI_ISL_1966968	2021-04-05	2021-05-08	South America / Brazil / Sao Paulo
EPI_ISL_1966962	2021-04-07	2021-05-08	South America / Brazil / Sao Paulo
EPI_ISL_1967107	2021-04-07	2021-05-08	South America / Brazil / Sao Paulo
EPI_ISL_1967016	2021-04-07	2021-05-08	South America / Brazil / Sao Paulo
EPI_ISL_1966954	2021-04-06	2021-05-08	South America / Brazil / Sao Paulo
EPI_ISL_1967015	2021-04-07	2021-05-08	South America / Brazil / Sao Paulo
EPI_ISL_1966836	2021-04-04	2021-05-08	South America / Brazil / Sao Paulo
EPI_ISL_1967113	2021-04-08	2021-05-08	South America / Brazil / Sao Paulo
EPI_ISL_1966718	2021-04-05	2021-05-08	South America / Brazil / Sao Paulo
EPI_ISL_1966844	2021-04-08	2021-05-08	South America / Brazil / Sao Paulo
EPI_ISL_1966951	2021-04-08	2021-05-08	South America / Brazil / Sao Paulo
EPI_ISL_1967012	2021-04-06	2021-05-08	South America / Brazil / Sao Paulo
EPI_ISL_1966843	2021-04-09	2021-05-08	South America / Brazil / Sao Paulo
EPI_ISL_1967021	2021-04-05	2021-05-08	South America / Brazil / Sao Paulo
EPI_ISL_1967239	2021-04-18	2021-05-08	South America / Brazil / Sao Paulo
EPI_ISL_1966952	2021-04-05	2021-05-08	South America / Brazil / Sao Paulo
EPI_ISL_1966635	2021-04-05	2021-05-08	South America / Brazil / Sao Paulo
EPI_ISL_1966977	2021-04-06	2021-05-08	South America / Brazil / Sao Paulo
EPI_ISL_1967028	2021-04-08	2021-05-08	South America / Brazil / Sao Paulo
EPI_ISL_1967020	2021-04-07	2021-05-08	South America / Brazil / Sao Paulo
EPI_ISL_1967032	2021-04-07	2021-05-08	South America / Brazil / Sao Paulo
EPI_ISL_1966515	2021-03-29	2021-05-08	South America / Brazil / Sao Paulo
EPI_ISL_1966526	2021-03-30	2021-05-08	South America / Brazil / Sao Paulo
EPI_ISL_1966521	2021-03-30	2021-05-08	South America / Brazil / Sao Paulo
EPI_ISL_1966634	2021-04-05	2021-05-08	South America / Brazil / Sao Paulo
EPI_ISL_1966576	2021-04-05	2021-05-08	South America / Brazil / Sao Paulo
EPI_ISL_1966525	2021-03-29	2021-05-08	South America / Brazil / Sao Paulo
EPI_ISL_1966556	2021-04-05	2021-05-08	South America / Brazil / Sao Paulo
EPI_ISL_1966630	2021-04-05	2021-05-08	South America / Brazil / Sao Paulo
EPI_ISL_1966513	2021-03-29	2021-05-08	South America / Brazil / Sao Paulo
EPI_ISL_1966638	2021-04-05	2021-05-08	South America / Brazil / Sao Paulo
EPI_ISL_1966530	2021-03-30	2021-05-08	South America / Brazil / Sao Paulo
EPI_ISL_1966651	2021-04-05	2021-05-08	South America / Brazil / Sao Paulo
EPI_ISL_1966532	2021-03-30	2021-05-08	South America / Brazil / Sao Paulo
EPI_ISL_1966680	2021-04-05	2021-05-08	South America / Brazil / Sao Paulo
EPI_ISL_1966688	2021-04-05	2021-05-08	South America / Brazil / Sao Paulo
EPI_ISL_1966538	2021-03-29	2021-05-08	South America / Brazil / Sao Paulo
EPI_ISL_1966535	2021-03-29	2021-05-08	South America / Brazil / Sao Paulo
EPI_ISL_1966539	2021-03-29	2021-05-08	South America / Brazil / Sao Paulo
EPI_ISL_1966527	2021-03-30	2021-05-08	South America / Brazil / Sao Paulo
EPI_ISL_1966648	2021-04-04	2021-05-08	South America / Brazil / Sao Paulo
EPI_ISL_1966670	2021-04-08	2021-05-08	South America / Brazil / Sao Paulo
EPI_ISL_1966656	2021-04-05	2021-05-08	South America / Brazil / Sao Paulo
EPI_ISL_1966542	2021-03-30	2021-05-08	South America / Brazil / Sao Paulo
EPI_ISL_1966573	2021-04-05	2021-05-08	South America / Brazil / Sao Paulo
EPI_ISL_1966655	2021-04-06	2021-05-08	South America / Brazil / Sao Paulo
EPI_ISL_1966585	2021-04-05	2021-05-08	South America / Brazil / Sao Paulo
EPI_ISL_1966584	2021-04-05	2021-05-08	South America / Brazil / Sao Paulo
EPI_ISL_1966578	2021-04-05	2021-05-08	South America / Brazil / Sao Paulo
EPI_ISL_1966579	2021-04-05	2021-05-08	South America / Brazil / Sao Paulo
EPI_ISL_1966456	2021-03-29	2021-05-08	South America / Brazil / Sao Paulo
EPI_ISL_1966473	2021-03-29	2021-05-08	South America / Brazil / Sao Paulo
EPI_ISL_1966683	2021-04-05	2021-05-08	South America / Brazil / Sao Paulo
EPI_ISL_1966545	2021-03-30	2021-05-08	South America / Brazil / Sao Paulo
EPI_ISL_1966443	2021-03-31	2021-05-08	South America / Brazil / Sao Paulo
EPI_ISL_1966676	2021-04-05	2021-05-08	South America / Brazil / Sao Paulo
EPI_ISL_1966557	2021-04-05	2021-05-08	South America / Brazil / Sao Paulo
EPI_ISL_1966463	2021-03-29	2021-05-08	South America / Brazil / Sao Paulo
EPI_ISL_1966465	2021-03-30	2021-05-08	South America / Brazil / Sao Paulo
EPI_ISL_1966464	2021-03-30	2021-05-08	South America / Brazil / Sao Paulo
EPI_ISL_1966875	2021-04-04	2021-05-08	South America / Brazil / Sao Paulo
EPI_ISL_1967269	2021-04-18	2021-05-08	South America / Brazil / Sao Paulo
EPI_ISL_1966413	2021-03-30	2021-05-08	South America / Brazil / Sao Paulo
EPI_ISL_1966760	2021-04-12	2021-05-08	South America / Brazil / Sao Paulo
EPI_ISL_1967288	2021-04-22	2021-05-08	South America / Brazil / Sao Paulo
EPI_ISL_1966810	2021-04-12	2021-05-08	South America / Brazil / Sao Paulo
EPI_ISL_1966924	2021-04-07	2021-05-08	South America / Brazil / Sao Paulo
EPI_ISL_1966510	2021-03-30	2021-05-08	South America / Brazil / Sao Paulo
EPI_ISL_1966773	2021-04-11	2021-05-08	South America / Brazil / Sao Paulo
EPI_ISL_1966785	2021-04-15	2021-05-08	South America / Brazil / Sao Paulo
EPI_ISL_1967306	2021-04-22	2021-05-08	South America / Brazil / Sao Paulo
EPI_ISL_1967309	2021-04-22	2021-05-08	South America / Brazil / Sao Paulo
EPI_ISL_1966851	2021-04-05	2021-05-08	South America / Brazil / Sao Paulo
EPI_ISL_1967247	2021-04-18	2021-05-08	South America / Brazil / Sao Paulo
EPI_ISL_1966932	2021-04-07	2021-05-08	South America / Brazil / Sao Paulo
EPI_ISL_1966819	2021-04-14	2021-05-08	South America / Brazil / Sao Paulo
EPI_ISL_1966512	2021-03-29	2021-05-08	South America / Brazil / Sao Paulo
EPI_ISL_1966628	2021-04-05	2021-05-08	South America / Brazil / Sao Paulo
EPI_ISL_1966485	2021-03-29	2021-05-08	South America / Brazil / Sao Paulo
EPI_ISL_1966522	2021-03-29	2021-05-08	South America / Brazil / Sao Paulo
EPI_ISL_1966580	2021-04-05	2021-05-08	South America / Brazil / Sao Paulo
EPI_ISL_1966537	2021-03-29	2021-05-08	South America / Brazil / Sao Paulo
EPI_ISL_1966662	2021-04-05	2021-05-08	South America / Brazil / Sao Paulo
EPI_ISL_1966562	2021-04-05	2021-05-08	South America / Brazil / Sao Paulo
EPI_ISL_1966590	2021-04-05	2021-05-08	South America / Brazil / Sao Paulo
EPI_ISL_1966560	2021-04-05	2021-05-08	South America / Brazil / Sao Paulo
EPI_ISL_1966492	2021-03-29	2021-05-08	South America / Brazil / Sao Paulo
EPI_ISL_1966493	2021-03-29	2021-05-08	South America / Brazil / Sao Paulo
EPI_ISL_1966915	2021-04-07	2021-05-08	South America / Brazil / Sao Paulo
EPI_ISL_1967088	2021-04-04	2021-05-08	South America / Brazil / Sao Paulo
EPI_ISL_1966959	2021-04-06	2021-05-08	South America / Brazil / Sao Paulo
EPI_ISL_1967070	2021-04-04	2021-05-08	South America / Brazil / Sao Paulo
EPI_ISL_2003131	2021-03-25	2021-05-11	South America / Brazil / Sao Paulo / Guaruja
EPI_ISL_2003124	2021-03-31	2021-05-11	South America / Brazil / Sao Paulo / Ubatuba
EPI_ISL_2003144	2021-03-31	2021-05-11	South America / Brazil / Sao Paulo / Itanhaem
EPI_ISL_2003130	2021-03-30	2021-05-11	South America / Brazil / Sao Paulo / Cachoeira Paulista
EPI_ISL_2003162	2021-03-30	2021-05-11	South America / Brazil / Sao Paulo / Varzea Paulista
EPI_ISL_2003125	2021-03-31	2021-05-11	South America / Brazil / Sao Paulo / Santa Branca
EPI_ISL_2003127	2021-03-31	2021-05-11	South America / Brazil / Sao Paulo / Taubate
EPI_ISL_2003119	2021-03-30	2021-05-11	South America / Brazil / Sao Paulo / Sao Sebastiao
EPI_ISL_2003115	2021-03-26	2021-05-11	South America / Brazil / Sao Paulo / Sao Paulo
EPI_ISL_2003113	2021-01-03	2021-05-11	South America / Brazil / Sao Paulo / Campinas
EPI_ISL_2003132	2021-04-10	2021-05-11	South America / Brazil / Sao Paulo / Peruibe
EPI_ISL_2003142	2021-03-27	2021-05-11	South America / Brazil / Sao Paulo / Cubatao
EPI_ISL_2003151	2021-03-18	2021-05-11	South America / Brazil / Sao Paulo / Bauru
EPI_ISL_2003141	2021-03-26	2021-05-11	South America / Brazil / Sao Paulo / Praia Grande
EPI_ISL_2003111	2021-03-10	2021-05-11	South America / Brazil / Sao Paulo / Bauru
EPI_ISL_2003167	2021-03-29	2021-05-11	South America / Brazil / Sao Paulo / Braganca Paulista
EPI_ISL_2003139	2021-03-18	2021-05-11	South America / Brazil / Sao Paulo / Itanhaem
EPI_ISL_2003137	2021-03-12	2021-05-11	South America / Brazil / Sao Paulo / Santos
EPI_ISL_2003114	2021-03-23	2021-05-11	South America / Brazil / Sao Paulo / Sao Paulo
EPI_ISL_2003129	2021-03-30	2021-05-11	South America / Brazil / Sao Paulo / Campos do Jordao
EPI_ISL_2003133	2021-04-11	2021-05-11	South America / Brazil / Sao Paulo / Peruibe
EPI_ISL_2008930	2021-04-27	2021-05-11	South America / Brazil / Sao Paulo / Sao Jose do Rio Preto
EPI_ISL_2008947	2021-04-19	2021-05-11	South America / Brazil / Sao Paulo / Guapiacu
EPI_ISL_2008941	2021-03-24	2021-05-11	South America / Brazil / Sao Paulo / Olimpia
EPI_ISL_2008944	2021-04-19	2021-05-11	South America / Brazil / Sao Paulo / Sao Jose do Rio Preto
EPI_ISL_2008945	2021-04-19	2021-05-11	South America / Brazil / Sao Paulo / Sao Jose do Rio Preto
EPI_ISL_2008959	2021-04-19	2021-05-11	South America / Brazil / Sao Paulo / Sao Jose do Rio Preto
EPI_ISL_2008949	2021-04-19	2021-05-11	South America / Brazil / Sao Paulo / Jose Bonifacio
EPI_ISL_2008940	2021-03-24	2021-05-11	South America / Brazil / Sao Paulo / Sao Jose do Rio Preto
EPI_ISL_2008946	2021-04-19	2021-05-11	South America / Brazil / Sao Paulo / Sao Jose do Rio Preto
EPI_ISL_2008954	2021-04-19	2021-05-11	South America / Brazil / Sao Paulo / Sao Jose do Rio Preto
EPI_ISL_2017402	2021-04-01	2021-05-11	South America / Brazil / Goias / Aparecida de Goiania
EPI_ISL_2017360	2021-04-07	2021-05-11	South America / Brazil / Goias / Aparecida de Goiania
EPI_ISL_2017417	2021-03-25	2021-05-11	South America / Brazil / Goias / Aparecida de Goiania
EPI_ISL_2017416	2021-03-25	2021-05-11	South America / Brazil / Goias / Aparecida de Goiania
EPI_ISL_2017404	2021-03-29	2021-05-11	South America / Brazil / Goias / Aparecida de Goiania
EPI_ISL_2017437	2021-04-26	2021-05-11	South America / Brazil / Goias / Aparecida de Goiania
EPI_ISL_2017448	2021-04-14	2021-05-11	South America / Brazil / Goias / Aparecida de Goiania
EPI_ISL_2017378	2021-04-19	2021-05-11	South America / Brazil / Goias / Aparecida de Goiania
EPI_ISL_2017479	2021-02-26	2021-05-11	South America / Brazil / Goias / Aparecida de Goiania
EPI_ISL_2017470	2021-02-18	2021-05-11	South America / Brazil / Goias / Aparecida de Goiania
EPI_ISL_2017481	2021-02-27	2021-05-11	South America / Brazil / Goias / Aparecida de Goiania
EPI_ISL_2017368	2021-04-06	2021-05-11	South America / Brazil / Goias / Aparecida de Goiania
EPI_ISL_2017399	2021-03-29	2021-05-11	South America / Brazil / Goias / Aparecida de Goiania
EPI_ISL_2017331	2021-04-14	2021-05-11	South America / Brazil / Goias / Aparecida de Goiania
EPI_ISL_2017357	2021-04-07	2021-05-11	South America / Brazil / Goias / Aparecida de Goiania
EPI_ISL_2038930	2021-01-22	2021-05-12	South America / Brazil / Santa Catarina / Chapeco
EPI_ISL_2038942	2021-02-09	2021-05-12	South America / Brazil / Santa Catarina / Chapeco
EPI_ISL_2038953	2021-02-02	2021-05-12	South America / Brazil / Santa Catarina / Chapeco
EPI_ISL_2038947	2021-02-15	2021-05-12	South America / Brazil / Santa Catarina / Sao Joaquim
EPI_ISL_2038956	2021-03-10	2021-05-12	South America / Brazil / Rio de Janeiro / Paraiba do Sul
EPI_ISL_2038949	2021-02-19	2021-05-12	South America / Brazil / Santa Catarina / Braco do Norte
EPI_ISL_2038948	2021-02-21	2021-05-12	South America / Brazil / Santa Catarina / Mafra
EPI_ISL_2038959	2021-03-03	2021-05-12	South America / Brazil / Rio Grande do Sul / Seberi
EPI_ISL_2038962	2021-02-15	2021-05-12	South America / Brazil / Rio de Janeiro / Rio de Janeiro
EPI_ISL_2038951	2021-01-30	2021-05-12	South America / Brazil / Santa Catarina / Chapeco
EPI_ISL_2038955	2021-02-12	2021-05-12	South America / Brazil / Parana / Cascavel
EPI_ISL_2038958	2021-02-09	2021-05-12	South America / Brazil / Rio Grande do Sul / Nonoai
EPI_ISL_2038952	2021-02-01	2021-05-12	South America / Brazil / Santa Catarina / Chapeco
EPI_ISL_2038965	2021-02-22	2021-05-12	South America / Brazil / Minas Gerais / Santo Antonio do Aventureiro
EPI_ISL_2038964	2021-02-11	2021-05-12	South America / Brazil / Alagoas / Maceio
EPI_ISL_2038968	2021-03-04	2021-05-12	South America / Brazil / Espirito Santo / Serra
EPI_ISL_2038963	2021-02-24	2021-05-12	South America / Brazil / Rio de Janeiro / Rio de Janeiro
EPI_ISL_2038961	2021-02-15	2021-05-12	South America / Brazil / Rio de Janeiro / Rio de Janeiro
EPI_ISL_2086621	2021-04	2021-05-13	South America / Brazil / Rio Grande do Sul
EPI_ISL_2086616	2021-04	2021-05-13	South America / Brazil / Rio Grande do Sul
EPI_ISL_2086619	2021-04	2021-05-13	South America / Brazil / Rio Grande do Sul
EPI_ISL_2086618	2021-04	2021-05-13	South America / Brazil / Rio Grande do Sul
EPI_ISL_2086598	2021-03	2021-05-13	South America / Brazil / Rio Grande do Sul
EPI_ISL_2086604	2021-03	2021-05-13	South America / Brazil / Rio Grande do Sul
EPI_ISL_2086615	2021-04	2021-05-13	South America / Brazil / Rio Grande do Sul
EPI_ISL_2086589	2021-02	2021-05-13	South America / Brazil / Rio Grande do Sul
EPI_ISL_2086594	2021-03	2021-05-13	South America / Brazil / Rio Grande do Sul
EPI_ISL_2101591	2021-04-23	2021-05-15	South America / Brazil / Rio de Janeiro / Quissama
EPI_ISL_2101407	2021-04-08	2021-05-15	South America / Brazil / Rio de Janeiro / Vassouras
EPI_ISL_2101669	2021-04-12	2021-05-15	South America / Brazil / Rio de Janeiro / Rio de Janeiro
EPI_ISL_2101672	2021-04-22	2021-05-15	South America / Brazil / Rio de Janeiro / Santa Maria Madalena
EPI_ISL_2101652	2021-04-14	2021-05-15	South America / Brazil / Rio de Janeiro / Rio de Janeiro
EPI_ISL_2101582	2021-04-23	2021-05-15	South America / Brazil / Rio de Janeiro / Porto Real
EPI_ISL_2101732	2021-04-26	2021-05-15	South America / Brazil / Rio de Janeiro / Santo Antonio de Padua
EPI_ISL_2101653	2021-04-13	2021-05-15	South America / Brazil / Rio de Janeiro / Rio de Janeiro
EPI_ISL_2101502	2021-04-22	2021-05-15	South America / Brazil / Rio de Janeiro / Miracema
EPI_ISL_2101585	2021-04-25	2021-05-15	South America / Brazil / Rio de Janeiro / Porto Real
EPI_ISL_2101740	2021-04-12	2021-05-15	South America / Brazil / Rio de Janeiro / Rio de Janeiro
EPI_ISL_2101691	2021-04-20	2021-05-15	South America / Brazil / Rio de Janeiro / Sao Joao de Meriti
EPI_ISL_2101697	2021-04-21	2021-05-15	South America / Brazil / Rio de Janeiro / Sao Jose de Uba
EPI_ISL_2101693	2021-04-19	2021-05-15	South America / Brazil / Rio de Janeiro / Sao Joao de Meriti
EPI_ISL_2101685	2021-04-19	2021-05-15	South America / Brazil / Rio de Janeiro / Sao Goncalo
EPI_ISL_2101698	2021-04-21	2021-05-15	South America / Brazil / Rio de Janeiro / Sao Pedro da Aldeia
EPI_ISL_2101664	2021-04-09	2021-05-15	South America / Brazil / Rio de Janeiro / Rio de Janeiro
EPI_ISL_2101681	2021-04-19	2021-05-15	South America / Brazil / Rio de Janeiro / Sao Goncalo
EPI_ISL_2101674	2021-04-20	2021-05-15	South America / Brazil / Rio de Janeiro / Santo Antonio de Padua
EPI_ISL_2101696	2021-04-19	2021-05-15	South America / Brazil / Rio de Janeiro / Sao Joao de Meriti
EPI_ISL_2101662	2021-04-08	2021-05-15	South America / Brazil / Rio de Janeiro / Rio de Janeiro
EPI_ISL_2101680	2021-04-14	2021-05-15	South America / Brazil / Rio de Janeiro / Sao Goncalo
EPI_ISL_2101689	2021-04-26	2021-05-15	South America / Brazil / Rio de Janeiro / Sao Joao Da Barra
EPI_ISL_2101679	2021-04-14	2021-05-15	South America / Brazil / Rio de Janeiro / Sao Goncalo
EPI_ISL_2101646	2021-04-13	2021-05-15	South America / Brazil / Rio de Janeiro / Rio de Janeiro
EPI_ISL_2101658	2021-04-13	2021-05-15	South America / Brazil / Rio de Janeiro / Rio de Janeiro
EPI_ISL_2101642	2021-04-08	2021-05-15	South America / Brazil / Rio de Janeiro / Rio de Janeiro
EPI_ISL_2101666	2021-04-12	2021-05-15	South America / Brazil / Rio de Janeiro / Rio de Janeiro
EPI_ISL_2101639	2021-04-08	2021-05-15	South America / Brazil / Rio de Janeiro / Rio de Janeiro
EPI_ISL_2101741	2021-04-13	2021-05-15	South America / Brazil / Rio de Janeiro / Rio de Janeiro
EPI_ISL_2101723	2021-04-19	2021-05-15	South America / Brazil / Santa Catarina / Joinville
EPI_ISL_2101713	2021-04-26	2021-05-15	South America / Brazil / Rio de Janeiro / Saquarema
EPI_ISL_2101745	2021-04-22	2021-05-15	South America / Brazil / Rio de Janeiro / Natividade
EPI_ISL_2101641	2021-04-08	2021-05-15	South America / Brazil / Rio de Janeiro / Rio de Janeiro
EPI_ISL_2101647	2021-04-12	2021-05-15	South America / Brazil / Rio de Janeiro / Rio de Janeiro
EPI_ISL_2101725	2021-04-23	2021-05-15	South America / Brazil / Sao Paulo / Lorena
EPI_ISL_2101738	2021-04-22	2021-05-15	South America / Brazil / Rio de Janeiro / Armacao Dos Buzios
EPI_ISL_2101724	2021-04-12	2021-05-15	South America / Brazil / Sao Paulo / Barretos
EPI_ISL_2101715	2021-04-17	2021-05-15	South America / Brazil / Rio de Janeiro / Silva Jardim
EPI_ISL_2101712	2021-04-26	2021-05-15	South America / Brazil / Rio de Janeiro / Saquarema
EPI_ISL_2101702	2021-04-21	2021-05-15	South America / Brazil / Rio de Janeiro / Sao Pedro da Aldeia
EPI_ISL_2101717	2021-04-20	2021-05-15	South America / Brazil / Rio de Janeiro / Sumidouro
EPI_ISL_2101708	2021-04-26	2021-05-15	South America / Brazil / Rio de Janeiro / Sao Sebastiao do Alto
EPI_ISL_2101705	2021-04-22	2021-05-15	South America / Brazil / Rio de Janeiro / Sao Pedro da Aldeia
EPI_ISL_2101473	2021-04-19	2021-05-15	South America / Brazil / Rio de Janeiro / Itaborai
EPI_ISL_2101467	2021-04-20	2021-05-15	South America / Brazil / Rio de Janeiro / Guapimirim
EPI_ISL_2101584	2021-04-23	2021-05-15	South America / Brazil / Rio de Janeiro / Porto Real
EPI_ISL_2101571	2021-04-10	2021-05-15	South America / Brazil / Rio de Janeiro / Petropolis
EPI_ISL_2101583	2021-04-23	2021-05-15	South America / Brazil / Rio de Janeiro / Porto Real
EPI_ISL_2101477	2021-04-19	2021-05-15	South America / Brazil / Rio de Janeiro / Itatiaia
EPI_ISL_2101459	2021-04-14	2021-05-15	South America / Brazil / Rio de Janeiro / Duque de Caxias
EPI_ISL_2101469	2021-04-19	2021-05-15	South America / Brazil / Rio de Janeiro / Iguaba Grande
EPI_ISL_2101550	2021-04-19	2021-05-15	South America / Brazil / Rio de Janeiro / Petropolis
EPI_ISL_2101468	2021-04-18	2021-05-15	South America / Brazil / Rio de Janeiro / Iguaba Grande
EPI_ISL_2101465	2021-04-19	2021-05-15	South America / Brazil / Rio de Janeiro / Guapimirim
EPI_ISL_2101555	2021-04-19	2021-05-15	South America / Brazil / Rio de Janeiro / Petropolis
EPI_ISL_2101580	2021-04-22	2021-05-15	South America / Brazil / Rio de Janeiro / Porto Real
EPI_ISL_2101575	2021-04-22	2021-05-15	South America / Brazil / Rio de Janeiro / Pirai
EPI_ISL_2101448	2021-04-20	2021-05-15	South America / Brazil / Rio de Janeiro / Conceicao de Macabu
EPI_ISL_2101447	2021-04-22	2021-05-15	South America / Brazil / Rio de Janeiro / Carmo
EPI_ISL_2101451	2021-04-20	2021-05-15	South America / Brazil / Rio de Janeiro / Conceicao de Macabu
EPI_ISL_2101578	2021-04-21	2021-05-15	South America / Brazil / Rio de Janeiro / Porto Real
EPI_ISL_2101445	2021-04-22	2021-05-15	South America / Brazil / Rio de Janeiro / Carmo
EPI_ISL_2101579	2021-04-21	2021-05-15	South America / Brazil / Rio de Janeiro / Porto Real
EPI_ISL_2101449	2021-04-20	2021-05-15	South America / Brazil / Rio de Janeiro / Conceicao de Macabu
EPI_ISL_2101434	2021-04-21	2021-05-15	South America / Brazil / Rio de Janeiro / Bom Jardim
EPI_ISL_2101439	2021-04-24	2021-05-15	South America / Brazil / Rio de Janeiro / Bom Jesus do Itabapoana
EPI_ISL_2101545	2021-04-20	2021-05-15	South America / Brazil / Rio de Janeiro / Petropolis
EPI_ISL_2101552	2021-04-19	2021-05-15	South America / Brazil / Rio de Janeiro / Petropolis
EPI_ISL_2101433	2021-04-14	2021-05-15	South America / Brazil / Rio de Janeiro / Belford Roxo
EPI_ISL_2101426	2021-04-20	2021-05-15	South America / Brazil / Rio de Janeiro / Barra do Pirai
EPI_ISL_2101425	2021-04-21	2021-05-15	South America / Brazil / Rio de Janeiro / Barra do Pirai
EPI_ISL_2101559	2021-04-19	2021-05-15	South America / Brazil / Rio de Janeiro / Petropolis
EPI_ISL_2101437	2021-04-21	2021-05-15	South America / Brazil / Rio de Janeiro / Bom Jesus do Itabapoana
EPI_ISL_2101422	2021-04-20	2021-05-15	South America / Brazil / Rio de Janeiro / Barra do Pirai
EPI_ISL_2101410	2021-04-19	2021-05-15	South America / Brazil / Rio de Janeiro / Aperibe
EPI_ISL_2101419	2021-04-22	2021-05-15	South America / Brazil / Rio de Janeiro / Armacao Dos Buzios
EPI_ISL_2101429	2021-04-11	2021-05-15	South America / Brazil / Rio de Janeiro / Belford Roxo
EPI_ISL_2101532	2021-04-21	2021-05-15	South America / Brazil / Rio de Janeiro / Paty do Alferes
EPI_ISL_2101535	2021-04-22	2021-05-15	South America / Brazil / Rio de Janeiro / Paty do Alferes
EPI_ISL_2101546	2021-04-19	2021-05-15	South America / Brazil / Rio de Janeiro / Petropolis
EPI_ISL_2101416	2021-04-20	2021-05-15	South America / Brazil / Rio de Janeiro / Araruama
EPI_ISL_2101411	2021-04-20	2021-05-15	South America / Brazil / Rio de Janeiro / Araruama
EPI_ISL_2101511	2021-04-20	2021-05-15	South America / Brazil / Rio de Janeiro / Niteroi
EPI_ISL_2101415	2021-04-20	2021-05-15	South America / Brazil / Rio de Janeiro / Araruama
EPI_ISL_2101538	2021-04-25	2021-05-15	South America / Brazil / Rio de Janeiro / Paty do Alferes
EPI_ISL_2101414	2021-04-20	2021-05-15	South America / Brazil / Rio de Janeiro / Araruama
EPI_ISL_2101512	2021-04-19	2021-05-15	South America / Brazil / Rio de Janeiro / Niteroi
EPI_ISL_2101404	2021-04-21	2021-05-15	South America / Brazil / Rio de Janeiro / Bom Jardim
EPI_ISL_2101506	2021-04-15	2021-05-15	South America / Brazil / Rio de Janeiro / Nilopolis
EPI_ISL_2101510	2021-04-19	2021-05-15	South America / Brazil / Rio de Janeiro / Niteroi
EPI_ISL_2101515	2021-04-22	2021-05-15	South America / Brazil / Rio de Janeiro / Nova Friburgo
EPI_ISL_2101406	2021-04-21	2021-05-15	South America / Brazil / Rio de Janeiro / Sao Pedro da Aldeia
EPI_ISL_2101635	2021-04-23	2021-05-15	South America / Brazil / Rio de Janeiro / Rio das Ostras
EPI_ISL_2101505	2021-04-16	2021-05-15	South America / Brazil / Rio de Janeiro / Nilopolis
EPI_ISL_2101500	2021-04-22	2021-05-15	South America / Brazil / Rio de Janeiro / Miracema
EPI_ISL_2101633	2021-04-23	2021-05-15	South America / Brazil / Rio de Janeiro / Rio das Ostras
EPI_ISL_2101514	2021-04-22	2021-05-15	South America / Brazil / Rio de Janeiro / Nova Friburgo
EPI_ISL_2101509	2021-04-20	2021-05-15	South America / Brazil / Rio de Janeiro / Niteroi
EPI_ISL_2101623	2021-04-22	2021-05-15	South America / Brazil / Rio de Janeiro / Rio das Ostras
EPI_ISL_2101525	2021-04-17	2021-05-15	South America / Brazil / Rio de Janeiro / Nova Iguacu
EPI_ISL_2101503	2021-04-22	2021-05-15	South America / Brazil / Rio de Janeiro / Miracema
EPI_ISL_2101519	2021-04-22	2021-05-15	South America / Brazil / Rio de Janeiro / Nova Friburgo
EPI_ISL_2101619	2021-04-26	2021-05-15	South America / Brazil / Rio de Janeiro / Rio das Flores
EPI_ISL_2101493	2021-04-21	2021-05-15	South America / Brazil / Rio de Janeiro / Mangaratiba
EPI_ISL_2101495	2021-04-16	2021-05-15	South America / Brazil / Rio de Janeiro / Marica
EPI_ISL_2101501	2021-04-22	2021-05-15	South America / Brazil / Rio de Janeiro / Miracema
EPI_ISL_2101486	2021-04-19	2021-05-15	South America / Brazil / Rio de Janeiro / Mangaratiba
EPI_ISL_2101613	2021-04-20	2021-05-15	South America / Brazil / Rio de Janeiro / Rio Claro
EPI_ISL_2101601	2021-04-21	2021-05-15	South America / Brazil / Rio de Janeiro / Resende
EPI_ISL_2101484	2021-04-19	2021-05-15	South America / Brazil / Rio de Janeiro / Mage
EPI_ISL_2101508	2021-04-20	2021-05-15	South America / Brazil / Rio de Janeiro / Niteroi
EPI_ISL_2101507	2021-04-22	2021-05-15	South America / Brazil / Rio de Janeiro / Niteroi
EPI_ISL_2101385	2021-04-11	2021-05-15	South America / Brazil / Rio de Janeiro / Campos dos Goytacazes
EPI_ISL_2101606	2021-04-23	2021-05-15	South America / Brazil / Rio de Janeiro / Resende
EPI_ISL_2101497	2021-04-19	2021-05-15	South America / Brazil / Rio de Janeiro / Mendes
EPI_ISL_2101498	2021-04-19	2021-05-15	South America / Brazil / Rio de Janeiro / Mendes
EPI_ISL_2101492	2021-04-21	2021-05-15	South America / Brazil / Rio de Janeiro / Mangaratiba
EPI_ISL_2101605	2021-04-23	2021-05-15	South America / Brazil / Rio de Janeiro / Resende
EPI_ISL_2101489	2021-04-21	2021-05-15	South America / Brazil / Rio de Janeiro / Mangaratiba
EPI_ISL_2101386	2021-04-08	2021-05-15	South America / Brazil / Rio de Janeiro / Vassouras
EPI_ISL_2101491	2021-04-21	2021-05-15	South America / Brazil / Rio de Janeiro / Mangaratiba
EPI_ISL_2101481	2021-04-23	2021-05-15	South America / Brazil / Rio de Janeiro / Macae
EPI_ISL_2101420	2021-04-22	2021-05-15	South America / Brazil / Rio de Janeiro / Armacao Dos Buzios
EPI_ISL_2101645	2021-04-12	2021-05-15	South America / Brazil / Rio de Janeiro / Rio de Janeiro
EPI_ISL_2101734	2021-04-19	2021-05-15	South America / Brazil / Rio de Janeiro / Rio Bonito
EPI_ISL_2102521	2021-04-13	2021-05-15	South America / Brazil / Goias / Aparecida de Goiania
EPI_ISL_2102520	2021-03-19	2021-05-15	South America / Brazil / Goias / Aparecida de Goiania
EPI_ISL_2102018	2021-03-22	2021-05-15	South America / Brazil / Amazonas / Manaus
EPI_ISL_1795175	2021-03-21	2021-04-29	South America / Brazil / Sao Paulo / Sumare
EPI_ISL_2107296	2021-04-27	2021-05-16	South America / Brazil / Sao Paulo / Sao Jose do Rio Preto
EPI_ISL_2107297	2021-04-27	2021-05-16	South America / Brazil / Sao Paulo / Sao Jose do Rio Preto
EPI_ISL_2107293	2021-04-27	2021-05-16	South America / Brazil / Sao Paulo / Sao Jose do Rio Preto
EPI_ISL_2107298	2021-04-27	2021-05-16	South America / Brazil / Sao Paulo / Sao Jose do Rio Preto
EPI_ISL_2107302	2021-04-19	2021-05-16	South America / Brazil / Sao Paulo / Mirassol
EPI_ISL_2107292	2021-04-27	2021-05-16	South America / Brazil / Sao Paulo / Mirassol
EPI_ISL_2107295	2021-04-27	2021-05-16	South America / Brazil / Sao Paulo / Sao Jose do Rio Preto
EPI_ISL_2107303	2021-04-19	2021-05-16	South America / Brazil / Sao Paulo / Sao Jose do Rio Preto
EPI_ISL_1445238	2021-02-26	2021-04-01	South America / Brazil / Sao Paulo / Santos
EPI_ISL_1445138	2021-03-07	2021-04-01	South America / Brazil / Sao Paulo / Sorocaba
EPI_ISL_1445092	2021-03-08	2021-04-01	South America / Brazil / Sao Paulo / Piracaia
EPI_ISL_1445106	2021-03-08	2021-04-01	South America / Brazil / Sao Paulo / Campinas
EPI_ISL_1445228	2021-03-15	2021-04-01	South America / Brazil / Sao Paulo / Osasco
EPI_ISL_2139536	2021-03-17	2021-05-18	South America / Brazil / Rio Grande do Sul / Canoas
EPI_ISL_2139531	2021-03-12	2021-05-18	South America / Brazil / Rio Grande do Sul / Porto Alegre
EPI_ISL_2139501	2021-03-09	2021-05-18	South America / Brazil / Rio Grande do Sul / Porto Alegre
EPI_ISL_2139537	2021-03-16	2021-05-18	South America / Brazil / Rio Grande do Sul / Porto Alegre
EPI_ISL_2139510	2021-03-12	2021-05-18	South America / Brazil / Rio Grande do Sul / Porto Alegre
EPI_ISL_2139518	2021-03-11	2021-05-18	South America / Brazil / Rio Grande do Sul / Gravataí
EPI_ISL_2139508	2021-03-09	2021-05-18	South America / Brazil / Rio Grande do Sul / Porto Alegre
EPI_ISL_2139522	2021-03-16	2021-05-18	South America / Brazil / Rio Grande do Sul / Canoas
EPI_ISL_2139525	2021-03-15	2021-05-18	South America / Brazil / Rio Grande do Sul / Portão
EPI_ISL_2139516	2021-03-12	2021-05-18	South America / Brazil / Rio Grande do Sul / Porto Alegre
EPI_ISL_2139524	2021-03-09	2021-05-18	South America / Brazil / Rio Grande do Sul / Porto Alegre
EPI_ISL_2139504	2021-03-12	2021-05-18	South America / Brazil / Rio Grande do Sul / Cachoeira do Sul
EPI_ISL_1464640	2021-03-11	2021-04-02	South America / Brazil / Sao Paulo / Sao Paulo
EPI_ISL_1465210	2021-02-06	2021-04-02	South America / Brazil / Maranhao / Sao Luis
EPI_ISL_1465205	2021-02-08	2021-04-02	South America / Brazil / Maranhao / Sao Luis
EPI_ISL_1465215	2021-02-03	2021-04-02	South America / Brazil / Maranhao / Sao Luis
EPI_ISL_1465202	2021-02-11	2021-04-02	South America / Brazil / Maranhao / Sao Luis
EPI_ISL_2154956	2021-03-25	2021-05-19	South America / Brazil / Sao Paulo / Sao Jose do Rio Preto
EPI_ISL_2154703	2021-03-25	2021-05-19	South America / Brazil / Sao Paulo / Sao Jose do Rio Preto
EPI_ISL_2157532	2021-04-09	2021-05-19	South America / Brazil / Bahia / Pojuca
EPI_ISL_2157523	2021-04-02	2021-05-19	South America / Brazil / Alagoas / Maceio
EPI_ISL_2157528	2021-04-07	2021-05-19	South America / Brazil / Rio de Janeiro / Iguaba Grande
EPI_ISL_2157500	2021-03-19	2021-05-19	South America / Brazil / Santa Catarina / Tubarao
EPI_ISL_2157519	2021-03-29	2021-05-19	South America / Brazil / Alagoas / Maceio
EPI_ISL_2157518	2021-03-27	2021-05-19	South America / Brazil / Santa Catarina / Ararangua
EPI_ISL_2157514	2021-03-25	2021-05-19	South America / Brazil / Alagoas / Maceio
EPI_ISL_2157508	2021-03-21	2021-05-19	South America / Brazil / Alagoas / Maceio
EPI_ISL_2157531	2021-04-09	2021-05-19	South America / Brazil / Bahia / Salvador
EPI_ISL_2157530	2021-04-08	2021-05-19	South America / Brazil / Rio de Janeiro / Rio de Janeiro
EPI_ISL_2157535	2021-04-09	2021-05-19	South America / Brazil / Bahia / Salvador
EPI_ISL_2157415	2021-03-05	2021-05-19	South America / Brazil / Alagoas / Santana do Ipanema
EPI_ISL_2157537	2021-04-12	2021-05-19	South America / Brazil / Rio de Janeiro / Iguaba Grande
EPI_ISL_2157408	2021-03-03	2021-05-19	South America / Brazil / Parana / Toledo
EPI_ISL_2157538	2021-04-12	2021-05-19	South America / Brazil / Rio de Janeiro / Iguaba Grande
EPI_ISL_2157407	2021-03-03	2021-05-19	South America / Brazil / Santa Catarina / Garopaba
EPI_ISL_2157409	2021-03-04	2021-05-19	South America / Brazil / Santa Catarina / Armazem
EPI_ISL_2157521	2021-03-29	2021-05-19	South America / Brazil / Alagoas / Marechal Deodoro
EPI_ISL_2157406	2021-03-03	2021-05-19	South America / Brazil / Santa Catarina / Aurora
EPI_ISL_2157526	2021-04-06	2021-05-19	South America / Brazil / Rio de Janeiro / Rio de Janeiro
EPI_ISL_2157527	2021-04-06	2021-05-19	South America / Brazil / Parana / Curitiba
EPI_ISL_2157434	2021-03-09	2021-05-19	South America / Brazil / Sergipe / Aracaju
EPI_ISL_2157522	2021-04-02	2021-05-19	South America / Brazil / Alagoas / Maceio
EPI_ISL_2157402	2021-03-02	2021-05-19	South America / Brazil / Parana / Curitiba
EPI_ISL_2157439	2021-03-09	2021-05-19	South America / Brazil / Sergipe / Aracaju
EPI_ISL_2157430	2021-03-09	2021-05-19	South America / Brazil / Sergipe / Aracaju
EPI_ISL_2157549	2021-04-13	2021-05-19	South America / Brazil / Rio de Janeiro / Sao Pedro da Aldeia
EPI_ISL_2157420	2021-03-07	2021-05-19	South America / Brazil / Parana / Lapa
EPI_ISL_2157433	2021-03-09	2021-05-19	South America / Brazil / Sergipe / Aracaju
EPI_ISL_2157429	2021-03-09	2021-05-19	South America / Brazil / Sergipe / Aracaju
EPI_ISL_2157426	2021-03-09	2021-05-19	South America / Brazil / Santa Catarina / Imbituba
EPI_ISL_2157427	2021-03-09	2021-05-19	South America / Brazil / Sergipe / Aracaju
EPI_ISL_2157424	2021-03-08	2021-05-19	South America / Brazil / Parana / Francisco Beltrao
EPI_ISL_2157421	2021-03-07	2021-05-19	South America / Brazil / Parana / Toledo
EPI_ISL_2157542	2021-04-20	2021-05-19	South America / Brazil / Bahia / Itamaraju
EPI_ISL_2157548	2021-03-20	2021-05-19	South America / Brazil / Santa Catarina / Balneario Picarras
EPI_ISL_2157422	2021-03-08	2021-05-19	South America / Brazil / Alagoas / Rio Largo
EPI_ISL_2157459	2021-03-10	2021-05-19	South America / Brazil / Sergipe / Nossa Senhora do Socorro
EPI_ISL_2157447	2021-03-10	2021-05-19	South America / Brazil / Santa Catarina / Porto Belo
EPI_ISL_2157454	2021-03-10	2021-05-19	South America / Brazil / Sergipe / Aracaju
EPI_ISL_2157448	2021-03-10	2021-05-19	South America / Brazil / Santa Catarina / Garopaba
EPI_ISL_2157450	2021-03-10	2021-05-19	South America / Brazil / Santa Catarina / Rio do Sul
EPI_ISL_2157451	2021-03-10	2021-05-19	South America / Brazil / Alagoas / Maceio
EPI_ISL_2157456	2021-03-10	2021-05-19	South America / Brazil / Sergipe / Aracaju
EPI_ISL_2157452	2021-03-10	2021-05-19	South America / Brazil / Parana / Curitiba
EPI_ISL_2157457	2021-03-10	2021-05-19	South America / Brazil / Sergipe / Aracaju
EPI_ISL_2157473	2021-03-12	2021-05-19	South America / Brazil / Sergipe / Aracaju
EPI_ISL_2157453	2021-03-10	2021-05-19	South America / Brazil / Sergipe / Aracaju
EPI_ISL_2157440	2021-03-09	2021-05-19	South America / Brazil / Sergipe / Aracaju
EPI_ISL_2157444	2021-03-09	2021-05-19	South America / Brazil / Sergipe / Aracaju
EPI_ISL_2157449	2021-03-10	2021-05-19	South America / Brazil / Sergipe / Aracaju
EPI_ISL_2157446	2021-03-09	2021-05-19	South America / Brazil / Sergipe / Nossa Senhora do Socorro
EPI_ISL_2157441	2021-03-09	2021-05-19	South America / Brazil / Sergipe / Aracaju
EPI_ISL_2157443	2021-03-09	2021-05-19	South America / Brazil / Sergipe / Aracaju
EPI_ISL_2157445	2021-03-09	2021-05-19	South America / Brazil / Sergipe / Aracaju
EPI_ISL_2157442	2021-03-09	2021-05-19	South America / Brazil / Sergipe / Aracaju
EPI_ISL_2157481	2021-03-14	2021-05-19	South America / Brazil / Minas Gerais / Ituiutaba
EPI_ISL_2157486	2021-03-15	2021-05-19	South America / Brazil / Parana / Maringa
EPI_ISL_2157388	2021-02-27	2021-05-19	South America / Brazil / Parana / Ponta Grossa
EPI_ISL_2157400	2021-03-02	2021-05-19	South America / Brazil / Santa Catarina / Ituporanga
EPI_ISL_2157377	2021-03-08	2021-05-19	South America / Brazil / Santa Catarina / Camboriu
EPI_ISL_2157387	2021-02-27	2021-05-19	South America / Brazil / Parana / Pien
EPI_ISL_2157546	2021-03-12	2021-05-19	South America / Brazil / Sergipe / Aracaju
EPI_ISL_2157540	2021-04-13	2021-05-19	South America / Brazil / Rio de Janeiro / Rio de Janeiro
EPI_ISL_2157484	2021-03-15	2021-05-19	South America / Brazil / Santa Catarina / Concordia
EPI_ISL_2157541	2021-04-17	2021-05-19	South America / Brazil / Alagoas / Maceio
EPI_ISL_2157545	2021-04-22	2021-05-19	South America / Brazil / Rio de Janeiro / Rio de Janeiro
EPI_ISL_804837	2020-12-23	2021-01-12	South America / Brazil / Amazonas
EPI_ISL_804835	2020-12-18	2021-01-12	South America / Brazil / Amazonas
EPI_ISL_804843	2020-12-21	2021-01-12	South America / Brazil / Amazonas
EPI_ISL_804836	2020-12-23	2021-01-12	South America / Brazil / Amazonas
EPI_ISL_804823	2020-12-17	2021-01-12	South America / Brazil / Amazonas
EPI_ISL_804820	2020-12-21	2021-01-12	South America / Brazil / Amazonas
EPI_ISL_804832	2020-12-17	2021-01-12	South America / Brazil / Amazonas
EPI_ISL_804824	2020-12-17	2021-01-12	South America / Brazil / Amazonas
EPI_ISL_804821	2020-12-21	2021-01-12	South America / Brazil / Amazonas
EPI_ISL_804814	2020-12-21	2021-01-12	South America / Brazil / Amazonas
EPI_ISL_804840	2020-12-21	2021-01-12	South America / Brazil / Amazonas
EPI_ISL_2170920	2021-03-15	2021-05-20	South America / Brazil / Sao Paulo
EPI_ISL_2170906	2021-03-01	2021-05-20	South America / Brazil / Sao Paulo
EPI_ISL_2170954	2021-04-05	2021-05-20	South America / Brazil / Sao Paulo
EPI_ISL_2171028	2021-04-23	2021-05-20	South America / Brazil / Sao Paulo
EPI_ISL_2170995	2021-04-22	2021-05-20	South America / Brazil / Sao Paulo
EPI_ISL_2170969	2021-04-13	2021-05-20	South America / Brazil / Sao Paulo
EPI_ISL_2171037	2021-04-18	2021-05-20	South America / Brazil / Sao Paulo
EPI_ISL_2170980	2021-04-18	2021-05-20	South America / Brazil / Sao Paulo
EPI_ISL_2171022	2021-04-23	2021-05-20	South America / Brazil / Sao Paulo
EPI_ISL_2171038	2021-04-18	2021-05-20	South America / Brazil / Sao Paulo
EPI_ISL_2170964	2021-04-14	2021-05-20	South America / Brazil / Sao Paulo
EPI_ISL_2170997	2021-04-23	2021-05-20	South America / Brazil / Sao Paulo
EPI_ISL_2171019	2021-04-18	2021-05-20	South America / Brazil / Sao Paulo
EPI_ISL_2171033	2021-04-18	2021-05-20	South America / Brazil / Sao Paulo
EPI_ISL_2171009	2021-04-18	2021-05-20	South America / Brazil / Sao Paulo
EPI_ISL_2171011	2021-04-18	2021-05-20	South America / Brazil / Sao Paulo
EPI_ISL_2170942	2021-04-05	2021-05-20	South America / Brazil / Sao Paulo
EPI_ISL_2170926	2021-03-18	2021-05-20	South America / Brazil / Sao Paulo
EPI_ISL_2170921	2021-03-17	2021-05-20	South America / Brazil / Sao Paulo
EPI_ISL_2171007	2021-04-18	2021-05-20	South America / Brazil / Sao Paulo
EPI_ISL_2170927	2021-03-22	2021-05-20	South America / Brazil / Sao Paulo
EPI_ISL_2170931	2021-03-28	2021-05-20	South America / Brazil / Sao Paulo
EPI_ISL_2171021	2021-04-23	2021-05-20	South America / Brazil / Sao Paulo
EPI_ISL_2171012	2021-04-18	2021-05-20	South America / Brazil / Sao Paulo
EPI_ISL_2171030	2021-04-18	2021-05-20	South America / Brazil / Sao Paulo
EPI_ISL_2171010	2021-04-18	2021-05-20	South America / Brazil / Sao Paulo
EPI_ISL_2171034	2021-04-18	2021-05-20	South America / Brazil / Sao Paulo
EPI_ISL_2171017	2021-04-18	2021-05-20	South America / Brazil / Sao Paulo
EPI_ISL_2170960	2021-04-04	2021-05-20	South America / Brazil / Sao Paulo
EPI_ISL_2170971	2021-04-18	2021-05-20	South America / Brazil / Sao Paulo
EPI_ISL_2170981	2021-04-18	2021-05-20	South America / Brazil / Sao Paulo
EPI_ISL_2171013	2021-04-18	2021-05-20	South America / Brazil / Sao Paulo
EPI_ISL_2171023	2021-04-18	2021-05-20	South America / Brazil / Sao Paulo
EPI_ISL_2170984	2021-04-19	2021-05-20	South America / Brazil / Sao Paulo
EPI_ISL_2170974	2021-04-18	2021-05-20	South America / Brazil / Sao Paulo
EPI_ISL_2170993	2021-04-20	2021-05-20	South America / Brazil / Sao Paulo
EPI_ISL_2170979	2021-04-18	2021-05-20	South America / Brazil / Sao Paulo
EPI_ISL_2171005	2021-04-18	2021-05-20	South America / Brazil / Sao Paulo
EPI_ISL_2170975	2021-04-18	2021-05-20	South America / Brazil / Sao Paulo
EPI_ISL_2170937	2021-03-30	2021-05-20	South America / Brazil / Sao Paulo
EPI_ISL_2170928	2021-03-22	2021-05-20	South America / Brazil / Sao Paulo
EPI_ISL_2170944	2021-04-05	2021-05-20	South America / Brazil / Sao Paulo
EPI_ISL_2170915	2021-03-16	2021-05-20	South America / Brazil / Sao Paulo
EPI_ISL_2170949	2021-04-06	2021-05-20	South America / Brazil / Sao Paulo
EPI_ISL_2170897	2021-04-05	2021-05-20	South America / Brazil / Sao Paulo
EPI_ISL_1494978	2021-02-26	2021-04-07	South America / Brazil / Minas Gerais / Belo Horizonte
EPI_ISL_833139	2020-12-22	2021-01-17	South America / Brazil / Amazonas / Manaus
EPI_ISL_833172	2020-12-17	2021-01-17	South America / Brazil / Amazonas
EPI_ISL_833169	2020-12-23	2021-01-17	South America / Brazil / Amazonas
EPI_ISL_2187820	2021-02-25	2021-05-20	South America / Brazil / Goias / Aparecida de Goiania
EPI_ISL_2187779	2021-02-09	2021-05-20	South America / Brazil / Goias / Aparecida de Goiania
EPI_ISL_2187859	2021-03-08	2021-05-20	South America / Brazil / Goias / Aparecida de Goiania
EPI_ISL_2187836	2021-03-02	2021-05-20	South America / Brazil / Goias / Aparecida de Goiania
EPI_ISL_2187946	2021-04-01	2021-05-20	South America / Brazil / Goias / Aparecida de Goiania
EPI_ISL_2188003	2021-05-03	2021-05-20	South America / Brazil / Goias / Aparecida de Goiania
EPI_ISL_2188014	2021-05-04	2021-05-20	South America / Brazil / Goias / Aparecida de Goiania
EPI_ISL_2188010	2021-05-04	2021-05-20	South America / Brazil / Goias / Aparecida de Goiania
EPI_ISL_2188009	2021-05-04	2021-05-20	South America / Brazil / Goias / Aparecida de Goiania
EPI_ISL_2187929	2021-03-31	2021-05-20	South America / Brazil / Goias / Aparecida de Goiania
EPI_ISL_2188011	2021-05-04	2021-05-20	South America / Brazil / Goias / Aparecida de Goiania
EPI_ISL_2188007	2021-05-04	2021-05-20	South America / Brazil / Goias / Aparecida de Goiania
EPI_ISL_2187813	2021-02-24	2021-05-20	South America / Brazil / Goias / Aparecida de Goiania
EPI_ISL_2187809	2021-02-22	2021-05-20	South America / Brazil / Goias / Aparecida de Goiania
EPI_ISL_2187935	2021-04-01	2021-05-20	South America / Brazil / Goias / Aparecida de Goiania
EPI_ISL_2187927	2021-03-31	2021-05-20	South America / Brazil / Goias / Aparecida de Goiania
EPI_ISL_2187807	2021-02-22	2021-05-20	South America / Brazil / Goias / Aparecida de Goiania
EPI_ISL_2187931	2021-04-01	2021-05-20	South America / Brazil / Goias / Aparecida de Goiania
EPI_ISL_2187933	2021-03-31	2021-05-20	South America / Brazil / Goias / Aparecida de Goiania
EPI_ISL_2187934	2021-03-31	2021-05-20	South America / Brazil / Goias / Aparecida de Goiania
EPI_ISL_2187907	2021-03-18	2021-05-20	South America / Brazil / Goias / Aparecida de Goiania
EPI_ISL_2187854	2021-03-08	2021-05-20	South America / Brazil / Goias / Aparecida de Goiania
EPI_ISL_2187974	2021-04-09	2021-05-20	South America / Brazil / Goias / Aparecida de Goiania
EPI_ISL_2187851	2021-03-05	2021-05-20	South America / Brazil / Goias / Aparecida de Goiania
EPI_ISL_2187841	2021-03-02	2021-05-20	South America / Brazil / Goias / Aparecida de Goiania
EPI_ISL_2188002	2021-05-03	2021-05-20	South America / Brazil / Goias / Aparecida de Goiania
EPI_ISL_2187845	2021-03-04	2021-05-20	South America / Brazil / Goias / Aparecida de Goiania
EPI_ISL_2187844	2021-03-04	2021-05-20	South America / Brazil / Goias / Aparecida de Goiania
EPI_ISL_2188001	2021-05-03	2021-05-20	South America / Brazil / Goias / Aparecida de Goiania
EPI_ISL_2187829	2021-03-02	2021-05-20	South America / Brazil / Goias / Aparecida de Goiania
EPI_ISL_2187817	2021-02-24	2021-05-20	South America / Brazil / Goias / Aparecida de Goiania
EPI_ISL_2187825	2021-02-28	2021-05-20	South America / Brazil / Goias / Aparecida de Goiania
EPI_ISL_2187771	2021-02-05	2021-05-20	South America / Brazil / Goias / Aparecida de Goiania
EPI_ISL_2187762	2021-02-03	2021-05-20	South America / Brazil / Goias / Aparecida de Goiania
EPI_ISL_2187770	2021-02-05	2021-05-20	South America / Brazil / Goias / Aparecida de Goiania
EPI_ISL_2187886	2021-03-15	2021-05-20	South America / Brazil / Goias / Aparecida de Goiania
EPI_ISL_2187879	2021-03-11	2021-05-20	South America / Brazil / Goias / Aparecida de Goiania
EPI_ISL_2187980	2021-04-09	2021-05-20	South America / Brazil / Goias / Aparecida de Goiania
EPI_ISL_2187861	2021-03-08	2021-05-20	South America / Brazil / Goias / Aparecida de Goiania
EPI_ISL_2187866	2021-03-09	2021-05-20	South America / Brazil / Goias / Aparecida de Goiania
EPI_ISL_2187862	2021-03-08	2021-05-20	South America / Brazil / Goias / Aparecida de Goiania
EPI_ISL_2187748	2021-01-28	2021-05-20	South America / Brazil / Goias / Aparecida de Goiania
EPI_ISL_2187780	2021-02-09	2021-05-20	South America / Brazil / Goias / Aparecida de Goiania
EPI_ISL_2187984	2021-04-15	2021-05-20	South America / Brazil / Goias / Aparecida de Goiania
EPI_ISL_2187792	2021-02-16	2021-05-20	South America / Brazil / Goias / Aparecida de Goiania
EPI_ISL_2187784	2021-02-11	2021-05-20	South America / Brazil / Goias / Aparecida de Goiania
EPI_ISL_2187787	2021-02-12	2021-05-20	South America / Brazil / Goias / Aparecida de Goiania
EPI_ISL_2188021	2021-05-05	2021-05-20	South America / Brazil / Goias / Aparecida de Goiania
EPI_ISL_2188023	2021-05-05	2021-05-20	South America / Brazil / Goias / Aparecida de Goiania
EPI_ISL_2188017	2021-05-04	2021-05-20	South America / Brazil / Goias / Aparecida de Goiania
EPI_ISL_2196192	2021-03-07	2021-05-21	South America / Brazil / Rio de Janeiro / Rio de Janeiro
EPI_ISL_2196195	2021-03-02	2021-05-21	South America / Brazil / Rio de Janeiro / Rio de Janeiro
EPI_ISL_2196223	2021-02-26	2021-05-21	South America / Brazil / Sergipe / Aracaju
EPI_ISL_2196222	2021-02-25	2021-05-21	South America / Brazil / Sergipe / Caninde de Sao Francisco
EPI_ISL_2196215	2021-02-26	2021-05-21	South America / Brazil / Sergipe / Aracaju
EPI_ISL_2196193	2021-03-07	2021-05-21	South America / Brazil / Rio de Janeiro / Rio de Janeiro
EPI_ISL_2196187	2021-03-02	2021-05-21	South America / Brazil / Rio de Janeiro / Rio de Janeiro
EPI_ISL_2196228	2021-02-24	2021-05-21	South America / Brazil / Sergipe / Aracaju
EPI_ISL_2196229	2021-02-24	2021-05-21	South America / Brazil / Sergipe / Nossa Senhora do Socorro
EPI_ISL_2196221	2021-02-24	2021-05-21	South America / Brazil / Sergipe / Nossa Senhora do Socorro
EPI_ISL_2196224	2021-02-24	2021-05-21	South America / Brazil / Sergipe / Porto da Folha
EPI_ISL_2196205	2021-03-31	2021-05-21	South America / Brazil / Rio de Janeiro / Cabo Frio
EPI_ISL_2196204	2021-03-31	2021-05-21	South America / Brazil / Rio de Janeiro / Cabo Frio
EPI_ISL_2196213	2021-02-24	2021-05-21	South America / Brazil / Sergipe / Aracaju
EPI_ISL_2196218	2021-02-24	2021-05-21	South America / Brazil / Sergipe / Aracaju
EPI_ISL_2196202	2021-03-31	2021-05-21	South America / Brazil / Rio de Janeiro / Rio de Janeiro
EPI_ISL_2196293	2021-04-09	2021-05-21	South America / Brazil / Para / Augusto Correa
EPI_ISL_2196311	2021-03-30	2021-05-21	South America / Brazil / Parana / Candido de Abreu
EPI_ISL_2196338	2021-03-30	2021-05-21	South America / Brazil / Santa Catarina / Itaiopolis
EPI_ISL_2196277	2021-03-15	2021-05-21	South America / Brazil / Minas Gerais / Betim
EPI_ISL_2196275	2021-03-28	2021-05-21	South America / Brazil / Minas Gerais / Lagoa Santa
EPI_ISL_2196253	2021-04-26	2021-05-21	South America / Brazil / Bahia / Canarana
EPI_ISL_2196263	2021-03-10	2021-05-21	South America / Brazil / Maranhao / Sao Luis
EPI_ISL_2196257	2021-03-26	2021-05-21	South America / Brazil / Minas Gerais / Paracatu
EPI_ISL_2196298	2021-04-08	2021-05-21	South America / Brazil / Para / Augusto Correa
EPI_ISL_2196258	2021-03-14	2021-05-21	South America / Brazil / Minas Gerais / Barbacena
EPI_ISL_2196291	2021-04-06	2021-05-21	South America / Brazil / Para / Braganca
EPI_ISL_2196320	2021-04-06	2021-05-21	South America / Brazil / Rio de Janeiro / Nova Friburgo
EPI_ISL_2196347	2021-03-28	2021-05-21	South America / Brazil / Santa Catarina / Forquilhinha
EPI_ISL_2196354	2021-04-01	2021-05-21	South America / Brazil / Santa Catarina / Canoinhas
EPI_ISL_2196296	2021-04-09	2021-05-21	South America / Brazil / Para / Augusto Correa
EPI_ISL_2196318	2021-04-06	2021-05-21	South America / Brazil / Rio de Janeiro / Nova Friburgo
EPI_ISL_2196312	2021-04-10	2021-05-21	South America / Brazil / Parana / Ivaipora
EPI_ISL_2196309	2021-04-01	2021-05-21	South America / Brazil / Parana / Congonhinhas
EPI_ISL_2196266	2021-03-10	2021-05-21	South America / Brazil / Maranhao / Sao Luis
EPI_ISL_2196270	2021-03-01	2021-05-21	South America / Brazil / Minas Gerais / Patrocinio
EPI_ISL_2196245	2021-04-06	2021-05-21	South America / Brazil / Rio de Janeiro / Nova Friburgo
EPI_ISL_2196232	2021-02-26	2021-05-21	South America / Brazil / Sergipe / Nossa Senhora da Gloria
EPI_ISL_2196234	2021-02-26	2021-05-21	South America / Brazil / Sergipe / Capela
EPI_ISL_2196250	2021-03-19	2021-05-21	South America / Brazil / Santa Catarina / Florianopolis
EPI_ISL_2196329	2021-04-15	2021-05-21	South America / Brazil / Rio de Janeiro / Iguaba Grande
EPI_ISL_2196334	2021-04-21	2021-05-21	South America / Brazil / Rio de Janeiro / Rio de Janeiro
EPI_ISL_2196248	2021-03-30	2021-05-21	South America / Brazil / Santa Catarina / Atalanta
EPI_ISL_2196289	2021-04-06	2021-05-21	South America / Brazil / Para / Braganca
EPI_ISL_2196294	2021-04-09	2021-05-21	South America / Brazil / Para / Augusto Correa
EPI_ISL_2196297	2021-04-08	2021-05-21	South America / Brazil / Para / Augusto Correa
EPI_ISL_2196325	2021-04-14	2021-05-21	South America / Brazil / Rio de Janeiro / Iguaba Grande
EPI_ISL_2196327	2021-04-14	2021-05-21	South America / Brazil / Rio de Janeiro / Iguaba Grande
EPI_ISL_2196315	2021-04-14	2021-05-21	South America / Brazil / Rio de Janeiro / Iguaba Grande
EPI_ISL_2196352	2021-03-28	2021-05-21	South America / Brazil / Sergipe / Tobias Barreto
EPI_ISL_2196281	2021-03-26	2021-05-21	South America / Brazil / Para / Breves
EPI_ISL_2196332	2021-04-15	2021-05-21	South America / Brazil / Rio de Janeiro / Iguaba Grande
EPI_ISL_2196273	2021-03-13	2021-05-21	South America / Brazil / Minas Gerais / Jaiba
EPI_ISL_2196276	2021-03-26	2021-05-21	South America / Brazil / Minas Gerais / Itajuba
EPI_ISL_2196272	2021-03-03	2021-05-21	South America / Brazil / Minas Gerais / Paracatu
EPI_ISL_2196279	2021-03-26	2021-05-21	South America / Brazil / Minas Gerais / Paracatu
EPI_ISL_2196268	2021-03-19	2021-05-21	South America / Brazil / Maranhao / Sao Luis
EPI_ISL_2196252	2021-03-31	2021-05-21	South America / Brazil / Parana / Curitiba
EPI_ISL_2196255	2021-03-05	2021-05-21	South America / Brazil / Santa Catarina / Florianopolis
EPI_ISL_2196243	2021-04-12	2021-05-21	South America / Brazil / Para / Quatipuru
EPI_ISL_2196236	2021-03-31	2021-05-21	South America / Brazil / Rio de Janeiro / Iguaba Grande
EPI_ISL_1534009	2021-02-26	2021-04-10	South America / Brazil / Santa Catarina / Joinville
EPI_ISL_2209496	2021-04-16	2021-05-21	South America / Brazil / Sao Paulo
EPI_ISL_2209793	2021-03-28	2021-05-21	South America / Brazil / Sao Paulo
EPI_ISL_2209680	2021-03-30	2021-05-21	South America / Brazil / Sao Paulo
EPI_ISL_2209707	2021-05-05	2021-05-21	South America / Brazil / Sao Paulo
EPI_ISL_2209661	2021-03-30	2021-05-21	South America / Brazil / Sao Paulo
EPI_ISL_2209600	2021-04-29	2021-05-21	South America / Brazil / Sao Paulo
EPI_ISL_2209807	2021-03-28	2021-05-21	South America / Brazil / Sao Paulo
EPI_ISL_2209543	2021-04-23	2021-05-21	South America / Brazil / Sao Paulo
EPI_ISL_2209746	2021-05-03	2021-05-21	South America / Brazil / Sao Paulo
EPI_ISL_2209653	2021-03-29	2021-05-21	South America / Brazil / Sao Paulo
EPI_ISL_2209490	2021-03-29	2021-05-21	South America / Brazil / Sao Paulo
EPI_ISL_2209668	2021-05-03	2021-05-21	South America / Brazil / Sao Paulo
EPI_ISL_2209717	2021-04-12	2021-05-21	South America / Brazil / Sao Paulo
EPI_ISL_2209494	2021-04-26	2021-05-21	South America / Brazil / Sao Paulo
EPI_ISL_2209739	2021-05-05	2021-05-21	South America / Brazil / Sao Paulo
EPI_ISL_2209565	2021-05-03	2021-05-21	South America / Brazil / Sao Paulo
EPI_ISL_2209464	2021-05-04	2021-05-21	South America / Brazil / Sao Paulo
EPI_ISL_2209732	2021-04-30	2021-05-21	South America / Brazil / Sao Paulo
EPI_ISL_2209404	2021-04-19	2021-05-21	South America / Brazil / Sao Paulo
EPI_ISL_2209590	2021-05-05	2021-05-21	South America / Brazil / Sao Paulo
EPI_ISL_2209443	2021-04-09	2021-05-21	South America / Brazil / Sao Paulo
EPI_ISL_2209579	2021-05-03	2021-05-21	South America / Brazil / Sao Paulo
EPI_ISL_2209516	2021-05-03	2021-05-21	South America / Brazil / Sao Paulo
EPI_ISL_2209621	2021-04-14	2021-05-21	South America / Brazil / Sao Paulo
EPI_ISL_2209511	2021-04-28	2021-05-21	South America / Brazil / Sao Paulo
EPI_ISL_2209425	2021-03-29	2021-05-21	South America / Brazil / Sao Paulo
EPI_ISL_2209527	2021-04-26	2021-05-21	South America / Brazil / Sao Paulo
EPI_ISL_2209541	2021-04-26	2021-05-21	South America / Brazil / Sao Paulo
EPI_ISL_2209419	2021-04-29	2021-05-21	South America / Brazil / Sao Paulo
EPI_ISL_2209360	2021-04-09	2021-05-21	South America / Brazil / Sao Paulo
EPI_ISL_2209628	2021-04-20	2021-05-21	South America / Brazil / Sao Paulo
EPI_ISL_2209366	2021-04-30	2021-05-21	South America / Brazil / Sao Paulo
EPI_ISL_2209269	2021-04-22	2021-05-21	South America / Brazil / Sao Paulo
EPI_ISL_2209415	2021-04-04	2021-05-21	South America / Brazil / Sao Paulo
EPI_ISL_2209363	2021-04-30	2021-05-21	South America / Brazil / Sao Paulo
EPI_ISL_2209603	2021-05-05	2021-05-21	South America / Brazil / Sao Paulo
EPI_ISL_2209351	2021-05-05	2021-05-21	South America / Brazil / Sao Paulo
EPI_ISL_2209401	2021-04-19	2021-05-21	South America / Brazil / Sao Paulo
EPI_ISL_2209607	2021-05-03	2021-05-21	South America / Brazil / Sao Paulo
EPI_ISL_2209624	2021-04-25	2021-05-21	South America / Brazil / Sao Paulo
EPI_ISL_2209617	2021-05-02	2021-05-21	South America / Brazil / Sao Paulo
EPI_ISL_2209248	2021-04-12	2021-05-21	South America / Brazil / Sao Paulo
EPI_ISL_2209341	2021-05-03	2021-05-21	South America / Brazil / Sao Paulo
EPI_ISL_2209237	2021-04-12	2021-05-21	South America / Brazil / Sao Paulo
EPI_ISL_2209252	2021-04-09	2021-05-21	South America / Brazil / Sao Paulo
EPI_ISL_2209325	2021-05-05	2021-05-21	South America / Brazil / Sao Paulo
EPI_ISL_2209329	2021-04-25	2021-05-21	South America / Brazil / Sao Paulo
EPI_ISL_2209222	2021-04-12	2021-05-21	South America / Brazil / Sao Paulo
EPI_ISL_2209129	2021-04-09	2021-05-21	South America / Brazil / Sao Paulo
EPI_ISL_2209101	2021-04-30	2021-05-21	South America / Brazil / Sao Paulo
EPI_ISL_2209040	2021-04-14	2021-05-21	South America / Brazil / Sao Paulo
EPI_ISL_2208930	2021-04-30	2021-05-21	South America / Brazil / Sao Paulo
EPI_ISL_2208874	2021-04-22	2021-05-21	South America / Brazil / Sao Paulo
EPI_ISL_2209045	2021-05-05	2021-05-21	South America / Brazil / Sao Paulo
EPI_ISL_2209152	2021-03-30	2021-05-21	South America / Brazil / Sao Paulo
EPI_ISL_2208981	2021-04-27	2021-05-21	South America / Brazil / Sao Paulo
EPI_ISL_2209904	2021-04-26	2021-05-21	South America / Brazil / Sao Paulo
EPI_ISL_2210231	2021-04-05	2021-05-21	South America / Brazil / Sao Paulo
EPI_ISL_2210106	2021-04-12	2021-05-21	South America / Brazil / Sao Paulo
EPI_ISL_2210189	2021-03-24	2021-05-21	South America / Brazil / Sao Paulo
EPI_ISL_2210186	2021-05-03	2021-05-21	South America / Brazil / Sao Paulo
EPI_ISL_2209844	2021-05-05	2021-05-21	South America / Brazil / Sao Paulo
EPI_ISL_2210223	2021-04-28	2021-05-21	South America / Brazil / Sao Paulo
EPI_ISL_2210207	2021-04-13	2021-05-21	South America / Brazil / Sao Paulo
EPI_ISL_2209864	2021-04-25	2021-05-21	South America / Brazil / Sao Paulo
EPI_ISL_2210253	2021-04-11	2021-05-21	South America / Brazil / Sao Paulo
EPI_ISL_2210259	2021-05-06	2021-05-21	South America / Brazil / Sao Paulo
EPI_ISL_2210141	2021-05-05	2021-05-21	South America / Brazil / Sao Paulo
EPI_ISL_2210110	2021-05-03	2021-05-21	South America / Brazil / Sao Paulo
EPI_ISL_2210275	2021-05-05	2021-05-21	South America / Brazil / Sao Paulo
EPI_ISL_2210148	2021-04-29	2021-05-21	South America / Brazil / Sao Paulo
EPI_ISL_2210236	2021-04-30	2021-05-21	South America / Brazil / Sao Paulo
EPI_ISL_2210225	2021-04-28	2021-05-21	South America / Brazil / Sao Paulo
EPI_ISL_2210292	2021-05-03	2021-05-21	South America / Brazil / Sao Paulo
EPI_ISL_2209929	2021-05-04	2021-05-21	South America / Brazil / Sao Paulo
EPI_ISL_2210250	2021-04-30	2021-05-21	South America / Brazil / Sao Paulo
EPI_ISL_2210257	2021-04-12	2021-05-21	South America / Brazil / Sao Paulo
EPI_ISL_2210305	2021-05-03	2021-05-21	South America / Brazil / Sao Paulo
EPI_ISL_2210285	2021-04-04	2021-05-21	South America / Brazil / Sao Paulo
EPI_ISL_2210133	2021-04-30	2021-05-21	South America / Brazil / Sao Paulo
EPI_ISL_2210198	2021-05-07	2021-05-21	South America / Brazil / Sao Paulo
EPI_ISL_2209927	2021-05-03	2021-05-21	South America / Brazil / Sao Paulo
EPI_ISL_2210003	2021-04-24	2021-05-21	South America / Brazil / Sao Paulo
EPI_ISL_2210126	2021-04-30	2021-05-21	South America / Brazil / Sao Paulo
EPI_ISL_2210219	2021-04-30	2021-05-21	South America / Brazil / Sao Paulo
EPI_ISL_2210243	2021-04-09	2021-05-21	South America / Brazil / Sao Paulo
EPI_ISL_2209916	2021-04-12	2021-05-21	South America / Brazil / Sao Paulo
EPI_ISL_2210183	2021-04-28	2021-05-21	South America / Brazil / Sao Paulo
EPI_ISL_2210165	2021-02-23	2021-05-21	South America / Brazil / Sao Paulo
EPI_ISL_2209900	2021-04-16	2021-05-21	South America / Brazil / Sao Paulo
EPI_ISL_2210162	2021-04-22	2021-05-21	South America / Brazil / Sao Paulo
EPI_ISL_2210173	2021-04-26	2021-05-21	South America / Brazil / Sao Paulo
EPI_ISL_2210101	2021-04-30	2021-05-21	South America / Brazil / Sao Paulo
EPI_ISL_2209990	2021-04-13	2021-05-21	South America / Brazil / Sao Paulo
EPI_ISL_2209872	2021-04-30	2021-05-21	South America / Brazil / Sao Paulo
EPI_ISL_2210037	2021-04-12	2021-05-21	South America / Brazil / Sao Paulo
EPI_ISL_2209886	2021-04-28	2021-05-21	South America / Brazil / Sao Paulo
EPI_ISL_2210019	2021-04-12	2021-05-21	South America / Brazil / Sao Paulo
EPI_ISL_2209908	2021-04-12	2021-05-21	South America / Brazil / Sao Paulo
EPI_ISL_2210030	2021-04-12	2021-05-21	South America / Brazil / Sao Paulo
EPI_ISL_2209937	2021-04-13	2021-05-21	South America / Brazil / Sao Paulo
EPI_ISL_2209888	2021-04-30	2021-05-21	South America / Brazil / Sao Paulo
EPI_ISL_2209883	2021-04-30	2021-05-21	South America / Brazil / Sao Paulo
EPI_ISL_2210091	2021-04-09	2021-05-21	South America / Brazil / Sao Paulo
EPI_ISL_2209878	2021-04-28	2021-05-21	South America / Brazil / Sao Paulo
EPI_ISL_2210088	2021-04-14	2021-05-21	South America / Brazil / Sao Paulo
EPI_ISL_2209905	2021-05-04	2021-05-21	South America / Brazil / Sao Paulo
EPI_ISL_2209891	2021-05-03	2021-05-21	South America / Brazil / Sao Paulo
EPI_ISL_2209996	2021-04-12	2021-05-21	South America / Brazil / Sao Paulo
EPI_ISL_2210082	2021-04-14	2021-05-21	South America / Brazil / Sao Paulo
EPI_ISL_2210045	2021-04-12	2021-05-21	South America / Brazil / Sao Paulo
EPI_ISL_2210041	2021-04-12	2021-05-21	South America / Brazil / Sao Paulo
EPI_ISL_2209816	2021-04-12	2021-05-21	South America / Brazil / Sao Paulo
EPI_ISL_2209975	2021-04-12	2021-05-21	South America / Brazil / Sao Paulo
EPI_ISL_906071	2021-01-19	2021-01-31	South America / Brazil / Amazonas / Manaus
EPI_ISL_906081	2021-01-22	2021-01-31	South America / Brazil / Amazonas / Manaus
EPI_ISL_906077	2021-01-19	2021-01-31	South America / Brazil / Amazonas / Manaus
EPI_ISL_906075	2021-01-19	2021-01-31	South America / Brazil / Amazonas / Manaus
EPI_ISL_918501	2020-12-28	2021-02-03	South America / Brazil / Amazonas
EPI_ISL_918510	2021-01-07	2021-02-03	South America / Brazil / Amazonas
EPI_ISL_2376034	2021-04-19	2021-06-01	South America / Brazil / Rio Grande do Sul
EPI_ISL_2221885	2021-03-04	2021-05-21	South America / Brazil / Pernambuco / Recife
EPI_ISL_2222902	2021-05-10	2021-05-21	South America / Brazil / Goias / Aparecida de Goiania
EPI_ISL_2222883	2021-02-17	2021-05-21	South America / Brazil / Goias / Aparecida de Goiania
EPI_ISL_2222900	2021-05-04	2021-05-21	South America / Brazil / Goias / Aparecida de Goiania
EPI_ISL_2223443	2021-04-05	2021-05-21	South America / Brazil / Sao Paulo / Sao Carlos
EPI_ISL_2223449	2021-04-07	2021-05-21	South America / Brazil / Sao Paulo / Sao Carlos
EPI_ISL_2223452	2021-04-05	2021-05-21	South America / Brazil / Sao Paulo / Sao Carlos
EPI_ISL_940623	2021-01-08	2021-02-05	South America / Brazil / Amazonas / Manaus
EPI_ISL_940614	2021-01-19	2021-02-05	South America / Brazil / Amazonas / Manaus
EPI_ISL_940625	2021-01-19	2021-02-05	South America / Brazil / Sao Paulo / Sao Paulo
EPI_ISL_943972	2021-01-25	2021-02-07	South America / Brazil / Roraima
EPI_ISL_1495035	2021-03-15	2021-04-07	South America / Brazil / Minas Gerais / Belo Horizonte
EPI_ISL_1495020	2021-03-03	2021-04-07	South America / Brazil / Minas Gerais / Belo Horizonte
EPI_ISL_1495019	2021-03-02	2021-04-07	South America / Brazil / Minas Gerais / Belo Horizonte
EPI_ISL_1495015	2021-03-02	2021-04-07	South America / Brazil / Minas Gerais / Belo Horizonte
EPI_ISL_1493578	2021-02-26	2021-04-06	South America / Brazil / Rondonia / Porto Velho
EPI_ISL_1493573	2021-03-13	2021-04-06	South America / Brazil / Goias / Rio Verde
EPI_ISL_1494993	2021-02-27	2021-04-07	South America / Brazil / Minas Gerais / Belo Horizonte
EPI_ISL_1494987	2021-02-27	2021-04-07	South America / Brazil / Minas Gerais / Belo Horizonte
EPI_ISL_985317	2021-01-19	2021-02-15	South America / Brazil / Goias / Aparecida de Goiania
EPI_ISL_1000671	2021-01-22	2021-02-15	South America / Brazil / Sao Paulo / Sao Jose dos Campos
EPI_ISL_2249378	2021-02-25	2021-05-25	South America / Brazil / Rio Grande do Sul / Santa Rosa
EPI_ISL_1509639	2021-02-25	2021-04-08	South America / Brazil / Sao Paulo / Auriflama
EPI_ISL_1520109	2021-03-03	2021-04-09	South America / Brazil / Rondonia / Porto Velho
EPI_ISL_1520131	2021-02-19	2021-04-09	South America / Brazil / Sao Paulo / Mococa
EPI_ISL_1533726	2021-03-05	2021-04-10	South America / Brazil / Sao Paulo / Sao Paulo
EPI_ISL_1533727	2021-03-13	2021-04-10	South America / Brazil / Sao Paulo / Sao Paulo
EPI_ISL_1533707	2021-02-21	2021-04-10	South America / Brazil / Sao Paulo / Sao Paulo
EPI_ISL_1533703	2021-02-20	2021-04-10	South America / Brazil / Sao Paulo / Campinas
EPI_ISL_1533704	2021-02-20	2021-04-10	South America / Brazil / Sao Paulo / Atibaia
EPI_ISL_1533702	2021-02-16	2021-04-10	South America / Brazil / Sao Paulo / Sao Paulo
EPI_ISL_1533718	2021-03-07	2021-04-10	South America / Brazil / Sao Paulo / Guarulhos
EPI_ISL_1533715	2021-03-11	2021-04-10	South America / Brazil / Sao Paulo / Aracatuba
EPI_ISL_1533717	2021-03-07	2021-04-10	South America / Brazil / Sao Paulo / Hortolandia
EPI_ISL_1533710	2021-03-02	2021-04-10	South America / Brazil / Sao Paulo / Sao Paulo
EPI_ISL_1533999	2021-02-18	2021-04-10	South America / Brazil / Parana / Londrina
EPI_ISL_1533992	2021-01-27	2021-04-10	South America / Brazil / Santa Catarina / Florianopolis
EPI_ISL_1533994	2021-01-28	2021-04-10	South America / Brazil / Santa Catarina / Palhoca
EPI_ISL_1534007	2021-02-26	2021-04-10	South America / Brazil / Santa Catarina / Balneario Arroio do Silva
EPI_ISL_1533689	2021-02-19	2021-04-10	South America / Brazil / Sao Paulo / Mococa
EPI_ISL_1533696	2021-01-28	2021-04-10	South America / Brazil / Sao Paulo / Sao Paulo
EPI_ISL_1534010	2021-02-26	2021-04-10	South America / Brazil / Santa Catarina / Joinville
EPI_ISL_1534012	2021-03-13	2021-04-10	South America / Brazil / Rio de Janeiro / Paraiba do Sul
EPI_ISL_2491705	2021-03-16	2021-06-11	South America / Brazil / Bahia / Serrinha
EPI_ISL_2493162	2021-05-12	2021-06-11	South America / Brazil / Sao Paulo
EPI_ISL_2493158	2021-05-25	2021-06-11	South America / Brazil / Sao Paulo
EPI_ISL_2493367	2021-05-10	2021-06-11	South America / Brazil / Sao Paulo
EPI_ISL_2493358	2021-05-19	2021-06-11	South America / Brazil / Sao Paulo
EPI_ISL_2493364	2021-05-21	2021-06-11	South America / Brazil / Sao Paulo
EPI_ISL_2493377	2021-05-17	2021-06-11	South America / Brazil / Sao Paulo
EPI_ISL_2493379	2021-05-17	2021-06-11	South America / Brazil / Sao Paulo
EPI_ISL_2493739	2021-05-17	2021-06-11	South America / Brazil / Sao Paulo
EPI_ISL_2493755	2021-05-19	2021-06-11	South America / Brazil / Sao Paulo
EPI_ISL_2493681	2021-05-19	2021-06-11	South America / Brazil / Sao Paulo
EPI_ISL_2494260	2021-05-25	2021-06-11	South America / Brazil / Sao Paulo
EPI_ISL_2493632	2021-05-18	2021-06-11	South America / Brazil / Sao Paulo
EPI_ISL_2493719	2021-05-17	2021-06-11	South America / Brazil / Sao Paulo
EPI_ISL_2493816	2021-05-24	2021-06-11	South America / Brazil / Sao Paulo
EPI_ISL_2493824	2021-05-25	2021-06-11	South America / Brazil / Sao Paulo
EPI_ISL_2493879	2021-05-27	2021-06-11	South America / Brazil / Sao Paulo
EPI_ISL_2494090	2021-05-25	2021-06-11	South America / Brazil / Sao Paulo
EPI_ISL_2494136	2021-05-25	2021-06-11	South America / Brazil / Sao Paulo
EPI_ISL_2494215	2021-05-25	2021-06-11	South America / Brazil / Sao Paulo
EPI_ISL_2494158	2021-05-21	2021-06-11	South America / Brazil / Sao Paulo
EPI_ISL_2494166	2021-05-24	2021-06-11	South America / Brazil / Sao Paulo
EPI_ISL_2494285	2021-05-09	2021-06-11	South America / Brazil / Sao Paulo
EPI_ISL_2493740	2021-05-18	2021-06-11	South America / Brazil / Sao Paulo
EPI_ISL_2497464	2021-05-24	2021-06-11	South America / Brazil / Maranhao / Imperatriz
EPI_ISL_2557319	2021-05-01	2021-06-16	South America / Brazil / Alagoas / Maceio
EPI_ISL_2557334	2021-05-03	2021-06-16	South America / Brazil / Alagoas / Uniao dos Palmares
EPI_ISL_2557323	2021-05-05	2021-06-16	South America / Brazil / Alagoas / Maceio
EPI_ISL_2557335	2021-04-23	2021-06-16	South America / Brazil / Alagoas / Vicosa
EPI_ISL_2557370	2021-05-04	2021-06-16	South America / Brazil / Parana / Pinhais
EPI_ISL_2557372	2021-05-03	2021-06-16	South America / Brazil / Parana / Santo Antonio Da Platina
EPI_ISL_2534903	2021-05-13	2021-06-15	South America / Brazil / Rio de Janeiro / Rio das Flores
EPI_ISL_2493932	2021-05-27	2021-06-11	South America / Brazil / Sao Paulo
EPI_ISL_2491698	2020-12-28	2021-06-11	South America / Brazil / Bahia / Salvador
EPI_ISL_2491697	2020-12-27	2021-06-11	South America / Brazil / Bahia / Salvador
EPI_ISL_2491699	2021-02-15	2021-06-11	South America / Brazil / Bahia / Salvador
EPI_ISL_2488806	2021-03-16	2021-06-11	South America / Brazil / Amapa
EPI_ISL_2488807	2021-03-17	2021-06-11	South America / Brazil / Amapa
EPI_ISL_2488804	2021-03-04	2021-06-11	South America / Brazil / Amapa
EPI_ISL_2488805	2021-03-12	2021-06-11	South America / Brazil / Amapa
EPI_ISL_2488802	2021-03-22	2021-06-11	South America / Brazil / Ceara
EPI_ISL_2488803	2021-03-29	2021-06-11	South America / Brazil / Ceara
EPI_ISL_2488800	2021-03-29	2021-06-11	South America / Brazil / Ceara
EPI_ISL_2488801	2021-03-29	2021-06-11	South America / Brazil / Ceara
EPI_ISL_2488808	2021-02-23	2021-06-11	South America / Brazil / Maranhao
EPI_ISL_2488809	2021-02-18	2021-06-11	South America / Brazil / Maranhao
EPI_ISL_2488817	2021-05-21	2021-06-11	South America / Brazil / Para
EPI_ISL_2488818	2021-05-21	2021-06-11	South America / Brazil / Para
EPI_ISL_2488816	2021-05-19	2021-06-11	South America / Brazil / Para
EPI_ISL_2488813	2021-05-17	2021-06-11	South America / Brazil / Para
EPI_ISL_2488814	2021-05-21	2021-06-11	South America / Brazil / Para
EPI_ISL_2488811	2021-02-06	2021-06-11	South America / Brazil / Maranhao
EPI_ISL_2488812	2021-03-30	2021-06-11	South America / Brazil / Rio Grande do Norte
EPI_ISL_2488819	2021-05-21	2021-06-11	South America / Brazil / Para
EPI_ISL_2488776	2021-01-30	2021-06-11	South America / Brazil / Amapa
EPI_ISL_2488775	2021-01-18	2021-06-11	South America / Brazil / Amazonas
EPI_ISL_2488780	2021-02-22	2021-06-11	South America / Brazil / Roraima
EPI_ISL_2488787	2021-02-19	2021-06-11	South America / Brazil / Pernambuco
EPI_ISL_2488788	2021-02-20	2021-06-11	South America / Brazil / Pernambuco
EPI_ISL_2488785	2021-02-25	2021-06-11	South America / Brazil / Roraima
EPI_ISL_2488786	2021-02-25	2021-06-11	South America / Brazil / Roraima
EPI_ISL_2488783	2021-02-26	2021-06-11	South America / Brazil / Roraima
EPI_ISL_2488781	2021-02-03	2021-06-11	South America / Brazil / Roraima
EPI_ISL_2488782	2021-02-26	2021-06-11	South America / Brazil / Roraima
EPI_ISL_2488789	2021-02-11	2021-06-11	South America / Brazil / Pernambuco
EPI_ISL_2488790	2021-02-19	2021-06-11	South America / Brazil / Pernambuco
EPI_ISL_2488795	2021-03-17	2021-06-11	South America / Brazil / Para
EPI_ISL_2488792	2021-02-22	2021-06-11	South America / Brazil / Amapa
EPI_ISL_2488793	2021-02-23	2021-06-11	South America / Brazil / Amapa
EPI_ISL_2491700	2021-02-11	2021-06-11	South America / Brazil / Bahia / Salvador
EPI_ISL_2491711	2021-03-24	2021-06-11	South America / Brazil / Bahia / Guanambi
EPI_ISL_2491710	2021-03-24	2021-06-11	South America / Brazil / Bahia / Itabuna
EPI_ISL_2491701	2021-02-19	2021-06-11	South America / Brazil / Bahia / Salvador
EPI_ISL_2491704	2021-03-16	2021-06-11	South America / Brazil / Bahia / Tanhacu
EPI_ISL_2491703	2021-02-08	2021-06-11	South America / Brazil / Bahia / Salvador
EPI_ISL_2491706	2021-03-23	2021-06-11	South America / Brazil / Bahia / Riachao Do Jacuipe
EPI_ISL_2491708	2021-03-23	2021-06-11	South America / Brazil / Bahia / Guanambi
EPI_ISL_2491707	2021-03-23	2021-06-11	South America / Brazil / Bahia / Camacari
EPI_ISL_2491709	2021-03-23	2021-06-11	South America / Brazil / Bahia / Salvador
EPI_ISL_2491713	2021-01-25	2021-06-11	South America / Brazil / Bahia / Salvador
EPI_ISL_2491712	2021-03-24	2021-06-11	South America / Brazil / Bahia / Retirolandia
EPI_ISL_2491714	2021-01-28	2021-06-11	South America / Brazil / Bahia / Salvador
EPI_ISL_2491717	2021-02-15	2021-06-11	South America / Brazil / Bahia / Salvador
EPI_ISL_2491716	2021-02-11	2021-06-11	South America / Brazil / Bahia / Salvador
EPI_ISL_2491718	2021-02-18	2021-06-11	South America / Brazil / Bahia / Salvador
EPI_ISL_2493674	2021-05-20	2021-06-11	South America / Brazil / Sao Paulo
EPI_ISL_2493673	2021-05-19	2021-06-11	South America / Brazil / Sao Paulo
EPI_ISL_2493676	2021-05-20	2021-06-11	South America / Brazil / Sao Paulo
EPI_ISL_2494302	2021-05-26	2021-06-11	South America / Brazil / Sao Paulo
EPI_ISL_2494303	2021-05-16	2021-06-11	South America / Brazil / Sao Paulo
EPI_ISL_2494300	2021-05-26	2021-06-11	South America / Brazil / Sao Paulo
EPI_ISL_2494301	2021-05-25	2021-06-11	South America / Brazil / Sao Paulo
EPI_ISL_2494306	2021-05-24	2021-06-11	South America / Brazil / Sao Paulo
EPI_ISL_2494307	2021-05-25	2021-06-11	South America / Brazil / Sao Paulo
EPI_ISL_2494304	2021-05-17	2021-06-11	South America / Brazil / Sao Paulo
EPI_ISL_2494305	2021-05-18	2021-06-11	South America / Brazil / Sao Paulo
EPI_ISL_2494310	2021-05-24	2021-06-11	South America / Brazil / Sao Paulo
EPI_ISL_2494313	2021-05-25	2021-06-11	South America / Brazil / Sao Paulo
EPI_ISL_2494314	2021-05-18	2021-06-11	South America / Brazil / Sao Paulo
EPI_ISL_2494311	2021-05-25	2021-06-11	South America / Brazil / Sao Paulo
EPI_ISL_2494312	2021-05-25	2021-06-11	South America / Brazil / Sao Paulo
EPI_ISL_2494317	2021-05-18	2021-06-11	South America / Brazil / Sao Paulo
EPI_ISL_2494318	2021-05-17	2021-06-11	South America / Brazil / Sao Paulo
EPI_ISL_2494315	2021-05-18	2021-06-11	South America / Brazil / Sao Paulo
EPI_ISL_2494316	2021-05-24	2021-06-11	South America / Brazil / Sao Paulo
EPI_ISL_2494308	2021-05-25	2021-06-11	South America / Brazil / Sao Paulo
EPI_ISL_2494309	2021-05-27	2021-06-11	South America / Brazil / Sao Paulo
EPI_ISL_2493870	2021-05-25	2021-06-11	South America / Brazil / Sao Paulo
EPI_ISL_2493872	2021-05-26	2021-06-11	South America / Brazil / Sao Paulo
EPI_ISL_2493874	2021-05-27	2021-06-11	South America / Brazil / Sao Paulo
EPI_ISL_2493675	2021-05-20	2021-06-11	South America / Brazil / Sao Paulo
EPI_ISL_2493873	2021-05-26	2021-06-11	South America / Brazil / Sao Paulo
EPI_ISL_2493876	2021-05-26	2021-06-11	South America / Brazil / Sao Paulo
EPI_ISL_2493678	2021-05-20	2021-06-11	South America / Brazil / Sao Paulo
EPI_ISL_2493875	2021-05-27	2021-06-11	South America / Brazil / Sao Paulo
EPI_ISL_2493878	2021-05-27	2021-06-11	South America / Brazil / Sao Paulo
EPI_ISL_2493877	2021-05-26	2021-06-11	South America / Brazil / Sao Paulo
EPI_ISL_2493869	2021-05-27	2021-06-11	South America / Brazil / Sao Paulo
EPI_ISL_2493868	2021-05-27	2021-06-11	South America / Brazil / Sao Paulo
EPI_ISL_2493881	2021-05-27	2021-06-11	South America / Brazil / Sao Paulo
EPI_ISL_2493880	2021-05-26	2021-06-11	South America / Brazil / Sao Paulo
EPI_ISL_2493883	2021-05-27	2021-06-11	South America / Brazil / Sao Paulo
EPI_ISL_2493882	2021-05-26	2021-06-11	South America / Brazil / Sao Paulo
EPI_ISL_2493885	2021-05-27	2021-06-11	South America / Brazil / Sao Paulo
EPI_ISL_2493884	2021-05-27	2021-06-11	South America / Brazil / Sao Paulo
EPI_ISL_2493887	2021-05-27	2021-06-11	South America / Brazil / Sao Paulo
EPI_ISL_2493886	2021-05-27	2021-06-11	South America / Brazil / Sao Paulo
EPI_ISL_2493889	2021-05-26	2021-06-11	South America / Brazil / Sao Paulo
EPI_ISL_2493888	2021-05-27	2021-06-11	South America / Brazil / Sao Paulo
EPI_ISL_2493890	2021-05-26	2021-06-11	South America / Brazil / Sao Paulo
EPI_ISL_2493892	2021-05-26	2021-06-11	South America / Brazil / Sao Paulo
EPI_ISL_2493891	2021-05-27	2021-06-11	South America / Brazil / Sao Paulo
EPI_ISL_2493894	2021-05-26	2021-06-11	South America / Brazil / Sao Paulo
EPI_ISL_2493893	2021-05-26	2021-06-11	South America / Brazil / Sao Paulo
EPI_ISL_2493896	2021-05-27	2021-06-11	South America / Brazil / Sao Paulo
EPI_ISL_2493895	2021-05-27	2021-06-11	South America / Brazil / Sao Paulo
EPI_ISL_2493898	2021-05-27	2021-06-11	South America / Brazil / Sao Paulo
EPI_ISL_2493897	2021-05-27	2021-06-11	South America / Brazil / Sao Paulo
EPI_ISL_2493899	2021-05-27	2021-06-11	South America / Brazil / Sao Paulo
EPI_ISL_2494320	2021-05-25	2021-06-11	South America / Brazil / Sao Paulo
EPI_ISL_2494321	2021-05-25	2021-06-11	South America / Brazil / Sao Paulo
EPI_ISL_2494324	2021-05-27	2021-06-11	South America / Brazil / Sao Paulo
EPI_ISL_2494322	2021-05-25	2021-06-11	South America / Brazil / Sao Paulo
EPI_ISL_2494328	2021-05-25	2021-06-11	South America / Brazil / Sao Paulo
EPI_ISL_2494329	2021-05-24	2021-06-11	South America / Brazil / Sao Paulo
EPI_ISL_2494326	2021-05-27	2021-06-11	South America / Brazil / Sao Paulo
EPI_ISL_2494327	2021-05-24	2021-06-11	South America / Brazil / Sao Paulo
EPI_ISL_2494319	2021-05-18	2021-06-11	South America / Brazil / Sao Paulo
EPI_ISL_2494331	2021-05-24	2021-06-11	South America / Brazil / Sao Paulo
EPI_ISL_2494332	2021-05-20	2021-06-11	South America / Brazil / Sao Paulo
EPI_ISL_2494335	2021-05-20	2021-06-11	South America / Brazil / Sao Paulo
EPI_ISL_2494336	2021-05-27	2021-06-11	South America / Brazil / Sao Paulo
EPI_ISL_2494333	2021-05-25	2021-06-11	South America / Brazil / Sao Paulo
EPI_ISL_2494334	2021-05-23	2021-06-11	South America / Brazil / Sao Paulo
EPI_ISL_2494339	2021-05-17	2021-06-11	South America / Brazil / Sao Paulo
EPI_ISL_2494337	2021-05-19	2021-06-11	South America / Brazil / Sao Paulo
EPI_ISL_2494338	2021-05-25	2021-06-11	South America / Brazil / Sao Paulo
EPI_ISL_2494283	2021-05-18	2021-06-11	South America / Brazil / Sao Paulo
EPI_ISL_2494284	2021-05-10	2021-06-11	South America / Brazil / Sao Paulo
EPI_ISL_2494281	2021-05-09	2021-06-11	South America / Brazil / Sao Paulo
EPI_ISL_2494282	2021-05-10	2021-06-11	South America / Brazil / Sao Paulo
EPI_ISL_2494288	2021-05-16	2021-06-11	South America / Brazil / Sao Paulo
EPI_ISL_2494289	2021-05-16	2021-06-11	South America / Brazil / Sao Paulo
EPI_ISL_2494280	2021-05-10	2021-06-11	South America / Brazil / Sao Paulo
EPI_ISL_2494294	2021-05-26	2021-06-11	South America / Brazil / Sao Paulo
EPI_ISL_2494295	2021-05-27	2021-06-11	South America / Brazil / Sao Paulo
EPI_ISL_2494292	2021-05-16	2021-06-11	South America / Brazil / Sao Paulo
EPI_ISL_2494293	2021-05-18	2021-06-11	South America / Brazil / Sao Paulo
EPI_ISL_2494298	2021-05-17	2021-06-11	South America / Brazil / Sao Paulo
EPI_ISL_2494299	2021-05-20	2021-06-11	South America / Brazil / Sao Paulo
EPI_ISL_2494296	2021-05-22	2021-06-11	South America / Brazil / Sao Paulo
EPI_ISL_2494297	2021-05-20	2021-06-11	South America / Brazil / Sao Paulo
EPI_ISL_2494290	2021-05-16	2021-06-11	South America / Brazil / Sao Paulo
EPI_ISL_2494291	2021-05-20	2021-06-11	South America / Brazil / Sao Paulo
EPI_ISL_2493830	2021-05-26	2021-06-11	South America / Brazil / Sao Paulo
EPI_ISL_2493832	2021-05-25	2021-06-11	South America / Brazil / Sao Paulo
EPI_ISL_2493831	2021-05-26	2021-06-11	South America / Brazil / Sao Paulo
EPI_ISL_2493833	2021-05-25	2021-06-11	South America / Brazil / Sao Paulo
EPI_ISL_2493825	2021-05-25	2021-06-11	South America / Brazil / Sao Paulo
EPI_ISL_2493827	2021-05-26	2021-06-11	South America / Brazil / Sao Paulo
EPI_ISL_2493826	2021-05-25	2021-06-11	South America / Brazil / Sao Paulo
EPI_ISL_2493829	2021-05-25	2021-06-11	South America / Brazil / Sao Paulo
EPI_ISL_2493828	2021-05-25	2021-06-11	South America / Brazil / Sao Paulo
EPI_ISL_2493840	2021-05-25	2021-06-11	South America / Brazil / Sao Paulo
EPI_ISL_2493843	2021-05-25	2021-06-11	South America / Brazil / Sao Paulo
EPI_ISL_2493842	2021-05-26	2021-06-11	South America / Brazil / Sao Paulo
EPI_ISL_2493844	2021-05-25	2021-06-11	South America / Brazil / Sao Paulo
EPI_ISL_2493836	2021-05-23	2021-06-11	South America / Brazil / Sao Paulo
EPI_ISL_2493835	2021-05-24	2021-06-11	South America / Brazil / Sao Paulo
EPI_ISL_2493838	2021-05-25	2021-06-11	South America / Brazil / Sao Paulo
EPI_ISL_2493837	2021-05-25	2021-06-11	South America / Brazil / Sao Paulo
EPI_ISL_2493839	2021-05-26	2021-06-11	South America / Brazil / Sao Paulo
EPI_ISL_2493850	2021-05-26	2021-06-11	South America / Brazil / Sao Paulo
EPI_ISL_2493852	2021-05-26	2021-06-11	South America / Brazil / Sao Paulo
EPI_ISL_2493851	2021-05-26	2021-06-11	South America / Brazil / Sao Paulo
EPI_ISL_2493854	2021-05-26	2021-06-11	South America / Brazil / Sao Paulo
EPI_ISL_2493856	2021-05-27	2021-06-11	South America / Brazil / Sao Paulo
EPI_ISL_2493855	2021-05-26	2021-06-11	South America / Brazil / Sao Paulo
EPI_ISL_2493847	2021-05-26	2021-06-11	South America / Brazil / Sao Paulo
EPI_ISL_2493846	2021-05-26	2021-06-11	South America / Brazil / Sao Paulo
EPI_ISL_2493849	2021-05-26	2021-06-11	South America / Brazil / Sao Paulo
EPI_ISL_2493848	2021-05-26	2021-06-11	South America / Brazil / Sao Paulo
EPI_ISL_2493861	2021-05-26	2021-06-11	South America / Brazil / Sao Paulo
EPI_ISL_2493860	2021-05-27	2021-06-11	South America / Brazil / Sao Paulo
EPI_ISL_2493863	2021-05-25	2021-06-11	South America / Brazil / Sao Paulo
EPI_ISL_2493862	2021-05-26	2021-06-11	South America / Brazil / Sao Paulo
EPI_ISL_2493865	2021-05-25	2021-06-11	South America / Brazil / Sao Paulo
EPI_ISL_2493864	2021-05-25	2021-06-11	South America / Brazil / Sao Paulo
EPI_ISL_2493867	2021-05-26	2021-06-11	South America / Brazil / Sao Paulo
EPI_ISL_2493866	2021-05-27	2021-06-11	South America / Brazil / Sao Paulo
EPI_ISL_2493858	2021-05-26	2021-06-11	South America / Brazil / Sao Paulo
EPI_ISL_2493857	2021-05-27	2021-06-11	South America / Brazil / Sao Paulo
EPI_ISL_2493859	2021-05-26	2021-06-11	South America / Brazil / Sao Paulo
EPI_ISL_2493801	2021-05-24	2021-06-11	South America / Brazil / Sao Paulo
EPI_ISL_2493810	2021-05-24	2021-06-11	South America / Brazil / Sao Paulo
EPI_ISL_2493812	2021-05-24	2021-06-11	South America / Brazil / Sao Paulo
EPI_ISL_2493811	2021-05-24	2021-06-11	South America / Brazil / Sao Paulo
EPI_ISL_2493803	2021-05-24	2021-06-11	South America / Brazil / Sao Paulo
EPI_ISL_2493802	2021-05-24	2021-06-11	South America / Brazil / Sao Paulo
EPI_ISL_2493805	2021-05-24	2021-06-11	South America / Brazil / Sao Paulo
EPI_ISL_2493804	2021-05-24	2021-06-11	South America / Brazil / Sao Paulo
EPI_ISL_2493807	2021-05-24	2021-06-11	South America / Brazil / Sao Paulo
EPI_ISL_2493806	2021-05-24	2021-06-11	South America / Brazil / Sao Paulo
EPI_ISL_2493809	2021-05-24	2021-06-11	South America / Brazil / Sao Paulo
EPI_ISL_2493808	2021-05-24	2021-06-11	South America / Brazil / Sao Paulo
EPI_ISL_2493821	2021-05-25	2021-06-11	South America / Brazil / Sao Paulo
EPI_ISL_2493820	2021-05-25	2021-06-11	South America / Brazil / Sao Paulo
EPI_ISL_2493823	2021-05-25	2021-06-11	South America / Brazil / Sao Paulo
EPI_ISL_2493822	2021-05-25	2021-06-11	South America / Brazil / Sao Paulo
EPI_ISL_2493814	2021-05-24	2021-06-11	South America / Brazil / Sao Paulo
EPI_ISL_2493813	2021-05-24	2021-06-11	South America / Brazil / Sao Paulo
EPI_ISL_2493815	2021-05-24	2021-06-11	South America / Brazil / Sao Paulo
EPI_ISL_2493818	2021-05-25	2021-06-11	South America / Brazil / Sao Paulo
EPI_ISL_2493819	2021-05-25	2021-06-11	South America / Brazil / Sao Paulo
EPI_ISL_2493791	2021-05-27	2021-06-11	South America / Brazil / Sao Paulo
EPI_ISL_2493790	2021-05-27	2021-06-11	South America / Brazil / Sao Paulo
EPI_ISL_2493792	2021-05-24	2021-06-11	South America / Brazil / Sao Paulo
EPI_ISL_2493795	2021-05-24	2021-06-11	South America / Brazil / Sao Paulo
EPI_ISL_2493794	2021-05-24	2021-06-11	South America / Brazil / Sao Paulo
EPI_ISL_2493797	2021-05-24	2021-06-11	South America / Brazil / Sao Paulo
EPI_ISL_2493799	2021-05-24	2021-06-11	South America / Brazil / Sao Paulo
EPI_ISL_2493798	2021-05-24	2021-06-11	South America / Brazil / Sao Paulo
EPI_ISL_2493750	2021-05-18	2021-06-11	South America / Brazil / Sao Paulo
EPI_ISL_2493753	2021-05-19	2021-06-11	South America / Brazil / Sao Paulo
EPI_ISL_2493752	2021-05-19	2021-06-11	South America / Brazil / Sao Paulo
EPI_ISL_2493754	2021-05-19	2021-06-11	South America / Brazil / Sao Paulo
EPI_ISL_2493757	2021-05-17	2021-06-11	South America / Brazil / Sao Paulo
EPI_ISL_2493756	2021-05-17	2021-06-11	South America / Brazil / Sao Paulo
EPI_ISL_2493748	2021-05-17	2021-06-11	South America / Brazil / Sao Paulo
EPI_ISL_2493747	2021-05-17	2021-06-11	South America / Brazil / Sao Paulo
EPI_ISL_2493749	2021-05-17	2021-06-11	South America / Brazil / Sao Paulo
EPI_ISL_2493760	2021-05-18	2021-06-11	South America / Brazil / Sao Paulo
EPI_ISL_2493762	2021-05-19	2021-06-11	South America / Brazil / Sao Paulo
EPI_ISL_2493761	2021-05-19	2021-06-11	South America / Brazil / Sao Paulo
EPI_ISL_2493764	2021-05-18	2021-06-11	South America / Brazil / Sao Paulo
EPI_ISL_2493766	2021-05-18	2021-06-11	South America / Brazil / Sao Paulo
EPI_ISL_2493765	2021-05-18	2021-06-11	South America / Brazil / Sao Paulo
EPI_ISL_2493768	2021-05-18	2021-06-11	South America / Brazil / Sao Paulo
EPI_ISL_2493767	2021-05-18	2021-06-11	South America / Brazil / Sao Paulo
EPI_ISL_2493759	2021-05-18	2021-06-11	South America / Brazil / Sao Paulo
EPI_ISL_2493758	2021-05-18	2021-06-11	South America / Brazil / Sao Paulo
EPI_ISL_2493771	2021-05-18	2021-06-11	South America / Brazil / Sao Paulo
EPI_ISL_2493770	2021-05-18	2021-06-11	South America / Brazil / Sao Paulo
EPI_ISL_2493773	2021-05-18	2021-06-11	South America / Brazil / Sao Paulo
EPI_ISL_2493772	2021-05-18	2021-06-11	South America / Brazil / Sao Paulo
EPI_ISL_2493774	2021-05-18	2021-06-11	South America / Brazil / Sao Paulo
EPI_ISL_2493777	2021-05-18	2021-06-11	South America / Brazil / Sao Paulo
EPI_ISL_2493776	2021-05-18	2021-06-11	South America / Brazil / Sao Paulo
EPI_ISL_2493779	2021-05-18	2021-06-11	South America / Brazil / Sao Paulo
EPI_ISL_2493778	2021-05-18	2021-06-11	South America / Brazil / Sao Paulo
EPI_ISL_2493769	2021-05-18	2021-06-11	South America / Brazil / Sao Paulo
EPI_ISL_2493780	2021-05-18	2021-06-11	South America / Brazil / Sao Paulo
EPI_ISL_2493782	2021-05-18	2021-06-11	South America / Brazil / Sao Paulo
EPI_ISL_2493781	2021-05-18	2021-06-11	South America / Brazil / Sao Paulo
EPI_ISL_2493783	2021-05-18	2021-06-11	South America / Brazil / Sao Paulo
EPI_ISL_2493786	2021-05-18	2021-06-11	South America / Brazil / Sao Paulo
EPI_ISL_2493785	2021-05-18	2021-06-11	South America / Brazil / Sao Paulo
EPI_ISL_2493788	2021-05-18	2021-06-11	South America / Brazil / Sao Paulo
EPI_ISL_2493787	2021-05-18	2021-06-11	South America / Brazil / Sao Paulo
EPI_ISL_2493789	2021-05-27	2021-06-11	South America / Brazil / Sao Paulo
EPI_ISL_2494244	2021-05-25	2021-06-11	South America / Brazil / Sao Paulo
EPI_ISL_2494241	2021-05-25	2021-06-11	South America / Brazil / Sao Paulo
EPI_ISL_2494242	2021-05-25	2021-06-11	South America / Brazil / Sao Paulo
EPI_ISL_2494247	2021-05-25	2021-06-11	South America / Brazil / Sao Paulo
EPI_ISL_2494248	2021-05-25	2021-06-11	South America / Brazil / Sao Paulo
EPI_ISL_2494245	2021-05-25	2021-06-11	South America / Brazil / Sao Paulo
EPI_ISL_2494246	2021-05-25	2021-06-11	South America / Brazil / Sao Paulo
EPI_ISL_2494249	2021-05-26	2021-06-11	South America / Brazil / Sao Paulo
EPI_ISL_2494250	2021-05-25	2021-06-11	South America / Brazil / Sao Paulo
EPI_ISL_2494251	2021-05-26	2021-06-11	South America / Brazil / Sao Paulo
EPI_ISL_2494254	2021-05-25	2021-06-11	South America / Brazil / Sao Paulo
EPI_ISL_2494255	2021-05-25	2021-06-11	South America / Brazil / Sao Paulo
EPI_ISL_2494252	2021-05-25	2021-06-11	South America / Brazil / Sao Paulo
EPI_ISL_2494253	2021-05-25	2021-06-11	South America / Brazil / Sao Paulo
EPI_ISL_2494259	2021-05-25	2021-06-11	South America / Brazil / Sao Paulo
EPI_ISL_2494256	2021-05-25	2021-06-11	South America / Brazil / Sao Paulo
EPI_ISL_2494257	2021-05-25	2021-06-11	South America / Brazil / Sao Paulo
EPI_ISL_2494261	2021-05-25	2021-06-11	South America / Brazil / Sao Paulo
EPI_ISL_2494262	2021-05-25	2021-06-11	South America / Brazil / Sao Paulo
EPI_ISL_2494265	2021-05-25	2021-06-11	South America / Brazil / Sao Paulo
EPI_ISL_2494266	2021-05-25	2021-06-11	South America / Brazil / Sao Paulo
EPI_ISL_2494263	2021-05-25	2021-06-11	South America / Brazil / Sao Paulo
EPI_ISL_2494264	2021-05-25	2021-06-11	South America / Brazil / Sao Paulo
EPI_ISL_2494269	2021-05-26	2021-06-11	South America / Brazil / Sao Paulo
EPI_ISL_2494267	2021-05-25	2021-06-11	South America / Brazil / Sao Paulo
EPI_ISL_2494268	2021-05-26	2021-06-11	South America / Brazil / Sao Paulo
EPI_ISL_2494272	2021-05-25	2021-06-11	South America / Brazil / Sao Paulo
EPI_ISL_2494273	2021-05-26	2021-06-11	South America / Brazil / Sao Paulo
EPI_ISL_2494270	2021-05-22	2021-06-11	South America / Brazil / Sao Paulo
EPI_ISL_2494271	2021-05-25	2021-06-11	South America / Brazil / Sao Paulo
EPI_ISL_2494276	2021-05-18	2021-06-11	South America / Brazil / Sao Paulo
EPI_ISL_2494277	2021-05-17	2021-06-11	South America / Brazil / Sao Paulo
EPI_ISL_2494274	2021-05-21	2021-06-11	South America / Brazil / Sao Paulo
EPI_ISL_2494275	2021-05-25	2021-06-11	South America / Brazil / Sao Paulo
EPI_ISL_2494278	2021-05-17	2021-06-11	South America / Brazil / Sao Paulo
EPI_ISL_2494279	2021-05-24	2021-06-11	South America / Brazil / Sao Paulo
EPI_ISL_2494200	2021-05-28	2021-06-11	South America / Brazil / Sao Paulo
EPI_ISL_2494203	2021-05-25	2021-06-11	South America / Brazil / Sao Paulo
EPI_ISL_2494201	2021-05-30	2021-06-11	South America / Brazil / Sao Paulo
EPI_ISL_2494202	2021-05-25	2021-06-11	South America / Brazil / Sao Paulo
EPI_ISL_2494207	2021-05-25	2021-06-11	South America / Brazil / Sao Paulo
EPI_ISL_2494208	2021-05-25	2021-06-11	South America / Brazil / Sao Paulo
EPI_ISL_2494205	2021-05-25	2021-06-11	South America / Brazil / Sao Paulo
EPI_ISL_2494206	2021-05-25	2021-06-11	South America / Brazil / Sao Paulo
EPI_ISL_2494210	2021-05-25	2021-06-11	South America / Brazil / Sao Paulo
EPI_ISL_2494211	2021-05-25	2021-06-11	South America / Brazil / Sao Paulo
EPI_ISL_2494214	2021-05-25	2021-06-11	South America / Brazil / Sao Paulo
EPI_ISL_2494212	2021-05-25	2021-06-11	South America / Brazil / Sao Paulo
EPI_ISL_2494213	2021-05-25	2021-06-11	South America / Brazil / Sao Paulo
EPI_ISL_2494218	2021-05-25	2021-06-11	South America / Brazil / Sao Paulo
EPI_ISL_2494219	2021-05-25	2021-06-11	South America / Brazil / Sao Paulo
EPI_ISL_2494216	2021-05-25	2021-06-11	South America / Brazil / Sao Paulo
EPI_ISL_2494217	2021-05-25	2021-06-11	South America / Brazil / Sao Paulo
EPI_ISL_2494209	2021-05-25	2021-06-11	South America / Brazil / Sao Paulo
EPI_ISL_2494221	2021-05-25	2021-06-11	South America / Brazil / Sao Paulo
EPI_ISL_2494222	2021-05-25	2021-06-11	South America / Brazil / Sao Paulo
EPI_ISL_2494220	2021-05-25	2021-06-11	South America / Brazil / Sao Paulo
EPI_ISL_2494225	2021-05-25	2021-06-11	South America / Brazil / Sao Paulo
EPI_ISL_2494226	2021-05-25	2021-06-11	South America / Brazil / Sao Paulo
EPI_ISL_2494223	2021-05-25	2021-06-11	South America / Brazil / Sao Paulo
EPI_ISL_2494224	2021-05-25	2021-06-11	South America / Brazil / Sao Paulo
EPI_ISL_2494229	2021-05-25	2021-06-11	South America / Brazil / Sao Paulo
EPI_ISL_2494227	2021-05-25	2021-06-11	South America / Brazil / Sao Paulo
EPI_ISL_2494228	2021-05-25	2021-06-11	South America / Brazil / Sao Paulo
EPI_ISL_2494232	2021-05-25	2021-06-11	South America / Brazil / Sao Paulo
EPI_ISL_2494233	2021-05-25	2021-06-11	South America / Brazil / Sao Paulo
EPI_ISL_2494230	2021-05-25	2021-06-11	South America / Brazil / Sao Paulo
EPI_ISL_2494231	2021-05-25	2021-06-11	South America / Brazil / Sao Paulo
EPI_ISL_2494236	2021-05-25	2021-06-11	South America / Brazil / Sao Paulo
EPI_ISL_2494237	2021-05-25	2021-06-11	South America / Brazil / Sao Paulo
EPI_ISL_2494234	2021-05-25	2021-06-11	South America / Brazil / Sao Paulo
EPI_ISL_2494235	2021-05-25	2021-06-11	South America / Brazil / Sao Paulo
EPI_ISL_2494238	2021-05-25	2021-06-11	South America / Brazil / Sao Paulo
EPI_ISL_2494239	2021-05-25	2021-06-11	South America / Brazil / Sao Paulo
EPI_ISL_2494162	2021-05-24	2021-06-11	South America / Brazil / Sao Paulo
EPI_ISL_2494163	2021-05-24	2021-06-11	South America / Brazil / Sao Paulo
EPI_ISL_2494160	2021-05-22	2021-06-11	South America / Brazil / Sao Paulo
EPI_ISL_2494161	2021-05-24	2021-06-11	South America / Brazil / Sao Paulo
EPI_ISL_2494167	2021-05-25	2021-06-11	South America / Brazil / Sao Paulo
EPI_ISL_2494164	2021-05-24	2021-06-11	South America / Brazil / Sao Paulo
EPI_ISL_2494165	2021-05-24	2021-06-11	South America / Brazil / Sao Paulo
EPI_ISL_2494168	2021-05-24	2021-06-11	South America / Brazil / Sao Paulo
EPI_ISL_2494169	2021-05-25	2021-06-11	South America / Brazil / Sao Paulo
EPI_ISL_2494173	2021-05-25	2021-06-11	South America / Brazil / Sao Paulo
EPI_ISL_2494174	2021-05-24	2021-06-11	South America / Brazil / Sao Paulo
EPI_ISL_2494171	2021-05-25	2021-06-11	South America / Brazil / Sao Paulo
EPI_ISL_2494172	2021-05-25	2021-06-11	South America / Brazil / Sao Paulo
EPI_ISL_2494177	2021-05-26	2021-06-11	South America / Brazil / Sao Paulo
EPI_ISL_2494178	2021-05-26	2021-06-11	South America / Brazil / Sao Paulo
EPI_ISL_2494175	2021-05-25	2021-06-11	South America / Brazil / Sao Paulo
EPI_ISL_2494176	2021-05-26	2021-06-11	South America / Brazil / Sao Paulo
EPI_ISL_2494179	2021-05-26	2021-06-11	South America / Brazil / Sao Paulo
EPI_ISL_2494184	2021-05-26	2021-06-11	South America / Brazil / Sao Paulo
EPI_ISL_2494185	2021-05-26	2021-06-11	South America / Brazil / Sao Paulo
EPI_ISL_2494182	2021-05-26	2021-06-11	South America / Brazil / Sao Paulo
EPI_ISL_2494183	2021-05-26	2021-06-11	South America / Brazil / Sao Paulo
EPI_ISL_2494188	2021-05-27	2021-06-11	South America / Brazil / Sao Paulo
EPI_ISL_2494189	2021-05-27	2021-06-11	South America / Brazil / Sao Paulo
EPI_ISL_2494186	2021-05-27	2021-06-11	South America / Brazil / Sao Paulo
EPI_ISL_2494187	2021-05-26	2021-06-11	South America / Brazil / Sao Paulo
EPI_ISL_2494180	2021-05-25	2021-06-11	South America / Brazil / Sao Paulo
EPI_ISL_2494181	2021-05-26	2021-06-11	South America / Brazil / Sao Paulo
EPI_ISL_2494195	2021-05-27	2021-06-11	South America / Brazil / Sao Paulo
EPI_ISL_2494196	2021-05-28	2021-06-11	South America / Brazil / Sao Paulo
EPI_ISL_2494194	2021-05-27	2021-06-11	South America / Brazil / Sao Paulo
EPI_ISL_2494199	2021-05-28	2021-06-11	South America / Brazil / Sao Paulo
EPI_ISL_2494197	2021-05-28	2021-06-11	South America / Brazil / Sao Paulo
EPI_ISL_2494198	2021-05-28	2021-06-11	South America / Brazil / Sao Paulo
EPI_ISL_2494191	2021-05-27	2021-06-11	South America / Brazil / Sao Paulo
EPI_ISL_2494190	2021-05-27	2021-06-11	South America / Brazil / Sao Paulo
EPI_ISL_2493711	2021-05-19	2021-06-11	South America / Brazil / Sao Paulo
EPI_ISL_2493710	2021-05-17	2021-06-11	South America / Brazil / Sao Paulo
EPI_ISL_2493713	2021-05-17	2021-06-11	South America / Brazil / Sao Paulo
EPI_ISL_2493712	2021-05-19	2021-06-11	South America / Brazil / Sao Paulo
EPI_ISL_2493704	2021-05-17	2021-06-11	South America / Brazil / Sao Paulo
EPI_ISL_2493706	2021-05-17	2021-06-11	South America / Brazil / Sao Paulo
EPI_ISL_2493705	2021-05-17	2021-06-11	South America / Brazil / Sao Paulo
EPI_ISL_2493708	2021-05-17	2021-06-11	South America / Brazil / Sao Paulo
EPI_ISL_2493707	2021-05-17	2021-06-11	South America / Brazil / Sao Paulo
EPI_ISL_2493709	2021-05-18	2021-06-11	South America / Brazil / Sao Paulo
EPI_ISL_2493720	2021-05-17	2021-06-11	South America / Brazil / Sao Paulo
EPI_ISL_2493722	2021-05-17	2021-06-11	South America / Brazil / Sao Paulo
EPI_ISL_2493721	2021-05-14	2021-06-11	South America / Brazil / Sao Paulo
EPI_ISL_2493724	2021-05-17	2021-06-11	South America / Brazil / Sao Paulo
EPI_ISL_2493723	2021-05-12	2021-06-11	South America / Brazil / Sao Paulo
EPI_ISL_2493715	2021-05-14	2021-06-11	South America / Brazil / Sao Paulo
EPI_ISL_2493714	2021-05-17	2021-06-11	South America / Brazil / Sao Paulo
EPI_ISL_2493717	2021-05-17	2021-06-11	South America / Brazil / Sao Paulo
EPI_ISL_2493716	2021-05-17	2021-06-11	South America / Brazil / Sao Paulo
EPI_ISL_2493718	2021-05-17	2021-06-11	South America / Brazil / Sao Paulo
EPI_ISL_2493731	2021-05-17	2021-06-11	South America / Brazil / Sao Paulo
EPI_ISL_2493730	2021-05-17	2021-06-11	South America / Brazil / Sao Paulo
EPI_ISL_2493733	2021-05-17	2021-06-11	South America / Brazil / Sao Paulo
EPI_ISL_2493732	2021-05-17	2021-06-11	South America / Brazil / Sao Paulo
EPI_ISL_2493735	2021-05-17	2021-06-11	South America / Brazil / Sao Paulo
EPI_ISL_2493734	2021-05-17	2021-06-11	South America / Brazil / Sao Paulo
EPI_ISL_2493725	2021-05-17	2021-06-11	South America / Brazil / Sao Paulo
EPI_ISL_2493728	2021-05-17	2021-06-11	South America / Brazil / Sao Paulo
EPI_ISL_2493727	2021-05-17	2021-06-11	South America / Brazil / Sao Paulo
EPI_ISL_2493729	2021-05-17	2021-06-11	South America / Brazil / Sao Paulo
EPI_ISL_2493742	2021-05-17	2021-06-11	South America / Brazil / Sao Paulo
EPI_ISL_2493741	2021-05-19	2021-06-11	South America / Brazil / Sao Paulo
EPI_ISL_2493744	2021-05-18	2021-06-11	South America / Brazil / Sao Paulo
EPI_ISL_2493743	2021-05-18	2021-06-11	South America / Brazil / Sao Paulo
EPI_ISL_2493746	2021-05-19	2021-06-11	South America / Brazil / Sao Paulo
EPI_ISL_2493745	2021-05-19	2021-06-11	South America / Brazil / Sao Paulo
EPI_ISL_2493737	2021-05-17	2021-06-11	South America / Brazil / Sao Paulo
EPI_ISL_2493736	2021-05-17	2021-06-11	South America / Brazil / Sao Paulo
EPI_ISL_2493738	2021-05-17	2021-06-11	South America / Brazil / Sao Paulo
EPI_ISL_2493700	2021-05-19	2021-06-11	South America / Brazil / Sao Paulo
EPI_ISL_2493702	2021-05-20	2021-06-11	South America / Brazil / Sao Paulo
EPI_ISL_2493701	2021-05-19	2021-06-11	South America / Brazil / Sao Paulo
EPI_ISL_2493201	2021-05-24	2021-06-11	South America / Brazil / Sao Paulo
EPI_ISL_2493200	2021-05-24	2021-06-11	South America / Brazil / Sao Paulo
EPI_ISL_2493270	2021-05-25	2021-06-11	South America / Brazil / Sao Paulo
EPI_ISL_2493272	2021-05-16	2021-06-11	South America / Brazil / Sao Paulo
EPI_ISL_2493274	2021-05-24	2021-06-11	South America / Brazil / Sao Paulo
EPI_ISL_2493273	2021-05-16	2021-06-11	South America / Brazil / Sao Paulo
EPI_ISL_2493276	2021-05-24	2021-06-11	South America / Brazil / Sao Paulo
EPI_ISL_2493275	2021-05-24	2021-06-11	South America / Brazil / Sao Paulo
EPI_ISL_2493277	2021-05-20	2021-06-11	South America / Brazil / Sao Paulo
EPI_ISL_2493279	2021-05-24	2021-06-11	South America / Brazil / Sao Paulo
EPI_ISL_2493281	2021-05-21	2021-06-11	South America / Brazil / Sao Paulo
EPI_ISL_2493280	2021-05-27	2021-06-11	South America / Brazil / Sao Paulo
EPI_ISL_2493283	2021-05-21	2021-06-11	South America / Brazil / Sao Paulo
EPI_ISL_2493282	2021-05-17	2021-06-11	South America / Brazil / Sao Paulo
EPI_ISL_2493285	2021-05-17	2021-06-11	South America / Brazil / Sao Paulo
EPI_ISL_2493287	2021-05-26	2021-06-11	South America / Brazil / Sao Paulo
EPI_ISL_2493286	2021-05-27	2021-06-11	South America / Brazil / Sao Paulo
EPI_ISL_2493289	2021-05-17	2021-06-11	South America / Brazil / Sao Paulo
EPI_ISL_2493288	2021-05-17	2021-06-11	South America / Brazil / Sao Paulo
EPI_ISL_2493292	2021-05-17	2021-06-11	South America / Brazil / Sao Paulo
EPI_ISL_2493291	2021-05-26	2021-06-11	South America / Brazil / Sao Paulo
EPI_ISL_2493294	2021-05-17	2021-06-11	South America / Brazil / Sao Paulo
EPI_ISL_2493293	2021-05-17	2021-06-11	South America / Brazil / Sao Paulo
EPI_ISL_2493296	2021-05-17	2021-06-11	South America / Brazil / Sao Paulo
EPI_ISL_2493295	2021-05-17	2021-06-11	South America / Brazil / Sao Paulo
EPI_ISL_2493298	2021-05-17	2021-06-11	South America / Brazil / Sao Paulo
EPI_ISL_2493297	2021-05-17	2021-06-11	South America / Brazil / Sao Paulo
EPI_ISL_2493299	2021-05-17	2021-06-11	South America / Brazil / Sao Paulo
EPI_ISL_2493290	2021-05-27	2021-06-11	South America / Brazil / Sao Paulo
EPI_ISL_2493247	2021-05-15	2021-06-11	South America / Brazil / Sao Paulo
EPI_ISL_2493246	2021-05-16	2021-06-11	South America / Brazil / Sao Paulo
EPI_ISL_2493249	2021-05-16	2021-06-11	South America / Brazil / Sao Paulo
EPI_ISL_2493248	2021-05-26	2021-06-11	South America / Brazil / Sao Paulo
EPI_ISL_2493250	2021-05-16	2021-06-11	South America / Brazil / Sao Paulo
EPI_ISL_2493254	2021-05-16	2021-06-11	South America / Brazil / Sao Paulo
EPI_ISL_2493253	2021-05-16	2021-06-11	South America / Brazil / Sao Paulo
EPI_ISL_2493256	2021-05-17	2021-06-11	South America / Brazil / Sao Paulo
EPI_ISL_2493255	2021-05-16	2021-06-11	South America / Brazil / Sao Paulo
EPI_ISL_2493258	2021-05-26	2021-06-11	South America / Brazil / Sao Paulo
EPI_ISL_2493257	2021-05-26	2021-06-11	South America / Brazil / Sao Paulo
EPI_ISL_2493259	2021-05-25	2021-06-11	South America / Brazil / Sao Paulo
EPI_ISL_2493261	2021-05-25	2021-06-11	South America / Brazil / Sao Paulo
EPI_ISL_2493260	2021-05-25	2021-06-11	South America / Brazil / Sao Paulo
EPI_ISL_2493263	2021-05-21	2021-06-11	South America / Brazil / Sao Paulo
EPI_ISL_2493262	2021-05-25	2021-06-11	South America / Brazil / Sao Paulo
EPI_ISL_2493265	2021-05-24	2021-06-11	South America / Brazil / Sao Paulo
EPI_ISL_2493267	2021-05-25	2021-06-11	South America / Brazil / Sao Paulo
EPI_ISL_2493266	2021-05-25	2021-06-11	South America / Brazil / Sao Paulo
EPI_ISL_2493269	2021-05-24	2021-06-11	South America / Brazil / Sao Paulo
EPI_ISL_2493268	2021-05-25	2021-06-11	South America / Brazil / Sao Paulo
EPI_ISL_2493193	2021-05-25	2021-06-11	South America / Brazil / Sao Paulo
EPI_ISL_2493197	2021-05-16	2021-06-11	South America / Brazil / Sao Paulo
EPI_ISL_2493196	2021-05-16	2021-06-11	South America / Brazil / Sao Paulo
EPI_ISL_2493199	2021-05-18	2021-06-11	South America / Brazil / Sao Paulo
EPI_ISL_2493198	2021-05-16	2021-06-11	South America / Brazil / Sao Paulo
EPI_ISL_2493191	2021-05-25	2021-06-11	South America / Brazil / Sao Paulo
EPI_ISL_2493190	2021-05-22	2021-06-11	South America / Brazil / Sao Paulo
EPI_ISL_2493991	2021-05-21	2021-06-11	South America / Brazil / Sao Paulo
EPI_ISL_2493990	2021-05-24	2021-06-11	South America / Brazil / Sao Paulo
EPI_ISL_2493993	2021-05-25	2021-06-11	South America / Brazil / Sao Paulo
EPI_ISL_2493992	2021-05-24	2021-06-11	South America / Brazil / Sao Paulo
EPI_ISL_2493995	2021-05-24	2021-06-11	South America / Brazil / Sao Paulo
EPI_ISL_2493994	2021-05-24	2021-06-11	South America / Brazil / Sao Paulo
EPI_ISL_2493997	2021-05-24	2021-06-11	South America / Brazil / Sao Paulo
EPI_ISL_2493996	2021-05-24	2021-06-11	South America / Brazil / Sao Paulo
EPI_ISL_2493998	2021-05-24	2021-06-11	South America / Brazil / Sao Paulo
EPI_ISL_2493989	2021-05-24	2021-06-11	South America / Brazil / Sao Paulo
EPI_ISL_2493151	2021-05-24	2021-06-11	South America / Brazil / Sao Paulo
EPI_ISL_2493150	2021-05-21	2021-06-11	South America / Brazil / Sao Paulo
EPI_ISL_2493153	2021-05-24	2021-06-11	South America / Brazil / Sao Paulo
EPI_ISL_2493152	2021-05-23	2021-06-11	South America / Brazil / Sao Paulo
EPI_ISL_2493155	2021-05-19	2021-06-11	South America / Brazil / Sao Paulo
EPI_ISL_2493154	2021-05-24	2021-06-11	South America / Brazil / Sao Paulo
EPI_ISL_2493157	2021-05-23	2021-06-11	South America / Brazil / Sao Paulo
EPI_ISL_2493156	2021-05-25	2021-06-11	South America / Brazil / Sao Paulo
EPI_ISL_2493160	2021-05-23	2021-06-11	South America / Brazil / Sao Paulo
EPI_ISL_2493161	2021-05-19	2021-06-11	South America / Brazil / Sao Paulo
EPI_ISL_2493164	2021-05-21	2021-06-11	South America / Brazil / Sao Paulo
EPI_ISL_2493163	2021-05-24	2021-06-11	South America / Brazil / Sao Paulo
EPI_ISL_2493166	2021-05-24	2021-06-11	South America / Brazil / Sao Paulo
EPI_ISL_2493165	2021-05-24	2021-06-11	South America / Brazil / Sao Paulo
EPI_ISL_2493167	2021-05-17	2021-06-11	South America / Brazil / Sao Paulo
EPI_ISL_2493169	2021-05-24	2021-06-11	South America / Brazil / Sao Paulo
EPI_ISL_2493171	2021-05-23	2021-06-11	South America / Brazil / Sao Paulo
EPI_ISL_2493170	2021-05-24	2021-06-11	South America / Brazil / Sao Paulo
EPI_ISL_2493172	2021-05-25	2021-06-11	South America / Brazil / Sao Paulo
EPI_ISL_2493174	2021-05-25	2021-06-11	South America / Brazil / Sao Paulo
EPI_ISL_2493177	2021-05-19	2021-06-11	South America / Brazil / Sao Paulo
EPI_ISL_2493176	2021-05-24	2021-06-11	South America / Brazil / Sao Paulo
EPI_ISL_2493179	2021-05-18	2021-06-11	South America / Brazil / Sao Paulo
EPI_ISL_2493182	2021-05-17	2021-06-11	South America / Brazil / Sao Paulo
EPI_ISL_2493181	2021-05-17	2021-06-11	South America / Brazil / Sao Paulo
EPI_ISL_2493184	2021-05-18	2021-06-11	South America / Brazil / Sao Paulo
EPI_ISL_2493183	2021-05-26	2021-06-11	South America / Brazil / Sao Paulo
EPI_ISL_2493186	2021-05-21	2021-06-11	South America / Brazil / Sao Paulo
EPI_ISL_2493185	2021-05-24	2021-06-11	South America / Brazil / Sao Paulo
EPI_ISL_2493188	2021-05-25	2021-06-11	South America / Brazil / Sao Paulo
EPI_ISL_2493187	2021-05-18	2021-06-11	South America / Brazil / Sao Paulo
EPI_ISL_2493189	2021-05-18	2021-06-11	South America / Brazil / Sao Paulo
EPI_ISL_2493180	2021-05-19	2021-06-11	South America / Brazil / Sao Paulo
EPI_ISL_2493149	2021-05-25	2021-06-11	South America / Brazil / Sao Paulo
EPI_ISL_2497474	2021-05-29	2021-06-11	South America / Brazil / Goias / Goiania
EPI_ISL_2497473	2021-05-29	2021-06-11	South America / Brazil / Goias / Goiania
EPI_ISL_2497472	2021-05-29	2021-06-11	South America / Brazil / Goias / Goiania
EPI_ISL_2497471	2021-05-29	2021-06-11	South America / Brazil / Goias / Goiania
EPI_ISL_2497476	2021-05-29	2021-06-11	South America / Brazil / Goias / Goiania
EPI_ISL_2497475	2021-05-29	2021-06-11	South America / Brazil / Goias / Goiania
EPI_ISL_2497470	2021-05-28	2021-06-11	South America / Brazil / Goias / Aparecida de Goiania
EPI_ISL_2493900	2021-05-26	2021-06-11	South America / Brazil / Sao Paulo
EPI_ISL_2497438	2021-04-30	2021-06-11	South America / Brazil / Goias / Aparecida de Goiania
EPI_ISL_2497437	2021-04-29	2021-06-11	South America / Brazil / Goias / Aparecida de Goiania
EPI_ISL_2497436	2021-02-18	2021-06-11	South America / Brazil / Goias / Aparecida de Goiania
EPI_ISL_2497439	2021-04-30	2021-06-11	South America / Brazil / Goias / Aparecida de Goiania
EPI_ISL_2497441	2021-05-17	2021-06-11	South America / Brazil / Goias / Aparecida de Goiania
EPI_ISL_2497440	2021-05-12	2021-06-11	South America / Brazil / Goias / Aparecida de Goiania
EPI_ISL_2497445	2021-05-24	2021-06-11	South America / Brazil / Goias / Aparecida de Goiania
EPI_ISL_2497444	2021-05-24	2021-06-11	South America / Brazil / Goias / Aparecida de Goiania
EPI_ISL_2497443	2021-05-24	2021-06-11	South America / Brazil / Goias / Aparecida de Goiania
EPI_ISL_2497442	2021-05-19	2021-06-11	South America / Brazil / Goias / Aparecida de Goiania
EPI_ISL_2497449	2021-05-24	2021-06-11	South America / Brazil / Goias / Aparecida de Goiania
EPI_ISL_2497448	2021-05-24	2021-06-11	South America / Brazil / Goias / Aparecida de Goiania
EPI_ISL_2497447	2021-05-24	2021-06-11	South America / Brazil / Goias / Aparecida de Goiania
EPI_ISL_2497446	2021-05-24	2021-06-11	South America / Brazil / Goias / Aparecida de Goiania
EPI_ISL_2497452	2021-05-24	2021-06-11	South America / Brazil / Goias / Aparecida de Goiania
EPI_ISL_2497451	2021-05-24	2021-06-11	South America / Brazil / Goias / Aparecida de Goiania
EPI_ISL_2497450	2021-05-24	2021-06-11	South America / Brazil / Goias / Aparecida de Goiania
EPI_ISL_2497456	2021-05-25	2021-06-11	South America / Brazil / Goias / Aparecida de Goiania
EPI_ISL_2497455	2021-05-25	2021-06-11	South America / Brazil / Goias / Aparecida de Goiania
EPI_ISL_2497454	2021-05-24	2021-06-11	South America / Brazil / Goias / Aparecida de Goiania
EPI_ISL_2497453	2021-05-24	2021-06-11	South America / Brazil / Goias / Aparecida de Goiania
EPI_ISL_2497459	2021-05-25	2021-06-11	South America / Brazil / Goias / Aparecida de Goiania
EPI_ISL_2497458	2021-05-25	2021-06-11	South America / Brazil / Goias / Aparecida de Goiania
EPI_ISL_2497457	2021-05-25	2021-06-11	South America / Brazil / Goias / Aparecida de Goiania
EPI_ISL_2497463	2021-05-26	2021-06-11	South America / Brazil / Goias / Aparecida de Goiania
EPI_ISL_2497462	2021-05-26	2021-06-11	South America / Brazil / Goias / Aparecida de Goiania
EPI_ISL_2497461	2021-05-26	2021-06-11	South America / Brazil / Goias / Aparecida de Goiania
EPI_ISL_2497460	2021-05-25	2021-06-11	South America / Brazil / Goias / Aparecida de Goiania
EPI_ISL_2497467	2021-05-28	2021-06-11	South America / Brazil / Goias / Aparecida de Goiania
EPI_ISL_2497466	2021-05-28	2021-06-11	South America / Brazil / Goias / Aparecida de Goiania
EPI_ISL_2497465	2021-05-21	2021-06-11	South America / Brazil / Maranhao / Imperatriz
EPI_ISL_2497469	2021-05-28	2021-06-11	South America / Brazil / Goias / Aparecida de Goiania
EPI_ISL_2493951	2021-05-27	2021-06-11	South America / Brazil / Sao Paulo
EPI_ISL_2493950	2021-05-27	2021-06-11	South America / Brazil / Sao Paulo
EPI_ISL_2493953	2021-05-27	2021-06-11	South America / Brazil / Sao Paulo
EPI_ISL_2493952	2021-05-27	2021-06-11	South America / Brazil / Sao Paulo
EPI_ISL_2493955	2021-05-27	2021-06-11	South America / Brazil / Sao Paulo
EPI_ISL_2493954	2021-05-27	2021-06-11	South America / Brazil / Sao Paulo
EPI_ISL_2493946	2021-05-27	2021-06-11	South America / Brazil / Sao Paulo
EPI_ISL_2493945	2021-05-27	2021-06-11	South America / Brazil / Sao Paulo
EPI_ISL_2493948	2021-05-28	2021-06-11	South America / Brazil / Sao Paulo
EPI_ISL_2493947	2021-05-27	2021-06-11	South America / Brazil / Sao Paulo
EPI_ISL_2493949	2021-05-27	2021-06-11	South America / Brazil / Sao Paulo
EPI_ISL_2493960	2021-05-24	2021-06-11	South America / Brazil / Sao Paulo
EPI_ISL_2493962	2021-05-24	2021-06-11	South America / Brazil / Sao Paulo
EPI_ISL_2493961	2021-05-24	2021-06-11	South America / Brazil / Sao Paulo
EPI_ISL_2493964	2021-05-24	2021-06-11	South America / Brazil / Sao Paulo
EPI_ISL_2493963	2021-05-25	2021-06-11	South America / Brazil / Sao Paulo
EPI_ISL_2493966	2021-05-21	2021-06-11	South America / Brazil / Sao Paulo
EPI_ISL_2493957	2021-05-27	2021-06-11	South America / Brazil / Sao Paulo
EPI_ISL_2493956	2021-05-27	2021-06-11	South America / Brazil / Sao Paulo
EPI_ISL_2493959	2021-05-27	2021-06-11	South America / Brazil / Sao Paulo
EPI_ISL_2493958	2021-05-28	2021-06-11	South America / Brazil / Sao Paulo
EPI_ISL_2493971	2021-05-24	2021-06-11	South America / Brazil / Sao Paulo
EPI_ISL_2493970	2021-05-25	2021-06-11	South America / Brazil / Sao Paulo
EPI_ISL_2493973	2021-05-24	2021-06-11	South America / Brazil / Sao Paulo
EPI_ISL_2493972	2021-05-24	2021-06-11	South America / Brazil / Sao Paulo
EPI_ISL_2493975	2021-05-24	2021-06-11	South America / Brazil / Sao Paulo
EPI_ISL_2493974	2021-05-21	2021-06-11	South America / Brazil / Sao Paulo
EPI_ISL_2493977	2021-05-24	2021-06-11	South America / Brazil / Sao Paulo
EPI_ISL_2493976	2021-05-24	2021-06-11	South America / Brazil / Sao Paulo
EPI_ISL_2493968	2021-05-25	2021-06-11	South America / Brazil / Sao Paulo
EPI_ISL_2493967	2021-05-24	2021-06-11	South America / Brazil / Sao Paulo
EPI_ISL_2493969	2021-05-21	2021-06-11	South America / Brazil / Sao Paulo
EPI_ISL_2493980	2021-05-24	2021-06-11	South America / Brazil / Sao Paulo
EPI_ISL_2493982	2021-05-24	2021-06-11	South America / Brazil / Sao Paulo
EPI_ISL_2493984	2021-05-24	2021-06-11	South America / Brazil / Sao Paulo
EPI_ISL_2493983	2021-05-25	2021-06-11	South America / Brazil / Sao Paulo
EPI_ISL_2493986	2021-05-24	2021-06-11	South America / Brazil / Sao Paulo
EPI_ISL_2493988	2021-05-24	2021-06-11	South America / Brazil / Sao Paulo
EPI_ISL_2493987	2021-05-24	2021-06-11	South America / Brazil / Sao Paulo
EPI_ISL_2493979	2021-05-25	2021-06-11	South America / Brazil / Sao Paulo
EPI_ISL_2493978	2021-05-24	2021-06-11	South America / Brazil / Sao Paulo
EPI_ISL_2493911	2021-05-27	2021-06-11	South America / Brazil / Sao Paulo
EPI_ISL_2493910	2021-05-27	2021-06-11	South America / Brazil / Sao Paulo
EPI_ISL_2493902	2021-05-27	2021-06-11	South America / Brazil / Sao Paulo
EPI_ISL_2493904	2021-05-27	2021-06-11	South America / Brazil / Sao Paulo
EPI_ISL_2493903	2021-05-27	2021-06-11	South America / Brazil / Sao Paulo
EPI_ISL_2493906	2021-05-27	2021-06-11	South America / Brazil / Sao Paulo
EPI_ISL_2493905	2021-05-27	2021-06-11	South America / Brazil / Sao Paulo
EPI_ISL_2493908	2021-05-27	2021-06-11	South America / Brazil / Sao Paulo
EPI_ISL_2493907	2021-05-27	2021-06-11	South America / Brazil / Sao Paulo
EPI_ISL_2493909	2021-05-27	2021-06-11	South America / Brazil / Sao Paulo
EPI_ISL_2493920	2021-05-27	2021-06-11	South America / Brazil / Sao Paulo
EPI_ISL_2493922	2021-05-27	2021-06-11	South America / Brazil / Sao Paulo
EPI_ISL_2493921	2021-05-27	2021-06-11	South America / Brazil / Sao Paulo
EPI_ISL_2493913	2021-05-26	2021-06-11	South America / Brazil / Sao Paulo
EPI_ISL_2493912	2021-05-27	2021-06-11	South America / Brazil / Sao Paulo
EPI_ISL_2493915	2021-05-27	2021-06-11	South America / Brazil / Sao Paulo
EPI_ISL_2493914	2021-05-27	2021-06-11	South America / Brazil / Sao Paulo
EPI_ISL_2493917	2021-05-27	2021-06-11	South America / Brazil / Sao Paulo
EPI_ISL_2493916	2021-05-27	2021-06-11	South America / Brazil / Sao Paulo
EPI_ISL_2493919	2021-05-27	2021-06-11	South America / Brazil / Sao Paulo
EPI_ISL_2493918	2021-05-27	2021-06-11	South America / Brazil / Sao Paulo
EPI_ISL_2493931	2021-05-27	2021-06-11	South America / Brazil / Sao Paulo
EPI_ISL_2493930	2021-05-27	2021-06-11	South America / Brazil / Sao Paulo
EPI_ISL_2493933	2021-05-27	2021-06-11	South America / Brazil / Sao Paulo
EPI_ISL_2493924	2021-05-27	2021-06-11	South America / Brazil / Sao Paulo
EPI_ISL_2493923	2021-05-27	2021-06-11	South America / Brazil / Sao Paulo
EPI_ISL_2493926	2021-05-27	2021-06-11	South America / Brazil / Sao Paulo
EPI_ISL_2493925	2021-05-27	2021-06-11	South America / Brazil / Sao Paulo
EPI_ISL_2493928	2021-05-27	2021-06-11	South America / Brazil / Sao Paulo
EPI_ISL_2493927	2021-05-27	2021-06-11	South America / Brazil / Sao Paulo
EPI_ISL_2493929	2021-05-27	2021-06-11	South America / Brazil / Sao Paulo
EPI_ISL_2493940	2021-05-28	2021-06-11	South America / Brazil / Sao Paulo
EPI_ISL_2493942	2021-05-27	2021-06-11	South America / Brazil / Sao Paulo
EPI_ISL_2493941	2021-05-27	2021-06-11	South America / Brazil / Sao Paulo
EPI_ISL_2493944	2021-05-27	2021-06-11	South America / Brazil / Sao Paulo
EPI_ISL_2493943	2021-05-27	2021-06-11	South America / Brazil / Sao Paulo
EPI_ISL_2493935	2021-05-27	2021-06-11	South America / Brazil / Sao Paulo
EPI_ISL_2493934	2021-05-23	2021-06-11	South America / Brazil / Sao Paulo
EPI_ISL_2493937	2021-05-27	2021-06-11	South America / Brazil / Sao Paulo
EPI_ISL_2493936	2021-05-27	2021-06-11	South America / Brazil / Sao Paulo
EPI_ISL_2493939	2021-05-28	2021-06-11	South America / Brazil / Sao Paulo
EPI_ISL_2493938	2021-05-27	2021-06-11	South America / Brazil / Sao Paulo
EPI_ISL_2493430	2021-05-19	2021-06-11	South America / Brazil / Sao Paulo
EPI_ISL_2493432	2021-05-20	2021-06-11	South America / Brazil / Sao Paulo
EPI_ISL_2493431	2021-05-19	2021-06-11	South America / Brazil / Sao Paulo
EPI_ISL_2493434	2021-05-21	2021-06-11	South America / Brazil / Sao Paulo
EPI_ISL_2493433	2021-05-21	2021-06-11	South America / Brazil / Sao Paulo
EPI_ISL_2493436	2021-05-19	2021-06-11	South America / Brazil / Sao Paulo
EPI_ISL_2493435	2021-05-19	2021-06-11	South America / Brazil / Sao Paulo
EPI_ISL_2493437	2021-05-19	2021-06-11	South America / Brazil / Sao Paulo
EPI_ISL_2493429	2021-05-19	2021-06-11	South America / Brazil / Sao Paulo
EPI_ISL_2493428	2021-05-19	2021-06-11	South America / Brazil / Sao Paulo
EPI_ISL_2493440	2021-05-09	2021-06-11	South America / Brazil / Sao Paulo
EPI_ISL_2493443	2021-05-10	2021-06-11	South America / Brazil / Sao Paulo
EPI_ISL_2493442	2021-05-10	2021-06-11	South America / Brazil / Sao Paulo
EPI_ISL_2493445	2021-05-10	2021-06-11	South America / Brazil / Sao Paulo
EPI_ISL_2493444	2021-05-10	2021-06-11	South America / Brazil / Sao Paulo
EPI_ISL_2493447	2021-05-10	2021-06-11	South America / Brazil / Sao Paulo
EPI_ISL_2493446	2021-05-10	2021-06-11	South America / Brazil / Sao Paulo
EPI_ISL_2493449	2021-05-08	2021-06-11	South America / Brazil / Sao Paulo
EPI_ISL_2493448	2021-05-10	2021-06-11	South America / Brazil / Sao Paulo
EPI_ISL_2493439	2021-05-09	2021-06-11	South America / Brazil / Sao Paulo
EPI_ISL_2493450	2021-05-10	2021-06-11	South America / Brazil / Sao Paulo
EPI_ISL_2493452	2021-05-10	2021-06-11	South America / Brazil / Sao Paulo
EPI_ISL_2493451	2021-05-09	2021-06-11	South America / Brazil / Sao Paulo
EPI_ISL_2493454	2021-05-12	2021-06-11	South America / Brazil / Sao Paulo
EPI_ISL_2493453	2021-05-10	2021-06-11	South America / Brazil / Sao Paulo
EPI_ISL_2493456	2021-05-16	2021-06-11	South America / Brazil / Sao Paulo
EPI_ISL_2493455	2021-05-12	2021-06-11	South America / Brazil / Sao Paulo
EPI_ISL_2493458	2021-05-16	2021-06-11	South America / Brazil / Sao Paulo
EPI_ISL_2493457	2021-05-16	2021-06-11	South America / Brazil / Sao Paulo
EPI_ISL_2493459	2021-05-16	2021-06-11	South America / Brazil / Sao Paulo
EPI_ISL_2493461	2021-05-16	2021-06-11	South America / Brazil / Sao Paulo
EPI_ISL_2493460	2021-05-16	2021-06-11	South America / Brazil / Sao Paulo
EPI_ISL_2493463	2021-05-16	2021-06-11	South America / Brazil / Sao Paulo
EPI_ISL_2493462	2021-05-16	2021-06-11	South America / Brazil / Sao Paulo
EPI_ISL_2493465	2021-05-16	2021-06-11	South America / Brazil / Sao Paulo
EPI_ISL_2493464	2021-05-16	2021-06-11	South America / Brazil / Sao Paulo
EPI_ISL_2493467	2021-05-16	2021-06-11	South America / Brazil / Sao Paulo
EPI_ISL_2493466	2021-05-16	2021-06-11	South America / Brazil / Sao Paulo
EPI_ISL_2493469	2021-05-16	2021-06-11	South America / Brazil / Sao Paulo
EPI_ISL_2493468	2021-05-16	2021-06-11	South America / Brazil / Sao Paulo
EPI_ISL_2493401	2021-05-19	2021-06-11	South America / Brazil / Sao Paulo
EPI_ISL_2493400	2021-05-19	2021-06-11	South America / Brazil / Sao Paulo
EPI_ISL_2493403	2021-05-19	2021-06-11	South America / Brazil / Sao Paulo
EPI_ISL_2493402	2021-05-19	2021-06-11	South America / Brazil / Sao Paulo
EPI_ISL_2493405	2021-05-19	2021-06-11	South America / Brazil / Sao Paulo
EPI_ISL_2493404	2021-05-19	2021-06-11	South America / Brazil / Sao Paulo
EPI_ISL_2493410	2021-05-19	2021-06-11	South America / Brazil / Sao Paulo
EPI_ISL_2493412	2021-05-19	2021-06-11	South America / Brazil / Sao Paulo
EPI_ISL_2493411	2021-05-19	2021-06-11	South America / Brazil / Sao Paulo
EPI_ISL_2493414	2021-05-19	2021-06-11	South America / Brazil / Sao Paulo
EPI_ISL_2493413	2021-05-19	2021-06-11	South America / Brazil / Sao Paulo
EPI_ISL_2493416	2021-05-19	2021-06-11	South America / Brazil / Sao Paulo
EPI_ISL_2493415	2021-05-19	2021-06-11	South America / Brazil / Sao Paulo
EPI_ISL_2493407	2021-05-19	2021-06-11	South America / Brazil / Sao Paulo
EPI_ISL_2493406	2021-05-19	2021-06-11	South America / Brazil / Sao Paulo
EPI_ISL_2493409	2021-05-19	2021-06-11	South America / Brazil / Sao Paulo
EPI_ISL_2493408	2021-05-19	2021-06-11	South America / Brazil / Sao Paulo
EPI_ISL_2493421	2021-05-19	2021-06-11	South America / Brazil / Sao Paulo
EPI_ISL_2493420	2021-05-19	2021-06-11	South America / Brazil / Sao Paulo
EPI_ISL_2493422	2021-05-19	2021-06-11	South America / Brazil / Sao Paulo
EPI_ISL_2493424	2021-05-19	2021-06-11	South America / Brazil / Sao Paulo
EPI_ISL_2493427	2021-05-19	2021-06-11	South America / Brazil / Sao Paulo
EPI_ISL_2493426	2021-05-19	2021-06-11	South America / Brazil / Sao Paulo
EPI_ISL_2493418	2021-05-19	2021-06-11	South America / Brazil / Sao Paulo
EPI_ISL_2493417	2021-05-19	2021-06-11	South America / Brazil / Sao Paulo
EPI_ISL_2493419	2021-05-19	2021-06-11	South America / Brazil / Sao Paulo
EPI_ISL_2493470	2021-05-16	2021-06-11	South America / Brazil / Sao Paulo
EPI_ISL_2493472	2021-05-16	2021-06-11	South America / Brazil / Sao Paulo
EPI_ISL_2493471	2021-05-16	2021-06-11	South America / Brazil / Sao Paulo
EPI_ISL_2493474	2021-05-16	2021-06-11	South America / Brazil / Sao Paulo
EPI_ISL_2493473	2021-05-16	2021-06-11	South America / Brazil / Sao Paulo
EPI_ISL_2493476	2021-05-16	2021-06-11	South America / Brazil / Sao Paulo
EPI_ISL_2493475	2021-05-16	2021-06-11	South America / Brazil / Sao Paulo
EPI_ISL_2493478	2021-05-16	2021-06-11	South America / Brazil / Sao Paulo
EPI_ISL_2493477	2021-05-16	2021-06-11	South America / Brazil / Sao Paulo
EPI_ISL_2493479	2021-05-16	2021-06-11	South America / Brazil / Sao Paulo
EPI_ISL_2493481	2021-05-16	2021-06-11	South America / Brazil / Sao Paulo
EPI_ISL_2493480	2021-05-16	2021-06-11	South America / Brazil / Sao Paulo
EPI_ISL_2493482	2021-05-16	2021-06-11	South America / Brazil / Sao Paulo
EPI_ISL_2493485	2021-05-16	2021-06-11	South America / Brazil / Sao Paulo
EPI_ISL_2493487	2021-05-16	2021-06-11	South America / Brazil / Sao Paulo
EPI_ISL_2493486	2021-05-16	2021-06-11	South America / Brazil / Sao Paulo
EPI_ISL_2493489	2021-05-16	2021-06-11	South America / Brazil / Sao Paulo
EPI_ISL_2493490	2021-05-16	2021-06-11	South America / Brazil / Sao Paulo
EPI_ISL_2493492	2021-05-16	2021-06-11	South America / Brazil / Sao Paulo
EPI_ISL_2493491	2021-05-16	2021-06-11	South America / Brazil / Sao Paulo
EPI_ISL_2493494	2021-05-16	2021-06-11	South America / Brazil / Sao Paulo
EPI_ISL_2493493	2021-05-16	2021-06-11	South America / Brazil / Sao Paulo
EPI_ISL_2493496	2021-05-16	2021-06-11	South America / Brazil / Sao Paulo
EPI_ISL_2493495	2021-05-16	2021-06-11	South America / Brazil / Sao Paulo
EPI_ISL_2493498	2021-05-16	2021-06-11	South America / Brazil / Sao Paulo
EPI_ISL_2493497	2021-05-16	2021-06-11	South America / Brazil / Sao Paulo
EPI_ISL_2493499	2021-05-16	2021-06-11	South America / Brazil / Sao Paulo
EPI_ISL_2493311	2021-05-18	2021-06-11	South America / Brazil / Sao Paulo
EPI_ISL_2493310	2021-05-17	2021-06-11	South America / Brazil / Sao Paulo
EPI_ISL_2493313	2021-05-18	2021-06-11	South America / Brazil / Sao Paulo
EPI_ISL_2493312	2021-05-17	2021-06-11	South America / Brazil / Sao Paulo
EPI_ISL_2493315	2021-05-18	2021-06-11	South America / Brazil / Sao Paulo
EPI_ISL_2493314	2021-05-18	2021-06-11	South America / Brazil / Sao Paulo
EPI_ISL_2493317	2021-05-18	2021-06-11	South America / Brazil / Sao Paulo
EPI_ISL_2493316	2021-05-17	2021-06-11	South America / Brazil / Sao Paulo
EPI_ISL_2493308	2021-05-17	2021-06-11	South America / Brazil / Sao Paulo
EPI_ISL_2493309	2021-05-17	2021-06-11	South America / Brazil / Sao Paulo
EPI_ISL_2493320	2021-05-18	2021-06-11	South America / Brazil / Sao Paulo
EPI_ISL_2493322	2021-05-18	2021-06-11	South America / Brazil / Sao Paulo
EPI_ISL_2493321	2021-05-18	2021-06-11	South America / Brazil / Sao Paulo
EPI_ISL_2493324	2021-05-18	2021-06-11	South America / Brazil / Sao Paulo
EPI_ISL_2493323	2021-05-18	2021-06-11	South America / Brazil / Sao Paulo
EPI_ISL_2493326	2021-05-19	2021-06-11	South America / Brazil / Sao Paulo
EPI_ISL_2493325	2021-05-18	2021-06-11	South America / Brazil / Sao Paulo
EPI_ISL_2493328	2021-05-19	2021-06-11	South America / Brazil / Sao Paulo
EPI_ISL_2493327	2021-05-19	2021-06-11	South America / Brazil / Sao Paulo
EPI_ISL_2493319	2021-05-18	2021-06-11	South America / Brazil / Sao Paulo
EPI_ISL_2493318	2021-05-17	2021-06-11	South America / Brazil / Sao Paulo
EPI_ISL_2493331	2021-05-19	2021-06-11	South America / Brazil / Sao Paulo
EPI_ISL_2493330	2021-05-19	2021-06-11	South America / Brazil / Sao Paulo
EPI_ISL_2493333	2021-05-18	2021-06-11	South America / Brazil / Sao Paulo
EPI_ISL_2493332	2021-05-19	2021-06-11	South America / Brazil / Sao Paulo
EPI_ISL_2493335	2021-05-19	2021-06-11	South America / Brazil / Sao Paulo
EPI_ISL_2493334	2021-05-19	2021-06-11	South America / Brazil / Sao Paulo
EPI_ISL_2493337	2021-05-20	2021-06-11	South America / Brazil / Sao Paulo
EPI_ISL_2493336	2021-05-20	2021-06-11	South America / Brazil / Sao Paulo
EPI_ISL_2493339	2021-05-20	2021-06-11	South America / Brazil / Sao Paulo
EPI_ISL_2493338	2021-05-20	2021-06-11	South America / Brazil / Sao Paulo
EPI_ISL_2493329	2021-05-19	2021-06-11	South America / Brazil / Sao Paulo
EPI_ISL_2493340	2021-05-19	2021-06-11	South America / Brazil / Sao Paulo
EPI_ISL_2493342	2021-05-20	2021-06-11	South America / Brazil / Sao Paulo
EPI_ISL_2493341	2021-05-20	2021-06-11	South America / Brazil / Sao Paulo
EPI_ISL_2493344	2021-05-20	2021-06-11	South America / Brazil / Sao Paulo
EPI_ISL_2493343	2021-05-20	2021-06-11	South America / Brazil / Sao Paulo
EPI_ISL_2493346	2021-05-20	2021-06-11	South America / Brazil / Sao Paulo
EPI_ISL_2493345	2021-05-19	2021-06-11	South America / Brazil / Sao Paulo
EPI_ISL_2493348	2021-05-19	2021-06-11	South America / Brazil / Sao Paulo
EPI_ISL_2493347	2021-05-20	2021-06-11	South America / Brazil / Sao Paulo
EPI_ISL_2493349	2021-05-19	2021-06-11	South America / Brazil / Sao Paulo
EPI_ISL_2493300	2021-05-17	2021-06-11	South America / Brazil / Sao Paulo
EPI_ISL_2493302	2021-05-17	2021-06-11	South America / Brazil / Sao Paulo
EPI_ISL_2493301	2021-05-17	2021-06-11	South America / Brazil / Sao Paulo
EPI_ISL_2493304	2021-05-17	2021-06-11	South America / Brazil / Sao Paulo
EPI_ISL_2493303	2021-05-17	2021-06-11	South America / Brazil / Sao Paulo
EPI_ISL_2493306	2021-05-17	2021-06-11	South America / Brazil / Sao Paulo
EPI_ISL_2493305	2021-05-17	2021-06-11	South America / Brazil / Sao Paulo
EPI_ISL_2493391	2021-05-18	2021-06-11	South America / Brazil / Sao Paulo
EPI_ISL_2493390	2021-05-18	2021-06-11	South America / Brazil / Sao Paulo
EPI_ISL_2493393	2021-05-18	2021-06-11	South America / Brazil / Sao Paulo
EPI_ISL_2493395	2021-05-18	2021-06-11	South America / Brazil / Sao Paulo
EPI_ISL_2493394	2021-05-17	2021-06-11	South America / Brazil / Sao Paulo
EPI_ISL_2493397	2021-05-18	2021-06-11	South America / Brazil / Sao Paulo
EPI_ISL_2493396	2021-05-18	2021-06-11	South America / Brazil / Sao Paulo
EPI_ISL_2493399	2021-05-18	2021-06-11	South America / Brazil / Sao Paulo
EPI_ISL_2493398	2021-05-18	2021-06-11	South America / Brazil / Sao Paulo
EPI_ISL_2493350	2021-05-19	2021-06-11	South America / Brazil / Sao Paulo
EPI_ISL_2493353	2021-05-20	2021-06-11	South America / Brazil / Sao Paulo
EPI_ISL_2493352	2021-05-20	2021-06-11	South America / Brazil / Sao Paulo
EPI_ISL_2493355	2021-05-20	2021-06-11	South America / Brazil / Sao Paulo
EPI_ISL_2493354	2021-05-20	2021-06-11	South America / Brazil / Sao Paulo
EPI_ISL_2493357	2021-05-19	2021-06-11	South America / Brazil / Sao Paulo
EPI_ISL_2493356	2021-05-20	2021-06-11	South America / Brazil / Sao Paulo
EPI_ISL_2493360	2021-05-20	2021-06-11	South America / Brazil / Sao Paulo
EPI_ISL_2493362	2021-05-21	2021-06-11	South America / Brazil / Sao Paulo
EPI_ISL_2493361	2021-05-21	2021-06-11	South America / Brazil / Sao Paulo
EPI_ISL_2493363	2021-05-21	2021-06-11	South America / Brazil / Sao Paulo
EPI_ISL_2493366	2021-05-10	2021-06-11	South America / Brazil / Sao Paulo
EPI_ISL_2493365	2021-05-10	2021-06-11	South America / Brazil / Sao Paulo
EPI_ISL_2493368	2021-05-15	2021-06-11	South America / Brazil / Sao Paulo
EPI_ISL_2493369	2021-05-16	2021-06-11	South America / Brazil / Sao Paulo
EPI_ISL_2493371	2021-05-17	2021-06-11	South America / Brazil / Sao Paulo
EPI_ISL_2493370	2021-05-16	2021-06-11	South America / Brazil / Sao Paulo
EPI_ISL_2493373	2021-05-17	2021-06-11	South America / Brazil / Sao Paulo
EPI_ISL_2493372	2021-05-17	2021-06-11	South America / Brazil / Sao Paulo
EPI_ISL_2493375	2021-05-17	2021-06-11	South America / Brazil / Sao Paulo
EPI_ISL_2493374	2021-05-15	2021-06-11	South America / Brazil / Sao Paulo
EPI_ISL_2493376	2021-05-17	2021-06-11	South America / Brazil / Sao Paulo
EPI_ISL_2493378	2021-05-17	2021-06-11	South America / Brazil / Sao Paulo
EPI_ISL_2493380	2021-05-17	2021-06-11	South America / Brazil / Sao Paulo
EPI_ISL_2493382	2021-05-17	2021-06-11	South America / Brazil / Sao Paulo
EPI_ISL_2493381	2021-05-17	2021-06-11	South America / Brazil / Sao Paulo
EPI_ISL_2493384	2021-05-17	2021-06-11	South America / Brazil / Sao Paulo
EPI_ISL_2493383	2021-05-17	2021-06-11	South America / Brazil / Sao Paulo
EPI_ISL_2493386	2021-05-18	2021-06-11	South America / Brazil / Sao Paulo
EPI_ISL_2493385	2021-05-18	2021-06-11	South America / Brazil / Sao Paulo
EPI_ISL_2493388	2021-05-18	2021-06-11	South America / Brazil / Sao Paulo
EPI_ISL_2493387	2021-05-18	2021-06-11	South America / Brazil / Sao Paulo
EPI_ISL_2493389	2021-05-17	2021-06-11	South America / Brazil / Sao Paulo
EPI_ISL_2493670	2021-05-19	2021-06-11	South America / Brazil / Sao Paulo
EPI_ISL_2493672	2021-05-19	2021-06-11	South America / Brazil / Sao Paulo
EPI_ISL_2493671	2021-05-19	2021-06-11	South America / Brazil / Sao Paulo
EPI_ISL_2493679	2021-05-20	2021-06-11	South America / Brazil / Sao Paulo
EPI_ISL_2493680	2021-05-20	2021-06-11	South America / Brazil / Sao Paulo
EPI_ISL_2493683	2021-05-20	2021-06-11	South America / Brazil / Sao Paulo
EPI_ISL_2493682	2021-05-20	2021-06-11	South America / Brazil / Sao Paulo
EPI_ISL_2493685	2021-05-19	2021-06-11	South America / Brazil / Sao Paulo
EPI_ISL_2493684	2021-05-19	2021-06-11	South America / Brazil / Sao Paulo
EPI_ISL_2493687	2021-05-19	2021-06-11	South America / Brazil / Sao Paulo
EPI_ISL_2493686	2021-05-20	2021-06-11	South America / Brazil / Sao Paulo
EPI_ISL_2493689	2021-05-19	2021-06-11	South America / Brazil / Sao Paulo
EPI_ISL_2493688	2021-05-20	2021-06-11	South America / Brazil / Sao Paulo
EPI_ISL_2493690	2021-05-19	2021-06-11	South America / Brazil / Sao Paulo
EPI_ISL_2493692	2021-05-19	2021-06-11	South America / Brazil / Sao Paulo
EPI_ISL_2493691	2021-05-19	2021-06-11	South America / Brazil / Sao Paulo
EPI_ISL_2493694	2021-05-20	2021-06-11	South America / Brazil / Sao Paulo
EPI_ISL_2493693	2021-05-19	2021-06-11	South America / Brazil / Sao Paulo
EPI_ISL_2493696	2021-05-20	2021-06-11	South America / Brazil / Sao Paulo
EPI_ISL_2493695	2021-05-20	2021-06-11	South America / Brazil / Sao Paulo
EPI_ISL_2493698	2021-05-19	2021-06-11	South America / Brazil / Sao Paulo
EPI_ISL_2493697	2021-05-19	2021-06-11	South America / Brazil / Sao Paulo
EPI_ISL_2493699	2021-05-20	2021-06-11	South America / Brazil / Sao Paulo
EPI_ISL_2493630	2021-05-17	2021-06-11	South America / Brazil / Sao Paulo
EPI_ISL_2493631	2021-05-18	2021-06-11	South America / Brazil / Sao Paulo
EPI_ISL_2493634	2021-05-18	2021-06-11	South America / Brazil / Sao Paulo
EPI_ISL_2493633	2021-05-18	2021-06-11	South America / Brazil / Sao Paulo
EPI_ISL_2493636	2021-05-18	2021-06-11	South America / Brazil / Sao Paulo
EPI_ISL_2493635	2021-05-17	2021-06-11	South America / Brazil / Sao Paulo
EPI_ISL_2493627	2021-05-18	2021-06-11	South America / Brazil / Sao Paulo
EPI_ISL_2493626	2021-05-17	2021-06-11	South America / Brazil / Sao Paulo
EPI_ISL_2493629	2021-05-18	2021-06-11	South America / Brazil / Sao Paulo
EPI_ISL_2493628	2021-05-18	2021-06-11	South America / Brazil / Sao Paulo
EPI_ISL_2493641	2021-05-18	2021-06-11	South America / Brazil / Sao Paulo
EPI_ISL_2493640	2021-05-18	2021-06-11	South America / Brazil / Sao Paulo
EPI_ISL_2493643	2021-05-18	2021-06-11	South America / Brazil / Sao Paulo
EPI_ISL_2493642	2021-05-18	2021-06-11	South America / Brazil / Sao Paulo
EPI_ISL_2493645	2021-05-18	2021-06-11	South America / Brazil / Sao Paulo
EPI_ISL_2493647	2021-05-17	2021-06-11	South America / Brazil / Sao Paulo
EPI_ISL_2493646	2021-05-17	2021-06-11	South America / Brazil / Sao Paulo
EPI_ISL_2493638	2021-05-18	2021-06-11	South America / Brazil / Sao Paulo
EPI_ISL_2493637	2021-05-17	2021-06-11	South America / Brazil / Sao Paulo
EPI_ISL_2493639	2021-05-18	2021-06-11	South America / Brazil / Sao Paulo
EPI_ISL_2493650	2021-05-18	2021-06-11	South America / Brazil / Sao Paulo
EPI_ISL_2493652	2021-05-18	2021-06-11	South America / Brazil / Sao Paulo
EPI_ISL_2493651	2021-05-18	2021-06-11	South America / Brazil / Sao Paulo
EPI_ISL_2493654	2021-05-19	2021-06-11	South America / Brazil / Sao Paulo
EPI_ISL_2493653	2021-05-18	2021-06-11	South America / Brazil / Sao Paulo
EPI_ISL_2493656	2021-05-19	2021-06-11	South America / Brazil / Sao Paulo
EPI_ISL_2493655	2021-05-19	2021-06-11	South America / Brazil / Sao Paulo
EPI_ISL_2493658	2021-05-20	2021-06-11	South America / Brazil / Sao Paulo
EPI_ISL_2493657	2021-05-19	2021-06-11	South America / Brazil / Sao Paulo
EPI_ISL_2493649	2021-05-17	2021-06-11	South America / Brazil / Sao Paulo
EPI_ISL_2493648	2021-05-17	2021-06-11	South America / Brazil / Sao Paulo
EPI_ISL_2493661	2021-05-19	2021-06-11	South America / Brazil / Sao Paulo
EPI_ISL_2493660	2021-05-19	2021-06-11	South America / Brazil / Sao Paulo
EPI_ISL_2493663	2021-05-19	2021-06-11	South America / Brazil / Sao Paulo
EPI_ISL_2493662	2021-05-19	2021-06-11	South America / Brazil / Sao Paulo
EPI_ISL_2493665	2021-05-20	2021-06-11	South America / Brazil / Sao Paulo
EPI_ISL_2493664	2021-05-20	2021-06-11	South America / Brazil / Sao Paulo
EPI_ISL_2493667	2021-05-19	2021-06-11	South America / Brazil / Sao Paulo
EPI_ISL_2493666	2021-05-20	2021-06-11	South America / Brazil / Sao Paulo
EPI_ISL_2493669	2021-05-20	2021-06-11	South America / Brazil / Sao Paulo
EPI_ISL_2493668	2021-05-20	2021-06-11	South America / Brazil / Sao Paulo
EPI_ISL_2493659	2021-05-20	2021-06-11	South America / Brazil / Sao Paulo
EPI_ISL_2494122	2021-05-24	2021-06-11	South America / Brazil / Sao Paulo
EPI_ISL_2494123	2021-05-24	2021-06-11	South America / Brazil / Sao Paulo
EPI_ISL_2494120	2021-05-24	2021-06-11	South America / Brazil / Sao Paulo
EPI_ISL_2494121	2021-05-24	2021-06-11	South America / Brazil / Sao Paulo
EPI_ISL_2494126	2021-05-24	2021-06-11	South America / Brazil / Sao Paulo
EPI_ISL_2494127	2021-05-24	2021-06-11	South America / Brazil / Sao Paulo
EPI_ISL_2494124	2021-05-24	2021-06-11	South America / Brazil / Sao Paulo
EPI_ISL_2494125	2021-05-24	2021-06-11	South America / Brazil / Sao Paulo
EPI_ISL_2494128	2021-05-24	2021-06-11	South America / Brazil / Sao Paulo
EPI_ISL_2494129	2021-05-24	2021-06-11	South America / Brazil / Sao Paulo
EPI_ISL_2494130	2021-05-24	2021-06-11	South America / Brazil / Sao Paulo
EPI_ISL_2494133	2021-05-24	2021-06-11	South America / Brazil / Sao Paulo
EPI_ISL_2494134	2021-05-24	2021-06-11	South America / Brazil / Sao Paulo
EPI_ISL_2494131	2021-05-25	2021-06-11	South America / Brazil / Sao Paulo
EPI_ISL_2494132	2021-05-25	2021-06-11	South America / Brazil / Sao Paulo
EPI_ISL_2494137	2021-05-25	2021-06-11	South America / Brazil / Sao Paulo
EPI_ISL_2494138	2021-05-25	2021-06-11	South America / Brazil / Sao Paulo
EPI_ISL_2494135	2021-05-25	2021-06-11	South America / Brazil / Sao Paulo
EPI_ISL_2494139	2021-05-25	2021-06-11	South America / Brazil / Sao Paulo
EPI_ISL_2494140	2021-05-25	2021-06-11	South America / Brazil / Sao Paulo
EPI_ISL_2494141	2021-05-24	2021-06-11	South America / Brazil / Sao Paulo
EPI_ISL_2494144	2021-05-26	2021-06-11	South America / Brazil / Sao Paulo
EPI_ISL_2494145	2021-05-26	2021-06-11	South America / Brazil / Sao Paulo
EPI_ISL_2494142	2021-05-24	2021-06-11	South America / Brazil / Sao Paulo
EPI_ISL_2494143	2021-05-24	2021-06-11	South America / Brazil / Sao Paulo
EPI_ISL_2494148	2021-05-19	2021-06-11	South America / Brazil / Sao Paulo
EPI_ISL_2494149	2021-05-20	2021-06-11	South America / Brazil / Sao Paulo
EPI_ISL_2494146	2021-05-26	2021-06-11	South America / Brazil / Sao Paulo
EPI_ISL_2494147	2021-05-19	2021-06-11	South America / Brazil / Sao Paulo
EPI_ISL_2494151	2021-05-20	2021-06-11	South America / Brazil / Sao Paulo
EPI_ISL_2494152	2021-05-20	2021-06-11	South America / Brazil / Sao Paulo
EPI_ISL_2494150	2021-05-20	2021-06-11	South America / Brazil / Sao Paulo
EPI_ISL_2494155	2021-05-21	2021-06-11	South America / Brazil / Sao Paulo
EPI_ISL_2494156	2021-05-21	2021-06-11	South America / Brazil / Sao Paulo
EPI_ISL_2494153	2021-05-21	2021-06-11	South America / Brazil / Sao Paulo
EPI_ISL_2494154	2021-05-20	2021-06-11	South America / Brazil / Sao Paulo
EPI_ISL_2494159	2021-05-24	2021-06-11	South America / Brazil / Sao Paulo
EPI_ISL_2494157	2021-05-20	2021-06-11	South America / Brazil / Sao Paulo
EPI_ISL_2494100	2021-05-23	2021-06-11	South America / Brazil / Sao Paulo
EPI_ISL_2494101	2021-05-23	2021-06-11	South America / Brazil / Sao Paulo
EPI_ISL_2494104	2021-05-23	2021-06-11	South America / Brazil / Sao Paulo
EPI_ISL_2494105	2021-05-23	2021-06-11	South America / Brazil / Sao Paulo
EPI_ISL_2494102	2021-05-23	2021-06-11	South America / Brazil / Sao Paulo
EPI_ISL_2494103	2021-05-23	2021-06-11	South America / Brazil / Sao Paulo
EPI_ISL_2494108	2021-05-24	2021-06-11	South America / Brazil / Sao Paulo
EPI_ISL_2494109	2021-05-24	2021-06-11	South America / Brazil / Sao Paulo
EPI_ISL_2494107	2021-05-23	2021-06-11	South America / Brazil / Sao Paulo
EPI_ISL_2494111	2021-05-24	2021-06-11	South America / Brazil / Sao Paulo
EPI_ISL_2494112	2021-05-24	2021-06-11	South America / Brazil / Sao Paulo
EPI_ISL_2494110	2021-05-24	2021-06-11	South America / Brazil / Sao Paulo
EPI_ISL_2494115	2021-05-24	2021-06-11	South America / Brazil / Sao Paulo
EPI_ISL_2494113	2021-05-24	2021-06-11	South America / Brazil / Sao Paulo
EPI_ISL_2494114	2021-05-24	2021-06-11	South America / Brazil / Sao Paulo
EPI_ISL_2494119	2021-05-24	2021-06-11	South America / Brazil / Sao Paulo
EPI_ISL_2494117	2021-05-24	2021-06-11	South America / Brazil / Sao Paulo
EPI_ISL_2494118	2021-05-24	2021-06-11	South America / Brazil / Sao Paulo
EPI_ISL_2494085	2021-05-24	2021-06-11	South America / Brazil / Sao Paulo
EPI_ISL_2494086	2021-05-24	2021-06-11	South America / Brazil / Sao Paulo
EPI_ISL_2494083	2021-05-26	2021-06-11	South America / Brazil / Sao Paulo
EPI_ISL_2494084	2021-05-26	2021-06-11	South America / Brazil / Sao Paulo
EPI_ISL_2494087	2021-05-24	2021-06-11	South America / Brazil / Sao Paulo
EPI_ISL_2494088	2021-05-25	2021-06-11	South America / Brazil / Sao Paulo
EPI_ISL_2494081	2021-05-26	2021-06-11	South America / Brazil / Sao Paulo
EPI_ISL_2494082	2021-05-26	2021-06-11	South America / Brazil / Sao Paulo
EPI_ISL_2494080	2021-05-26	2021-06-11	South America / Brazil / Sao Paulo
EPI_ISL_2494096	2021-05-26	2021-06-11	South America / Brazil / Sao Paulo
EPI_ISL_2494097	2021-05-26	2021-06-11	South America / Brazil / Sao Paulo
EPI_ISL_2494094	2021-05-26	2021-06-11	South America / Brazil / Sao Paulo
EPI_ISL_2494095	2021-05-26	2021-06-11	South America / Brazil / Sao Paulo
EPI_ISL_2494098	2021-05-26	2021-06-11	South America / Brazil / Sao Paulo
EPI_ISL_2494099	2021-05-23	2021-06-11	South America / Brazil / Sao Paulo
EPI_ISL_2494092	2021-05-26	2021-06-11	South America / Brazil / Sao Paulo
EPI_ISL_2494093	2021-05-26	2021-06-11	South America / Brazil / Sao Paulo
EPI_ISL_2494091	2021-05-25	2021-06-11	South America / Brazil / Sao Paulo
EPI_ISL_2494041	2021-05-24	2021-06-11	South America / Brazil / Sao Paulo
EPI_ISL_2494042	2021-05-24	2021-06-11	South America / Brazil / Sao Paulo
EPI_ISL_2494040	2021-05-24	2021-06-11	South America / Brazil / Sao Paulo
EPI_ISL_2494045	2021-05-25	2021-06-11	South America / Brazil / Sao Paulo
EPI_ISL_2494046	2021-05-26	2021-06-11	South America / Brazil / Sao Paulo
EPI_ISL_2494043	2021-05-24	2021-06-11	South America / Brazil / Sao Paulo
EPI_ISL_2494044	2021-05-24	2021-06-11	South America / Brazil / Sao Paulo
EPI_ISL_2494049	2021-05-27	2021-06-11	South America / Brazil / Sao Paulo
EPI_ISL_2494047	2021-05-26	2021-06-11	South America / Brazil / Sao Paulo
EPI_ISL_2494048	2021-05-26	2021-06-11	South America / Brazil / Sao Paulo
EPI_ISL_2494052	2021-05-24	2021-06-11	South America / Brazil / Sao Paulo
EPI_ISL_2494053	2021-05-24	2021-06-11	South America / Brazil / Sao Paulo
EPI_ISL_2494050	2021-05-27	2021-06-11	South America / Brazil / Sao Paulo
EPI_ISL_2494051	2021-05-27	2021-06-11	South America / Brazil / Sao Paulo
EPI_ISL_2494056	2021-05-26	2021-06-11	South America / Brazil / Sao Paulo
EPI_ISL_2494057	2021-05-26	2021-06-11	South America / Brazil / Sao Paulo
EPI_ISL_2494054	2021-05-25	2021-06-11	South America / Brazil / Sao Paulo
EPI_ISL_2494055	2021-05-25	2021-06-11	South America / Brazil / Sao Paulo
EPI_ISL_2494058	2021-05-24	2021-06-11	South America / Brazil / Sao Paulo
EPI_ISL_2494059	2021-05-24	2021-06-11	South America / Brazil / Sao Paulo
EPI_ISL_2494063	2021-05-26	2021-06-11	South America / Brazil / Sao Paulo
EPI_ISL_2494064	2021-05-26	2021-06-11	South America / Brazil / Sao Paulo
EPI_ISL_2494061	2021-05-25	2021-06-11	South America / Brazil / Sao Paulo
EPI_ISL_2494062	2021-05-26	2021-06-11	South America / Brazil / Sao Paulo
EPI_ISL_2494067	2021-05-24	2021-06-11	South America / Brazil / Sao Paulo
EPI_ISL_2494068	2021-05-24	2021-06-11	South America / Brazil / Sao Paulo
EPI_ISL_2494065	2021-05-26	2021-06-11	South America / Brazil / Sao Paulo
EPI_ISL_2494066	2021-05-26	2021-06-11	South America / Brazil / Sao Paulo
EPI_ISL_2494069	2021-05-24	2021-06-11	South America / Brazil / Sao Paulo
EPI_ISL_2494060	2021-05-25	2021-06-11	South America / Brazil / Sao Paulo
EPI_ISL_2494074	2021-05-25	2021-06-11	South America / Brazil / Sao Paulo
EPI_ISL_2494075	2021-05-25	2021-06-11	South America / Brazil / Sao Paulo
EPI_ISL_2494072	2021-05-25	2021-06-11	South America / Brazil / Sao Paulo
EPI_ISL_2494073	2021-05-25	2021-06-11	South America / Brazil / Sao Paulo
EPI_ISL_2494078	2021-05-25	2021-06-11	South America / Brazil / Sao Paulo
EPI_ISL_2494079	2021-05-26	2021-06-11	South America / Brazil / Sao Paulo
EPI_ISL_2494076	2021-05-25	2021-06-11	South America / Brazil / Sao Paulo
EPI_ISL_2494077	2021-05-25	2021-06-11	South America / Brazil / Sao Paulo
EPI_ISL_2494070	2021-05-24	2021-06-11	South America / Brazil / Sao Paulo
EPI_ISL_2493601	2021-05-17	2021-06-11	South America / Brazil / Sao Paulo
EPI_ISL_2493600	2021-05-17	2021-06-11	South America / Brazil / Sao Paulo
EPI_ISL_2493603	2021-05-17	2021-06-11	South America / Brazil / Sao Paulo
EPI_ISL_2493602	2021-05-17	2021-06-11	South America / Brazil / Sao Paulo
EPI_ISL_2493610	2021-05-17	2021-06-11	South America / Brazil / Sao Paulo
EPI_ISL_2493612	2021-05-17	2021-06-11	South America / Brazil / Sao Paulo
EPI_ISL_2493611	2021-05-17	2021-06-11	South America / Brazil / Sao Paulo
EPI_ISL_2493614	2021-05-17	2021-06-11	South America / Brazil / Sao Paulo
EPI_ISL_2493605	2021-05-17	2021-06-11	South America / Brazil / Sao Paulo
EPI_ISL_2493604	2021-05-17	2021-06-11	South America / Brazil / Sao Paulo
EPI_ISL_2493607	2021-05-17	2021-06-11	South America / Brazil / Sao Paulo
EPI_ISL_2493606	2021-05-17	2021-06-11	South America / Brazil / Sao Paulo
EPI_ISL_2493609	2021-05-17	2021-06-11	South America / Brazil / Sao Paulo
EPI_ISL_2493608	2021-05-18	2021-06-11	South America / Brazil / Sao Paulo
EPI_ISL_2493621	2021-05-18	2021-06-11	South America / Brazil / Sao Paulo
EPI_ISL_2493620	2021-05-17	2021-06-11	South America / Brazil / Sao Paulo
EPI_ISL_2493623	2021-05-17	2021-06-11	South America / Brazil / Sao Paulo
EPI_ISL_2493622	2021-05-17	2021-06-11	South America / Brazil / Sao Paulo
EPI_ISL_2493625	2021-05-18	2021-06-11	South America / Brazil / Sao Paulo
EPI_ISL_2493624	2021-05-17	2021-06-11	South America / Brazil / Sao Paulo
EPI_ISL_2493616	2021-05-17	2021-06-11	South America / Brazil / Sao Paulo
EPI_ISL_2493615	2021-05-18	2021-06-11	South America / Brazil / Sao Paulo
EPI_ISL_2493618	2021-05-17	2021-06-11	South America / Brazil / Sao Paulo
EPI_ISL_2493617	2021-05-17	2021-06-11	South America / Brazil / Sao Paulo
EPI_ISL_2493619	2021-05-18	2021-06-11	South America / Brazil / Sao Paulo
EPI_ISL_2493551	2021-05-17	2021-06-11	South America / Brazil / Sao Paulo
EPI_ISL_2493550	2021-05-17	2021-06-11	South America / Brazil / Sao Paulo
EPI_ISL_2493552	2021-05-17	2021-06-11	South America / Brazil / Sao Paulo
EPI_ISL_2493555	2021-05-17	2021-06-11	South America / Brazil / Sao Paulo
EPI_ISL_2493554	2021-05-17	2021-06-11	South America / Brazil / Sao Paulo
EPI_ISL_2493556	2021-05-17	2021-06-11	South America / Brazil / Sao Paulo
EPI_ISL_2493558	2021-05-17	2021-06-11	South America / Brazil / Sao Paulo
EPI_ISL_2493549	2021-05-17	2021-06-11	South America / Brazil / Sao Paulo
EPI_ISL_2493560	2021-05-17	2021-06-11	South America / Brazil / Sao Paulo
EPI_ISL_2493562	2021-05-16	2021-06-11	South America / Brazil / Sao Paulo
EPI_ISL_2493561	2021-05-17	2021-06-11	South America / Brazil / Sao Paulo
EPI_ISL_2493564	2021-05-17	2021-06-11	South America / Brazil / Sao Paulo
EPI_ISL_2493563	2021-05-17	2021-06-11	South America / Brazil / Sao Paulo
EPI_ISL_2493566	2021-05-17	2021-06-11	South America / Brazil / Sao Paulo
EPI_ISL_2493565	2021-05-16	2021-06-11	South America / Brazil / Sao Paulo
EPI_ISL_2493568	2021-05-17	2021-06-11	South America / Brazil / Sao Paulo
EPI_ISL_2493567	2021-05-16	2021-06-11	South America / Brazil / Sao Paulo
EPI_ISL_2493571	2021-05-17	2021-06-11	South America / Brazil / Sao Paulo
EPI_ISL_2493570	2021-05-17	2021-06-11	South America / Brazil / Sao Paulo
EPI_ISL_2493573	2021-05-17	2021-06-11	South America / Brazil / Sao Paulo
EPI_ISL_2493572	2021-05-17	2021-06-11	South America / Brazil / Sao Paulo
EPI_ISL_2493575	2021-05-17	2021-06-11	South America / Brazil / Sao Paulo
EPI_ISL_2493574	2021-05-17	2021-06-11	South America / Brazil / Sao Paulo
EPI_ISL_2493577	2021-05-17	2021-06-11	South America / Brazil / Sao Paulo
EPI_ISL_2493576	2021-05-17	2021-06-11	South America / Brazil / Sao Paulo
EPI_ISL_2493579	2021-05-17	2021-06-11	South America / Brazil / Sao Paulo
EPI_ISL_2493578	2021-05-17	2021-06-11	South America / Brazil / Sao Paulo
EPI_ISL_2493580	2021-05-17	2021-06-11	South America / Brazil / Sao Paulo
EPI_ISL_2493582	2021-05-17	2021-06-11	South America / Brazil / Sao Paulo
EPI_ISL_2493581	2021-05-17	2021-06-11	South America / Brazil / Sao Paulo
EPI_ISL_2493583	2021-05-17	2021-06-11	South America / Brazil / Sao Paulo
EPI_ISL_2493585	2021-05-17	2021-06-11	South America / Brazil / Sao Paulo
EPI_ISL_2493588	2021-05-17	2021-06-11	South America / Brazil / Sao Paulo
EPI_ISL_2493587	2021-05-17	2021-06-11	South America / Brazil / Sao Paulo
EPI_ISL_2493589	2021-05-17	2021-06-11	South America / Brazil / Sao Paulo
EPI_ISL_2493511	2021-05-16	2021-06-11	South America / Brazil / Sao Paulo
EPI_ISL_2493510	2021-05-16	2021-06-11	South America / Brazil / Sao Paulo
EPI_ISL_2493513	2021-05-16	2021-06-11	South America / Brazil / Sao Paulo
EPI_ISL_2493512	2021-05-16	2021-06-11	South America / Brazil / Sao Paulo
EPI_ISL_2493515	2021-05-16	2021-06-11	South America / Brazil / Sao Paulo
EPI_ISL_2493514	2021-05-16	2021-06-11	South America / Brazil / Sao Paulo
EPI_ISL_2493506	2021-05-16	2021-06-11	South America / Brazil / Sao Paulo
EPI_ISL_2493505	2021-05-16	2021-06-11	South America / Brazil / Sao Paulo
EPI_ISL_2493508	2021-05-16	2021-06-11	South America / Brazil / Sao Paulo
EPI_ISL_2493507	2021-05-16	2021-06-11	South America / Brazil / Sao Paulo
EPI_ISL_2493509	2021-05-16	2021-06-11	South America / Brazil / Sao Paulo
EPI_ISL_2493520	2021-05-16	2021-06-11	South America / Brazil / Sao Paulo
EPI_ISL_2493522	2021-05-16	2021-06-11	South America / Brazil / Sao Paulo
EPI_ISL_2493524	2021-05-16	2021-06-11	South America / Brazil / Sao Paulo
EPI_ISL_2493523	2021-05-16	2021-06-11	South America / Brazil / Sao Paulo
EPI_ISL_2493526	2021-05-17	2021-06-11	South America / Brazil / Sao Paulo
EPI_ISL_2493525	2021-05-16	2021-06-11	South America / Brazil / Sao Paulo
EPI_ISL_2493517	2021-05-16	2021-06-11	South America / Brazil / Sao Paulo
EPI_ISL_2493516	2021-05-16	2021-06-11	South America / Brazil / Sao Paulo
EPI_ISL_2493519	2021-05-16	2021-06-11	South America / Brazil / Sao Paulo
EPI_ISL_2493531	2021-05-17	2021-06-11	South America / Brazil / Sao Paulo
EPI_ISL_2493530	2021-05-16	2021-06-11	South America / Brazil / Sao Paulo
EPI_ISL_2493533	2021-05-16	2021-06-11	South America / Brazil / Sao Paulo
EPI_ISL_2493532	2021-05-16	2021-06-11	South America / Brazil / Sao Paulo
EPI_ISL_2493535	2021-05-17	2021-06-11	South America / Brazil / Sao Paulo
EPI_ISL_2493534	2021-05-16	2021-06-11	South America / Brazil / Sao Paulo
EPI_ISL_2493537	2021-05-16	2021-06-11	South America / Brazil / Sao Paulo
EPI_ISL_2493536	2021-05-17	2021-06-11	South America / Brazil / Sao Paulo
EPI_ISL_2493528	2021-05-16	2021-06-11	South America / Brazil / Sao Paulo
EPI_ISL_2493527	2021-05-16	2021-06-11	South America / Brazil / Sao Paulo
EPI_ISL_2493529	2021-05-16	2021-06-11	South America / Brazil / Sao Paulo
EPI_ISL_2493540	2021-05-16	2021-06-11	South America / Brazil / Sao Paulo
EPI_ISL_2493542	2021-05-17	2021-06-11	South America / Brazil / Sao Paulo
EPI_ISL_2493541	2021-05-17	2021-06-11	South America / Brazil / Sao Paulo
EPI_ISL_2493544	2021-05-17	2021-06-11	South America / Brazil / Sao Paulo
EPI_ISL_2493543	2021-05-17	2021-06-11	South America / Brazil / Sao Paulo
EPI_ISL_2493546	2021-05-17	2021-06-11	South America / Brazil / Sao Paulo
EPI_ISL_2493548	2021-05-16	2021-06-11	South America / Brazil / Sao Paulo
EPI_ISL_2493547	2021-05-17	2021-06-11	South America / Brazil / Sao Paulo
EPI_ISL_2493539	2021-05-17	2021-06-11	South America / Brazil / Sao Paulo
EPI_ISL_2493538	2021-05-16	2021-06-11	South America / Brazil / Sao Paulo
EPI_ISL_2494001	2021-05-24	2021-06-11	South America / Brazil / Sao Paulo
EPI_ISL_2494002	2021-05-24	2021-06-11	South America / Brazil / Sao Paulo
EPI_ISL_2494000	2021-05-24	2021-06-11	South America / Brazil / Sao Paulo
EPI_ISL_2494005	2021-05-24	2021-06-11	South America / Brazil / Sao Paulo
EPI_ISL_2494006	2021-05-24	2021-06-11	South America / Brazil / Sao Paulo
EPI_ISL_2494004	2021-05-24	2021-06-11	South America / Brazil / Sao Paulo
EPI_ISL_2494009	2021-05-25	2021-06-11	South America / Brazil / Sao Paulo
EPI_ISL_2494007	2021-05-24	2021-06-11	South America / Brazil / Sao Paulo
EPI_ISL_2494008	2021-05-24	2021-06-11	South America / Brazil / Sao Paulo
EPI_ISL_2494012	2021-05-24	2021-06-11	South America / Brazil / Sao Paulo
EPI_ISL_2494013	2021-05-21	2021-06-11	South America / Brazil / Sao Paulo
EPI_ISL_2494010	2021-05-24	2021-06-11	South America / Brazil / Sao Paulo
EPI_ISL_2494011	2021-05-24	2021-06-11	South America / Brazil / Sao Paulo
EPI_ISL_2494016	2021-05-24	2021-06-11	South America / Brazil / Sao Paulo
EPI_ISL_2494017	2021-05-25	2021-06-11	South America / Brazil / Sao Paulo
EPI_ISL_2494014	2021-05-21	2021-06-11	South America / Brazil / Sao Paulo
EPI_ISL_2494015	2021-05-24	2021-06-11	South America / Brazil / Sao Paulo
EPI_ISL_2494018	2021-05-24	2021-06-11	South America / Brazil / Sao Paulo
EPI_ISL_2494019	2021-05-25	2021-06-11	South America / Brazil / Sao Paulo
EPI_ISL_2494020	2021-05-24	2021-06-11	South America / Brazil / Sao Paulo
EPI_ISL_2494023	2021-05-24	2021-06-11	South America / Brazil / Sao Paulo
EPI_ISL_2494024	2021-05-24	2021-06-11	South America / Brazil / Sao Paulo
EPI_ISL_2494021	2021-05-21	2021-06-11	South America / Brazil / Sao Paulo
EPI_ISL_2494022	2021-05-21	2021-06-11	South America / Brazil / Sao Paulo
EPI_ISL_2494027	2021-05-24	2021-06-11	South America / Brazil / Sao Paulo
EPI_ISL_2494028	2021-05-24	2021-06-11	South America / Brazil / Sao Paulo
EPI_ISL_2494025	2021-05-24	2021-06-11	South America / Brazil / Sao Paulo
EPI_ISL_2494026	2021-05-24	2021-06-11	South America / Brazil / Sao Paulo
EPI_ISL_2494029	2021-05-24	2021-06-11	South America / Brazil / Sao Paulo
EPI_ISL_2494030	2021-05-25	2021-06-11	South America / Brazil / Sao Paulo
EPI_ISL_2494031	2021-05-24	2021-06-11	South America / Brazil / Sao Paulo
EPI_ISL_2494034	2021-05-24	2021-06-11	South America / Brazil / Sao Paulo
EPI_ISL_2494035	2021-05-24	2021-06-11	South America / Brazil / Sao Paulo
EPI_ISL_2494032	2021-05-24	2021-06-11	South America / Brazil / Sao Paulo
EPI_ISL_2494033	2021-05-24	2021-06-11	South America / Brazil / Sao Paulo
EPI_ISL_2494038	2021-05-24	2021-06-11	South America / Brazil / Sao Paulo
EPI_ISL_2494039	2021-05-24	2021-06-11	South America / Brazil / Sao Paulo
EPI_ISL_2494036	2021-05-24	2021-06-11	South America / Brazil / Sao Paulo
EPI_ISL_2494037	2021-05-21	2021-06-11	South America / Brazil / Sao Paulo
EPI_ISL_2493591	2021-05-17	2021-06-11	South America / Brazil / Sao Paulo
EPI_ISL_2493590	2021-05-17	2021-06-11	South America / Brazil / Sao Paulo
EPI_ISL_2493593	2021-05-17	2021-06-11	South America / Brazil / Sao Paulo
EPI_ISL_2493592	2021-05-17	2021-06-11	South America / Brazil / Sao Paulo
EPI_ISL_2493595	2021-05-17	2021-06-11	South America / Brazil / Sao Paulo
EPI_ISL_2493594	2021-05-17	2021-06-11	South America / Brazil / Sao Paulo
EPI_ISL_2493597	2021-05-17	2021-06-11	South America / Brazil / Sao Paulo
EPI_ISL_2493596	2021-05-17	2021-06-11	South America / Brazil / Sao Paulo
EPI_ISL_2493599	2021-05-17	2021-06-11	South America / Brazil / Sao Paulo
EPI_ISL_2493598	2021-05-18	2021-06-11	South America / Brazil / Sao Paulo
EPI_ISL_2491715	2021-02-09	2021-06-11	South America / Brazil / Bahia / Salvador
EPI_ISL_2493500	2021-05-16	2021-06-11	South America / Brazil / Sao Paulo
EPI_ISL_2493502	2021-05-16	2021-06-11	South America / Brazil / Sao Paulo
EPI_ISL_2493501	2021-05-16	2021-06-11	South America / Brazil / Sao Paulo
EPI_ISL_2493504	2021-05-16	2021-06-11	South America / Brazil / Sao Paulo
EPI_ISL_2493503	2021-05-16	2021-06-11	South America / Brazil / Sao Paulo
EPI_ISL_2497468	2021-05-29	2021-06-11	South America / Brazil / Goias / Aparecida de Goiania
EPI_ISL_2500975	2021-05-19	2021-06-12	South America / Brazil / Sao Paulo
EPI_ISL_2500976	2021-05-17	2021-06-12	South America / Brazil / Sao Paulo
EPI_ISL_2500973	2021-05-17	2021-06-12	South America / Brazil / Sao Paulo
EPI_ISL_2500974	2021-05-18	2021-06-12	South America / Brazil / Sao Paulo
EPI_ISL_2500972	2021-05-17	2021-06-12	South America / Brazil / Sao Paulo
EPI_ISL_2500979	2021-05-19	2021-06-12	South America / Brazil / Sao Paulo
EPI_ISL_2500986	2021-05-25	2021-06-12	South America / Brazil / Sao Paulo
EPI_ISL_2500987	2021-05-27	2021-06-12	South America / Brazil / Sao Paulo
EPI_ISL_2500984	2021-05-20	2021-06-12	South America / Brazil / Sao Paulo
EPI_ISL_2500985	2021-05-28	2021-06-12	South America / Brazil / Sao Paulo
EPI_ISL_2500982	2021-05-10	2021-06-12	South America / Brazil / Sao Paulo
EPI_ISL_2500983	2021-05-19	2021-06-12	South America / Brazil / Sao Paulo
EPI_ISL_2500980	2021-05-16	2021-06-12	South America / Brazil / Sao Paulo
EPI_ISL_2500981	2021-05-17	2021-06-12	South America / Brazil / Sao Paulo
EPI_ISL_2499748	2021-01-04	2021-06-11	South America / Brazil / Amazonas
EPI_ISL_2534873	2021-05-12	2021-06-15	South America / Brazil / Rio de Janeiro / Santo Antonio de Padua
EPI_ISL_2534874	2021-05-12	2021-06-15	South America / Brazil / Rio de Janeiro / Santo Antonio de Padua
EPI_ISL_2534879	2021-05-11	2021-06-15	South America / Brazil / Rio de Janeiro / Sumidouro
EPI_ISL_2534871	2021-05-12	2021-06-15	South America / Brazil / Rio de Janeiro / Macae
EPI_ISL_2534872	2021-05-12	2021-06-15	South America / Brazil / Rio de Janeiro / Macae
EPI_ISL_2534877	2021-05-10	2021-06-15	South America / Brazil / Rio de Janeiro / Sumidouro
EPI_ISL_2534878	2021-05-11	2021-06-15	South America / Brazil / Rio de Janeiro / Sumidouro
EPI_ISL_2534875	2021-05-11	2021-06-15	South America / Brazil / Rio de Janeiro / Santo Antonio de Padua
EPI_ISL_2534870	2021-05-12	2021-06-15	South America / Brazil / Rio de Janeiro / Cambuci
EPI_ISL_2534895	2021-05-13	2021-06-15	South America / Brazil / Rio de Janeiro / Bom Jesus do Itabapoana
EPI_ISL_2534896	2021-05-13	2021-06-15	South America / Brazil / Rio de Janeiro / Bom Jesus do Itabapoana
EPI_ISL_2534899	2021-05-13	2021-06-15	South America / Brazil / Rio de Janeiro / Sao sebastiao do alto
EPI_ISL_2534897	2021-05-13	2021-06-15	South America / Brazil / Rio de Janeiro / Bom Jesus do Itabapoana
EPI_ISL_2534898	2021-05-13	2021-06-15	South America / Brazil / Rio de Janeiro / Santo Antonio de Padua
EPI_ISL_2534891	2021-05-13	2021-06-15	South America / Brazil / Rio de Janeiro / Bom Jardim
EPI_ISL_2534892	2021-05-12	2021-06-15	South America / Brazil / Rio de Janeiro / Cardoso Moreira
EPI_ISL_2534890	2021-05-12	2021-06-15	South America / Brazil / Rio de Janeiro / Bom Jardim
EPI_ISL_2534884	2021-05-12	2021-06-15	South America / Brazil / Rio de Janeiro / Mangaratiba
EPI_ISL_2534885	2021-05-12	2021-06-15	South America / Brazil / Rio de Janeiro / Mangaratiba
EPI_ISL_2534882	2021-05-12	2021-06-15	South America / Brazil / Rio de Janeiro / Carapebus
EPI_ISL_2534862	2021-05-12	2021-06-15	South America / Brazil / Rio de Janeiro / Itaocara
EPI_ISL_2534883	2021-05-12	2021-06-15	South America / Brazil / Rio de Janeiro / Mangaratiba
EPI_ISL_2534888	2021-05-12	2021-06-15	South America / Brazil / Rio de Janeiro / Mangaratiba
EPI_ISL_2534889	2021-05-12	2021-06-15	South America / Brazil / Rio de Janeiro / Bom Jardim
EPI_ISL_2534886	2021-05-12	2021-06-15	South America / Brazil / Rio de Janeiro / Mangaratiba
EPI_ISL_2534887	2021-05-12	2021-06-15	South America / Brazil / Rio de Janeiro / Mangaratiba
EPI_ISL_2534876	2021-05-12	2021-06-15	South America / Brazil / Rio de Janeiro / Santo Antonio de Padua
EPI_ISL_2534880	2021-05-11	2021-06-15	South America / Brazil / Rio de Janeiro / Sumidouro
EPI_ISL_2534863	2021-05-12	2021-06-15	South America / Brazil / Rio de Janeiro / Macae
EPI_ISL_2534866	2021-05-12	2021-06-15	South America / Brazil / Rio de Janeiro / Macae
EPI_ISL_2534867	2021-05-12	2021-06-15	South America / Brazil / Rio de Janeiro / Macae
EPI_ISL_2534864	2021-05-12	2021-06-15	South America / Brazil / Rio de Janeiro / Macae
EPI_ISL_2534865	2021-05-12	2021-06-15	South America / Brazil / Rio de Janeiro / Macae
EPI_ISL_2534869	2021-05-12	2021-06-15	South America / Brazil / Rio de Janeiro / Cambuci
EPI_ISL_2535234	2021-05-17	2021-06-15	South America / Brazil / Rio de Janeiro
EPI_ISL_2535232	2021-05-13	2021-06-15	South America / Brazil / Rio de Janeiro / Silva Jardim
EPI_ISL_2535224	2021-05-18	2021-06-15	South America / Brazil / Rio de Janeiro / Seropedica
EPI_ISL_2535223	2021-05-18	2021-06-15	South America / Brazil / Rio de Janeiro / Nova Iguacu
EPI_ISL_2535229	2021-05-15	2021-06-15	South America / Brazil / Rio de Janeiro / Silva Jardim
EPI_ISL_2535227	2021-05-19	2021-06-15	South America / Brazil / Rio de Janeiro / Seropedica
EPI_ISL_2535222	2021-05-17	2021-06-15	South America / Brazil / Rio de Janeiro / Sao Joao de Meriti
EPI_ISL_2535215	2021-05-15	2021-06-15	South America / Brazil / Rio de Janeiro / Rio Bonito
EPI_ISL_2535213	2021-05-18	2021-06-15	South America / Brazil / Rio de Janeiro / Queimados
EPI_ISL_2535212	2021-05-14	2021-06-15	South America / Brazil / Rio de Janeiro / Queimados
EPI_ISL_2535218	2021-05-14	2021-06-15	South America / Brazil / Rio de Janeiro / Tangua
EPI_ISL_2535217	2021-05-14	2021-06-15	South America / Brazil / Rio de Janeiro / Rio Bonito
EPI_ISL_2535211	2021-05-18	2021-06-15	South America / Brazil / Rio de Janeiro / Queimados
EPI_ISL_2535204	2021-05-14	2021-06-15	South America / Brazil / Rio de Janeiro / Niteroi
EPI_ISL_2535203	2021-05-13	2021-06-15	South America / Brazil / Rio de Janeiro / Niteroi
EPI_ISL_2535202	2021-05-14	2021-06-15	South America / Brazil / Rio de Janeiro / Niteroi
EPI_ISL_2535201	2021-05-14	2021-06-15	South America / Brazil / Rio de Janeiro / Sao Joao de Meriti
EPI_ISL_2535208	2021-05-17	2021-06-15	South America / Brazil / Rio de Janeiro / Nova Iguacu
EPI_ISL_2535207	2021-05-17	2021-06-15	South America / Brazil / Rio de Janeiro / Nova Iguacu
EPI_ISL_2535206	2021-05-13	2021-06-15	South America / Brazil / Rio de Janeiro / Niteroi
EPI_ISL_2535205	2021-05-13	2021-06-15	South America / Brazil / Rio de Janeiro / Niteroi
EPI_ISL_2535200	2021-05-13	2021-06-15	South America / Brazil / Rio de Janeiro / Nova Iguacu
EPI_ISL_2535192	2021-05-17	2021-06-15	South America / Brazil / Rio de Janeiro / Mesquita
EPI_ISL_2535191	2021-05-17	2021-06-15	South America / Brazil / Rio de Janeiro / Marica
EPI_ISL_2535190	2021-05-17	2021-06-15	South America / Brazil / Rio de Janeiro / Marica
EPI_ISL_2535196	2021-05-17	2021-06-15	South America / Brazil / Rio de Janeiro / Mesquita
EPI_ISL_2535195	2021-05-17	2021-06-15	South America / Brazil / Rio de Janeiro / Mesquita
EPI_ISL_2535194	2021-05-17	2021-06-15	South America / Brazil / Rio de Janeiro / Mesquita
EPI_ISL_2535193	2021-05-17	2021-06-15	South America / Brazil / Rio de Janeiro / Mesquita
EPI_ISL_2535199	2021-05-13	2021-06-15	South America / Brazil / Rio de Janeiro / Nilopolis
EPI_ISL_2535198	2021-05-14	2021-06-15	South America / Brazil / Rio de Janeiro / Nilopolis
EPI_ISL_2535197	2021-05-13	2021-06-15	South America / Brazil / Rio de Janeiro
EPI_ISL_2535181	2021-05-15	2021-06-15	South America / Brazil / Rio de Janeiro / Japeri
EPI_ISL_2535180	2021-05-18	2021-06-15	South America / Brazil / Rio de Janeiro / Itaguai
EPI_ISL_2535185	2021-05-17	2021-06-15	South America / Brazil / Rio de Janeiro / Japeri
EPI_ISL_2535184	2021-05-17	2021-06-15	South America / Brazil / Rio de Janeiro / Japeri
EPI_ISL_2535183	2021-05-18	2021-06-15	South America / Brazil / Rio de Janeiro / Japeri
EPI_ISL_2535182	2021-05-17	2021-06-15	South America / Brazil / Rio de Janeiro / Japeri
EPI_ISL_2535188	2021-05-21	2021-06-15	South America / Brazil / Rio de Janeiro / Mage
EPI_ISL_2535187	2021-05-21	2021-06-15	South America / Brazil / Rio de Janeiro / Mage
EPI_ISL_2535186	2021-05-21	2021-06-15	South America / Brazil / Rio de Janeiro / Mage
EPI_ISL_2535179	2021-05-18	2021-06-15	South America / Brazil / Rio de Janeiro / Itaguai
EPI_ISL_2535170	2021-05-18	2021-06-15	South America / Brazil / Rio de Janeiro
EPI_ISL_2535174	2021-05-15	2021-06-15	South America / Brazil / Rio de Janeiro / Itaborai
EPI_ISL_2535172	2021-05-18	2021-06-15	South America / Brazil / Rio de Janeiro / Duque de Caxias
EPI_ISL_2535171	2021-05-18	2021-06-15	South America / Brazil / Rio de Janeiro
EPI_ISL_2535178	2021-05-18	2021-06-15	South America / Brazil / Rio de Janeiro / Itaguai
EPI_ISL_2535177	2021-05-19	2021-06-15	South America / Brazil / Rio de Janeiro / Itaguai
EPI_ISL_2535176	2021-05-19	2021-06-15	South America / Brazil / Rio de Janeiro
EPI_ISL_2535169	2021-05-18	2021-06-15	South America / Brazil / Rio de Janeiro
EPI_ISL_2535163	2021-05-17	2021-06-15	South America / Brazil / Rio de Janeiro
EPI_ISL_2535162	2021-05-17	2021-06-15	South America / Brazil / Rio de Janeiro
EPI_ISL_2535161	2021-05-17	2021-06-15	South America / Brazil / Rio de Janeiro
EPI_ISL_2535160	2021-05-17	2021-06-15	South America / Brazil / Rio de Janeiro
EPI_ISL_2535167	2021-05-18	2021-06-15	South America / Brazil / Rio de Janeiro
EPI_ISL_2535165	2021-05-17	2021-06-15	South America / Brazil / Rio de Janeiro
EPI_ISL_2534994	2021-05-14	2021-06-15	South America / Brazil / Rio de Janeiro / Conceicao de Macabu
EPI_ISL_2534995	2021-05-14	2021-06-15	South America / Brazil / Rio de Janeiro / Conceicao de Macabu
EPI_ISL_2534992	2021-05-13	2021-06-15	South America / Brazil / Rio de Janeiro / Barra Mansa
EPI_ISL_2534993	2021-05-14	2021-06-15	South America / Brazil / Rio de Janeiro / Conceicao de Macabu
EPI_ISL_2534998	2021-05-14	2021-06-15	South America / Brazil / Rio de Janeiro / Rio das Ostras
EPI_ISL_2534999	2021-05-14	2021-06-15	South America / Brazil / Rio de Janeiro / Rio das Ostras
EPI_ISL_2534996	2021-05-14	2021-06-15	South America / Brazil / Rio de Janeiro / Conceicao de Macabu
EPI_ISL_2534997	2021-05-14	2021-06-15	South America / Brazil / Rio de Janeiro / Rio das Ostras
EPI_ISL_2534990	2021-05-13	2021-06-15	South America / Brazil / Rio de Janeiro / Barra Mansa
EPI_ISL_2534991	2021-05-13	2021-06-15	South America / Brazil / Rio de Janeiro / Barra Mansa
EPI_ISL_2534983	2021-05-13	2021-06-15	South America / Brazil / Rio de Janeiro / Angra dos reis
EPI_ISL_2534984	2021-05-13	2021-06-15	South America / Brazil / Rio de Janeiro / Angra dos reis
EPI_ISL_2534981	2021-05-13	2021-06-15	South America / Brazil / Rio de Janeiro / Angra dos reis
EPI_ISL_2534982	2021-05-13	2021-06-15	South America / Brazil / Rio de Janeiro / Angra dos reis
EPI_ISL_2534987	2021-05-13	2021-06-15	South America / Brazil / Rio de Janeiro / Angra dos reis
EPI_ISL_2534988	2021-05-13	2021-06-15	South America / Brazil / Rio de Janeiro / Barra Mansa
EPI_ISL_2534985	2021-05-13	2021-06-15	South America / Brazil / Rio de Janeiro / Angra dos reis
EPI_ISL_2534986	2021-05-13	2021-06-15	South America / Brazil / Rio de Janeiro / Angra dos reis
EPI_ISL_2534989	2021-05-13	2021-06-15	South America / Brazil / Rio de Janeiro / Barra Mansa
EPI_ISL_2534980	2021-05-12	2021-06-15	South America / Brazil / Rio de Janeiro / Angra dos reis
EPI_ISL_2534972	2021-05-14	2021-06-15	South America / Brazil / Rio de Janeiro / Quissama
EPI_ISL_2534973	2021-05-12	2021-06-15	South America / Brazil / Rio de Janeiro / Petropolis
EPI_ISL_2534970	2021-05-14	2021-06-15	South America / Brazil / Rio de Janeiro / Quissama
EPI_ISL_2534976	2021-05-12	2021-06-15	South America / Brazil / Rio de Janeiro / Petropolis
EPI_ISL_2534977	2021-05-12	2021-06-15	South America / Brazil / Rio de Janeiro / Petropolis
EPI_ISL_2534974	2021-05-12	2021-06-15	South America / Brazil / Rio de Janeiro / Petropolis
EPI_ISL_2534975	2021-05-12	2021-06-15	South America / Brazil / Rio de Janeiro / Petropolis
EPI_ISL_2534978	2021-05-13	2021-06-15	South America / Brazil / Rio de Janeiro / Angra dos reis
EPI_ISL_2534979	2021-05-12	2021-06-15	South America / Brazil / Rio de Janeiro / Angra dos reis
EPI_ISL_2534961	2021-05-12	2021-06-15	South America / Brazil / Rio de Janeiro / Saquarema
EPI_ISL_2534962	2021-05-12	2021-06-15	South America / Brazil / Rio de Janeiro / Saquarema
EPI_ISL_2534960	2021-05-11	2021-06-15	South America / Brazil / Rio de Janeiro / Barra do Pirai
EPI_ISL_2534965	2021-05-12	2021-06-15	South America / Brazil / Rio de Janeiro / Saquarema
EPI_ISL_2534966	2021-05-12	2021-06-15	South America / Brazil / Rio de Janeiro / Saquarema
EPI_ISL_2534963	2021-05-12	2021-06-15	South America / Brazil / Rio de Janeiro / Saquarema
EPI_ISL_2534964	2021-05-12	2021-06-15	South America / Brazil / Rio de Janeiro / Saquarema
EPI_ISL_2534969	2021-05-14	2021-06-15	South America / Brazil / Rio de Janeiro / Quissama
EPI_ISL_2534967	2021-05-12	2021-06-15	South America / Brazil / Rio de Janeiro / Saquarema
EPI_ISL_2534968	2021-05-14	2021-06-15	South America / Brazil / Rio de Janeiro / Quissama
EPI_ISL_2534954	2021-05-13	2021-06-15	South America / Brazil / Rio de Janeiro / Miguel Pereira
EPI_ISL_2534952	2021-05-13	2021-06-15	South America / Brazil / Rio de Janeiro / Miguel Pereira
EPI_ISL_2534953	2021-05-13	2021-06-15	South America / Brazil / Rio de Janeiro / Miguel Pereira
EPI_ISL_2534958	2021-05-13	2021-06-15	South America / Brazil / Rio de Janeiro / Cordeiro
EPI_ISL_2534959	2021-05-13	2021-06-15	South America / Brazil / Rio de Janeiro / Cordeiro
EPI_ISL_2534956	2021-05-12	2021-06-15	South America / Brazil / Rio de Janeiro / Barra do Pirai
EPI_ISL_2534940	2021-05-13	2021-06-15	South America / Brazil / Rio de Janeiro / Quissama
EPI_ISL_2534942	2021-05-13	2021-06-15	South America / Brazil / Rio de Janeiro / Quissama
EPI_ISL_2534948	2021-05-12	2021-06-15	South America / Brazil / Rio de Janeiro / Paracambi
EPI_ISL_2534945	2021-05-13	2021-06-15	South America / Brazil / Rio de Janeiro / Macae
EPI_ISL_2534949	2021-05-12	2021-06-15	South America / Brazil / Rio de Janeiro / Paracambi
EPI_ISL_2534932	2021-05-12	2021-06-15	South America / Brazil / Rio de Janeiro / Sao pedro da aldeia
EPI_ISL_2534930	2021-05-12	2021-06-15	South America / Brazil / Rio de Janeiro / Sao pedro da aldeia
EPI_ISL_2534936	2021-05-12	2021-06-15	South America / Brazil / Rio de Janeiro / Sao pedro da aldeia
EPI_ISL_2534937	2021-05-12	2021-06-15	South America / Brazil / Rio de Janeiro / Cabo Frio
EPI_ISL_2534934	2021-05-12	2021-06-15	South America / Brazil / Rio de Janeiro / Sao pedro da aldeia
EPI_ISL_2534935	2021-05-12	2021-06-15	South America / Brazil / Rio de Janeiro / Sao pedro da aldeia
EPI_ISL_2534938	2021-05-12	2021-06-15	South America / Brazil / Rio de Janeiro / Cabo Frio
EPI_ISL_2534939	2021-05-13	2021-06-15	South America / Brazil / Rio de Janeiro / Quissama
EPI_ISL_2534922	2021-05-13	2021-06-15	South America / Brazil / Rio de Janeiro / Tres Rios
EPI_ISL_2534920	2021-05-12	2021-06-15	South America / Brazil / Rio de Janeiro / Tres Rios
EPI_ISL_2534926	2021-05-12	2021-06-15	South America / Brazil / Rio de Janeiro / Barra Mansa
EPI_ISL_2534929	2021-05-12	2021-06-15	South America / Brazil / Rio de Janeiro / Sao pedro da aldeia
EPI_ISL_2534928	2021-05-12	2021-06-15	South America / Brazil / Rio de Janeiro / Italva
EPI_ISL_2534910	2021-05-13	2021-06-15	South America / Brazil / Rio de Janeiro / Miracema
EPI_ISL_2534911	2021-05-13	2021-06-15	South America / Brazil / Rio de Janeiro / Miracema
EPI_ISL_2534914	2021-05-13	2021-06-15	South America / Brazil / Rio de Janeiro / Paraiba do Sul
EPI_ISL_2534915	2021-05-13	2021-06-15	South America / Brazil / Rio de Janeiro / Miracema
EPI_ISL_2534912	2021-05-13	2021-06-15	South America / Brazil / Rio de Janeiro / Itaperuna
EPI_ISL_2534913	2021-05-13	2021-06-15	South America / Brazil / Rio de Janeiro / Itaperuna
EPI_ISL_2534919	2021-05-12	2021-06-15	South America / Brazil / Rio de Janeiro / Tres Rios
EPI_ISL_2534916	2021-05-11	2021-06-15	South America / Brazil / Rio de Janeiro / Petropolis
EPI_ISL_2534917	2021-05-12	2021-06-15	South America / Brazil / Rio de Janeiro / Sao jose do vale do rio preto
EPI_ISL_2534909	2021-05-13	2021-06-15	South America / Brazil / Rio de Janeiro / Miracema
EPI_ISL_2534904	2021-05-13	2021-06-15	South America / Brazil / Rio de Janeiro / Itaocara
EPI_ISL_2534901	2021-05-13	2021-06-15	South America / Brazil / Rio de Janeiro / Rio das Flores
EPI_ISL_2534902	2021-05-13	2021-06-15	South America / Brazil / Rio de Janeiro / Rio das Flores
EPI_ISL_2534907	2021-05-13	2021-06-15	South America / Brazil / Rio de Janeiro / Miracema
EPI_ISL_2534908	2021-05-13	2021-06-15	South America / Brazil / Rio de Janeiro / Miracema
EPI_ISL_2534905	2021-05-13	2021-06-15	South America / Brazil / Rio de Janeiro / Rio Claro
EPI_ISL_2536249	2021-05-11	2021-06-15	South America / Brazil / Santa Catarina / Ponte alta
EPI_ISL_2536248	2021-05-06	2021-06-15	South America / Brazil / Santa Catarina / Schroeder
EPI_ISL_2536246	2021-05-05	2021-06-15	South America / Brazil / Santa Catarina / Braco do Norte
EPI_ISL_2536240	2021-05-14	2021-06-15	South America / Brazil / Santa Catarina / Lages
EPI_ISL_2536243	2021-05-06	2021-06-15	South America / Brazil / Santa Catarina / Balneario Picarras
EPI_ISL_2536238	2021-05-10	2021-06-15	South America / Brazil / Santa Catarina / Lages
EPI_ISL_2536237	2021-04-26	2021-06-15	South America / Brazil / Santa Catarina / Garopaba
EPI_ISL_2536236	2021-05-14	2021-06-15	South America / Brazil / Santa Catarina / Biguacu
EPI_ISL_2536235	2021-05-11	2021-06-15	South America / Brazil / Santa Catarina / Rio do Sul
EPI_ISL_2536239	2021-04-28	2021-06-15	South America / Brazil / Santa Catarina / Sao bento do sul
EPI_ISL_2536230	2021-04-28	2021-06-15	South America / Brazil / Santa Catarina / Rio do Sul
EPI_ISL_2536234	2021-04-27	2021-06-15	South America / Brazil / Santa Catarina / Trombudo central
EPI_ISL_2536233	2021-05-01	2021-06-15	South America / Brazil / Santa Catarina / Sao joao batista
EPI_ISL_2536231	2021-04-25	2021-06-15	South America / Brazil / Santa Catarina / Blumenau
EPI_ISL_2536229	2021-05-14	2021-06-15	South America / Brazil / Santa Catarina / Itaiopolis
EPI_ISL_2536228	2021-04-26	2021-06-15	South America / Brazil / Santa Catarina / Mafra
EPI_ISL_2535159	2021-05-17	2021-06-15	South America / Brazil / Amazonas / Manaus
EPI_ISL_2535157	2021-05-17	2021-06-15	South America / Brazil / Rio de Janeiro
EPI_ISL_2535152	2021-05-17	2021-06-15	South America / Brazil / Rio de Janeiro
EPI_ISL_2535151	2021-05-17	2021-06-15	South America / Brazil / Rio de Janeiro
EPI_ISL_2535150	2021-05-17	2021-06-15	South America / Brazil / Rio de Janeiro
EPI_ISL_2535156	2021-05-17	2021-06-15	South America / Brazil / Rio de Janeiro
EPI_ISL_2535154	2021-05-17	2021-06-15	South America / Brazil / Rio de Janeiro
EPI_ISL_2535153	2021-05-17	2021-06-15	South America / Brazil / Rio de Janeiro
EPI_ISL_2535149	2021-05-17	2021-06-15	South America / Brazil / Rio de Janeiro
EPI_ISL_2535148	2021-05-18	2021-06-15	South America / Brazil / Rio de Janeiro
EPI_ISL_2535147	2021-05-18	2021-06-15	South America / Brazil / Rio de Janeiro
EPI_ISL_2535146	2021-05-18	2021-06-15	South America / Brazil / Rio de Janeiro
EPI_ISL_2535140	2021-05-17	2021-06-15	South America / Brazil / Rio de Janeiro
EPI_ISL_2535145	2021-05-17	2021-06-15	South America / Brazil / Rio de Janeiro
EPI_ISL_2535144	2021-05-18	2021-06-15	South America / Brazil / Rio de Janeiro
EPI_ISL_2535142	2021-05-18	2021-06-15	South America / Brazil / Rio de Janeiro
EPI_ISL_2535138	2021-05-16	2021-06-15	South America / Brazil / Rio de Janeiro
EPI_ISL_2535137	2021-05-16	2021-06-15	South America / Brazil / Rio de Janeiro
EPI_ISL_2535135	2021-05-17	2021-06-15	South America / Brazil / Rio de Janeiro
EPI_ISL_2535139	2021-05-17	2021-06-15	South America / Brazil / Rio de Janeiro
EPI_ISL_2535130	2021-05-18	2021-06-15	South America / Brazil / Rio de Janeiro
EPI_ISL_2535134	2021-05-17	2021-06-15	South America / Brazil / Rio de Janeiro
EPI_ISL_2535133	2021-05-17	2021-06-15	South America / Brazil / Rio de Janeiro
EPI_ISL_2535131	2021-05-17	2021-06-15	South America / Brazil / Rio de Janeiro
EPI_ISL_2535127	2021-05-19	2021-06-15	South America / Brazil / Rio de Janeiro
EPI_ISL_2535126	2021-05-19	2021-06-15	South America / Brazil / Rio de Janeiro
EPI_ISL_2535125	2021-05-19	2021-06-15	South America / Brazil / Rio de Janeiro / Belford Roxo
EPI_ISL_2535124	2021-05-17	2021-06-15	South America / Brazil / Ceara / Crateus
EPI_ISL_2535129	2021-05-18	2021-06-15	South America / Brazil / Rio de Janeiro
EPI_ISL_2535128	2021-05-19	2021-06-15	South America / Brazil / Rio de Janeiro
EPI_ISL_2535123	2021-05-17	2021-06-15	South America / Brazil / Rio de Janeiro
EPI_ISL_2535122	2021-05-18	2021-06-15	South America / Brazil / Maranhao / Saoluis
EPI_ISL_2535120	2021-05-18	2021-06-15	South America / Brazil / Rio de Janeiro
EPI_ISL_2535116	2021-05-18	2021-06-15	South America / Brazil / Rio Grande do Norte / Ipanguacu
EPI_ISL_2535115	2021-05-17	2021-06-15	South America / Brazil / Rio de Janeiro
EPI_ISL_2535114	2021-05-19	2021-06-15	South America / Brazil / Rio de Janeiro
EPI_ISL_2535113	2021-05-16	2021-06-15	South America / Brazil / Rio de Janeiro / Belford Roxo
EPI_ISL_2535119	2021-05-18	2021-06-15	South America / Brazil / Rio de Janeiro
EPI_ISL_2535118	2021-05-19	2021-06-15	South America / Brazil / Rio de Janeiro
EPI_ISL_2535117	2021-05-17	2021-06-15	South America / Brazil / Rio de Janeiro
EPI_ISL_2535112	2021-05-16	2021-06-15	South America / Brazil / Rio de Janeiro / Belford Roxo
EPI_ISL_2535111	2021-05-17	2021-06-15	South America / Brazil / Rio de Janeiro / Belford Roxo
EPI_ISL_2535110	2021-05-26	2021-06-15	South America / Brazil / Rio de Janeiro / Cantagalo
EPI_ISL_2535105	2021-05-20	2021-06-15	South America / Brazil / Rio de Janeiro / Porto Real
EPI_ISL_2535104	2021-05-18	2021-06-15	South America / Brazil / Rio de Janeiro / Porto Real
EPI_ISL_2535103	2021-05-18	2021-06-15	South America / Brazil / Rio de Janeiro / Porto Real
EPI_ISL_2535102	2021-05-19	2021-06-15	South America / Brazil / Rio de Janeiro / Porto Real
EPI_ISL_2535109	2021-05-24	2021-06-15	South America / Brazil / Rio de Janeiro / Cachoeiras de macacu
EPI_ISL_2535106	2021-05-20	2021-06-15	South America / Brazil / Rio de Janeiro / Porto Real
EPI_ISL_2535100	2021-05-22	2021-06-15	South America / Brazil / Rio de Janeiro / Rio das Ostras
EPI_ISL_2535090	2021-05-20	2021-06-15	South America / Brazil / Rio de Janeiro / Volta Redonda
EPI_ISL_2535096	2021-05-20	2021-06-15	South America / Brazil / Rio de Janeiro / Volta Redonda
EPI_ISL_2535094	2021-05-20	2021-06-15	South America / Brazil / Rio de Janeiro / Volta Redonda
EPI_ISL_2535098	2021-05-21	2021-06-15	South America / Brazil / Rio de Janeiro / Areal
EPI_ISL_2535086	2021-05-21	2021-06-15	South America / Brazil / Rio de Janeiro / Cabo Frio
EPI_ISL_2535085	2021-05-21	2021-06-15	South America / Brazil / Rio de Janeiro / Cabo Frio
EPI_ISL_2535084	2021-05-22	2021-06-15	South America / Brazil / Rio de Janeiro / Resende
EPI_ISL_2535089	2021-05-20	2021-06-15	South America / Brazil / Rio de Janeiro / Volta Redonda
EPI_ISL_2535088	2021-05-24	2021-06-15	South America / Brazil / Rio de Janeiro / Sao jose do vale do rio preto
EPI_ISL_2535070	2021-05-14	2021-06-15	South America / Brazil / Rio de Janeiro / Porto Real
EPI_ISL_2535075	2021-05-17	2021-06-15	South America / Brazil / Rio de Janeiro / Casimiro de abreu
EPI_ISL_2535074	2021-05-17	2021-06-15	South America / Brazil / Rio de Janeiro / Casimiro de abreu
EPI_ISL_2535073	2021-05-17	2021-06-15	South America / Brazil / Rio de Janeiro / Porto Real
EPI_ISL_2535072	2021-05-16	2021-06-15	South America / Brazil / Rio de Janeiro / Porto Real
EPI_ISL_2535079	2021-05-22	2021-06-15	South America / Brazil / Rio de Janeiro / Resende
EPI_ISL_2535078	2021-05-23	2021-06-15	South America / Brazil / Rio de Janeiro / Campos dos Goytacazes
EPI_ISL_2535077	2021-05-17	2021-06-15	South America / Brazil / Rio de Janeiro / Nova Friburgo
EPI_ISL_2535060	2021-05-14	2021-06-15	South America / Brazil / Rio de Janeiro / Areal
EPI_ISL_2535064	2021-05-15	2021-06-15	South America / Brazil / Rio de Janeiro / Resende
EPI_ISL_2535063	2021-05-15	2021-06-15	South America / Brazil / Rio de Janeiro / Resende
EPI_ISL_2535062	2021-05-14	2021-06-15	South America / Brazil / Rio de Janeiro / Resende
EPI_ISL_2535061	2021-05-14	2021-06-15	South America / Brazil / Rio de Janeiro / Bom Jardim
EPI_ISL_2535067	2021-05-14	2021-06-15	South America / Brazil / Rio de Janeiro / Valenca
EPI_ISL_2535066	2021-05-14	2021-06-15	South America / Brazil / Rio de Janeiro / Valenca
EPI_ISL_2535065	2021-05-14	2021-06-15	South America / Brazil / Rio de Janeiro / Bom Jardim
EPI_ISL_2535059	2021-05-13	2021-06-15	South America / Brazil / Rio de Janeiro / Barra do Pirai
EPI_ISL_2535058	2021-05-13	2021-06-15	South America / Brazil / Rio de Janeiro / Barra do Pirai
EPI_ISL_2535051	2021-05-17	2021-06-15	South America / Brazil / Rio de Janeiro / Paraiba do Sul
EPI_ISL_2535057	2021-05-17	2021-06-15	South America / Brazil / Rio de Janeiro / Araruama
EPI_ISL_2535056	2021-05-16	2021-06-15	South America / Brazil / Rio de Janeiro / Engenheiro Paulo de Frontin
EPI_ISL_2535049	2021-05-13	2021-06-15	South America / Brazil / Rio de Janeiro / Iguaba Grande
EPI_ISL_2535048	2021-05-13	2021-06-15	South America / Brazil / Rio de Janeiro / Iguaba Grande
EPI_ISL_2535041	2021-05-17	2021-06-15	South America / Brazil / Rio de Janeiro
EPI_ISL_2535040	2021-05-18	2021-06-15	South America / Brazil / Rio de Janeiro / Natividade
EPI_ISL_2535039	2021-05-18	2021-06-15	South America / Brazil / Rio de Janeiro / Natividade
EPI_ISL_2535038	2021-05-18	2021-06-15	South America / Brazil / Rio de Janeiro / Quatis
EPI_ISL_2535036	2021-05-18	2021-06-15	South America / Brazil / Rio de Janeiro / Rio Claro
EPI_ISL_2535031	2021-05-17	2021-06-15	South America / Brazil / Rio de Janeiro / Itatiaia
EPI_ISL_2535030	2021-05-17	2021-06-15	South America / Brazil / Rio de Janeiro / Itatiaia
EPI_ISL_2535035	2021-05-18	2021-06-15	South America / Brazil / Rio de Janeiro / Itaperuna
EPI_ISL_2535032	2021-05-18	2021-06-15	South America / Brazil / Rio de Janeiro / Bom Jesus do Itabapoana
EPI_ISL_2535028	2021-05-17	2021-06-15	South America / Brazil / Rio de Janeiro / Itatiaia
EPI_ISL_2535026	2021-05-18	2021-06-15	South America / Brazil / Rio de Janeiro / Trajano de Moraes
EPI_ISL_2535025	2021-05-14	2021-06-15	South America / Brazil / Rio de Janeiro / Sao joao da barra
EPI_ISL_2535020	2021-05-18	2021-06-15	South America / Brazil / Rio de Janeiro / Rio das Flores
EPI_ISL_2536350	2021-03-28	2021-06-15	South America / Brazil / Paraiba / Joao Pessoa
EPI_ISL_2535024	2021-05-14	2021-06-15	South America / Brazil / Rio de Janeiro / Sao joao da barra
EPI_ISL_2536355	2021-03-27	2021-06-15	South America / Brazil / Maranhao / Sao luis
EPI_ISL_2536353	2021-02-02	2021-06-15	South America / Brazil / Paraiba / Joao Pessoa
EPI_ISL_2535022	2021-05-14	2021-06-15	South America / Brazil / Rio de Janeiro / Vassouras
EPI_ISL_2535021	2021-05-12	2021-06-15	South America / Brazil / Rio de Janeiro / Engenheiro Paulo de Frontin
EPI_ISL_2535017	2021-05-13	2021-06-15	South America / Brazil / Paraiba / Campina grande
EPI_ISL_2535016	2021-05-13	2021-06-15	South America / Brazil / Rio de Janeiro / Sao Francisco de Itabapoana
EPI_ISL_2536346	2021-03-29	2021-06-15	South America / Brazil / Paraiba / Joao Pessoa
EPI_ISL_2535015	2021-05-12	2021-06-15	South America / Brazil / Rio de Janeiro / Petropolis
EPI_ISL_2536345	2021-04-09	2021-06-15	South America / Brazil / Paraiba / Joao Pessoa
EPI_ISL_2536349	2021-03-28	2021-06-15	South America / Brazil / Paraiba / Joao Pessoa
EPI_ISL_2536340	2021-04-12	2021-06-15	South America / Brazil / Paraiba / Joao Pessoa
EPI_ISL_2535013	2021-05-14	2021-06-15	South America / Brazil / Rio de Janeiro / Macae
EPI_ISL_2535012	2021-05-13	2021-06-15	South America / Brazil / Rio de Janeiro / Petropolis
EPI_ISL_2536342	2021-04-07	2021-06-15	South America / Brazil / Paraiba / Joao Pessoa
EPI_ISL_2535011	2021-05-14	2021-06-15	South America / Brazil / Rio de Janeiro / Rio das Flores
EPI_ISL_2536341	2021-04-18	2021-06-15	South America / Brazil / Paraiba / Joao Pessoa
EPI_ISL_2535010	2021-05-14	2021-06-15	South America / Brazil / Rio de Janeiro / Rio das Flores
EPI_ISL_2536337	2021-04-18	2021-06-15	South America / Brazil / Paraiba / Joao Pessoa
EPI_ISL_2535006	2021-05-14	2021-06-15	South America / Brazil / Rio de Janeiro / Rio das Ostras
EPI_ISL_2536336	2021-04-11	2021-06-15	South America / Brazil / Paraiba / Joao Pessoa
EPI_ISL_2535005	2021-05-14	2021-06-15	South America / Brazil / Rio de Janeiro / Rio das Ostras
EPI_ISL_2536335	2021-04-08	2021-06-15	South America / Brazil / Paraiba / Joao Pessoa
EPI_ISL_2535004	2021-05-14	2021-06-15	South America / Brazil / Rio de Janeiro / Rio das Ostras
EPI_ISL_2536334	2021-04-06	2021-06-15	South America / Brazil / Paraiba / Joao Pessoa
EPI_ISL_2535003	2021-05-14	2021-06-15	South America / Brazil / Rio de Janeiro / Rio das Ostras
EPI_ISL_2535009	2021-05-14	2021-06-15	South America / Brazil / Rio de Janeiro / Cordeiro
EPI_ISL_2535008	2021-05-14	2021-06-15	South America / Brazil / Rio de Janeiro / Itaocara
EPI_ISL_2536339	2021-04-14	2021-06-15	South America / Brazil / Paraiba / Joao Pessoa
EPI_ISL_2535007	2021-05-14	2021-06-15	South America / Brazil / Rio de Janeiro / Sao joao da barra
EPI_ISL_2536338	2021-04-23	2021-06-15	South America / Brazil / Paraiba / Joao Pessoa
EPI_ISL_2536333	2021-03-26	2021-06-15	South America / Brazil / Paraiba / Joao Pessoa
EPI_ISL_2535002	2021-05-14	2021-06-15	South America / Brazil / Rio de Janeiro / Rio das Ostras
EPI_ISL_2536332	2021-03-28	2021-06-15	South America / Brazil / Paraiba / Joao Pessoa
EPI_ISL_2535001	2021-05-14	2021-06-15	South America / Brazil / Rio de Janeiro / Rio das Ostras
EPI_ISL_2536331	2021-03-30	2021-06-15	South America / Brazil / Paraiba / Joao Pessoa
EPI_ISL_2535000	2021-05-14	2021-06-15	South America / Brazil / Rio de Janeiro / Rio das Ostras
EPI_ISL_2536326	2021-03-30	2021-06-15	South America / Brazil / Paraiba / Joao Pessoa
EPI_ISL_2536325	2021-04-12	2021-06-15	South America / Brazil / Paraiba / Joao Pessoa
EPI_ISL_2536324	2021-03-10	2021-06-15	South America / Brazil / Paraiba / Joao Pessoa
EPI_ISL_2536323	2021-05-02	2021-06-15	South America / Brazil / Paraiba / Joao Pessoa
EPI_ISL_2536329	2021-03-30	2021-06-15	South America / Brazil / Paraiba / Joao Pessoa
EPI_ISL_2536322	2021-03-20	2021-06-15	South America / Brazil / Paraiba / Joao Pessoa
EPI_ISL_2536321	2021-03-19	2021-06-15	South America / Brazil / Paraiba / Joao Pessoa
EPI_ISL_2536320	2021-03-16	2021-06-15	South America / Brazil / Paraiba / Joao Pessoa
EPI_ISL_2536315	2021-02-26	2021-06-15	South America / Brazil / Paraiba / Joao Pessoa
EPI_ISL_2536314	2021-03-11	2021-06-15	South America / Brazil / Paraiba / Joao Pessoa
EPI_ISL_2536313	2021-03-19	2021-06-15	South America / Brazil / Paraiba / Joao Pessoa
EPI_ISL_2536312	2021-03-10	2021-06-15	South America / Brazil / Paraiba / Joao Pessoa
EPI_ISL_2536318	2021-03-12	2021-06-15	South America / Brazil / Paraiba / Joao Pessoa
EPI_ISL_2536317	2021-03-17	2021-06-15	South America / Brazil / Paraiba / Joao Pessoa
EPI_ISL_2536316	2021-03-17	2021-06-15	South America / Brazil / Paraiba / Joao Pessoa
EPI_ISL_2536310	2021-03-02	2021-06-15	South America / Brazil / Paraiba / Joao Pessoa
EPI_ISL_2536303	2021-02-09	2021-06-15	South America / Brazil / Paraiba / Joao Pessoa
EPI_ISL_2536302	2021-05-05	2021-06-15	South America / Brazil / Rio de Janeiro
EPI_ISL_2536301	2021-05-05	2021-06-15	South America / Brazil / Rio de Janeiro
EPI_ISL_2536308	2021-02-25	2021-06-15	South America / Brazil / Paraiba / Joao Pessoa
EPI_ISL_2536307	2021-02-23	2021-06-15	South America / Brazil / Paraiba / Joao Pessoa
EPI_ISL_2536306	2021-02-22	2021-06-15	South America / Brazil / Paraiba / Joao Pessoa
EPI_ISL_2536305	2021-02-16	2021-06-15	South America / Brazil / Paraiba / Joao Pessoa
EPI_ISL_2536309	2021-03-09	2021-06-15	South America / Brazil / Paraiba / Joao Pessoa
EPI_ISL_2536300	2021-05-04	2021-06-15	South America / Brazil / Rio de Janeiro
EPI_ISL_2536292	2021-05-11	2021-06-15	South America / Brazil / Rio de Janeiro
EPI_ISL_2536296	2021-05-11	2021-06-15	South America / Brazil / Rio de Janeiro
EPI_ISL_2536295	2021-05-11	2021-06-15	South America / Brazil / Rio de Janeiro
EPI_ISL_2536294	2021-05-10	2021-06-15	South America / Brazil / Rio de Janeiro
EPI_ISL_2536293	2021-05-10	2021-06-15	South America / Brazil / Rio de Janeiro
EPI_ISL_2536299	2021-05-04	2021-06-15	South America / Brazil / Rio de Janeiro
EPI_ISL_2536298	2021-05-14	2021-06-15	South America / Brazil / Rio de Janeiro
EPI_ISL_2536281	2021-05-17	2021-06-15	South America / Brazil / Rio de Janeiro / Casimiro de abreu
EPI_ISL_2536280	2021-05-17	2021-06-15	South America / Brazil / Rio de Janeiro / Casimiro de abreu
EPI_ISL_2536285	2021-05-17	2021-06-15	South America / Brazil / Rio de Janeiro / Casimiro de abreu
EPI_ISL_2536284	2021-05-17	2021-06-15	South America / Brazil / Rio de Janeiro / Casimiro de abreu
EPI_ISL_2536289	2021-05-14	2021-06-15	South America / Brazil / Rio de Janeiro
EPI_ISL_2536287	2021-05-12	2021-06-15	South America / Brazil / Rio de Janeiro
EPI_ISL_2536286	2021-05-17	2021-06-15	South America / Brazil / Rio de Janeiro / Casimiro de abreu
EPI_ISL_2536279	2021-05-17	2021-06-15	South America / Brazil / Rio de Janeiro / Casimiro de abreu
EPI_ISL_2536274	2021-04-08	2021-06-15	South America / Brazil / Rio de Janeiro
EPI_ISL_2536273	2021-04-06	2021-06-15	South America / Brazil / Rio de Janeiro
EPI_ISL_2536272	2021-04-06	2021-06-15	South America / Brazil / Rio de Janeiro
EPI_ISL_2536271	2021-03-23	2021-06-15	South America / Brazil / Rio de Janeiro
EPI_ISL_2536278	2021-05-17	2021-06-15	South America / Brazil / Rio de Janeiro / Casimiro de abreu
EPI_ISL_2536277	2021-05-17	2021-06-15	South America / Brazil / Rio de Janeiro / Casimiro de abreu
EPI_ISL_2536276	2021-05-07	2021-06-15	South America / Brazil / Rio de Janeiro
EPI_ISL_2536275	2021-05-05	2021-06-15	South America / Brazil / Rio de Janeiro
EPI_ISL_2536268	2021-02-01	2021-06-15	South America / Brazil / Rio Grande do Norte / Parnamirim
EPI_ISL_2536263	2021-04-30	2021-06-15	South America / Brazil / Santa Catarina / Criciuma
EPI_ISL_2536262	2021-03-29	2021-06-15	South America / Brazil / Santa Catarina / Mafra
EPI_ISL_2536261	2021-04-30	2021-06-15	South America / Brazil / Santa Catarina / Itaiopolis
EPI_ISL_2536260	2021-05-05	2021-06-15	South America / Brazil / Santa Catarina / Navegantes
EPI_ISL_2536266	2021-03-01	2021-06-15	South America / Brazil / Santa Catarina / Florianopolis
EPI_ISL_2536265	2021-03-01	2021-06-15	South America / Brazil / Santa Catarina / Florianopolis
EPI_ISL_2536264	2021-03-21	2021-06-15	South America / Brazil / Santa Catarina / Florianopolis
EPI_ISL_2536258	2021-05-07	2021-06-15	South America / Brazil / Santa Catarina / Navegantes
EPI_ISL_2536257	2021-04-26	2021-06-15	South America / Brazil / Santa Catarina / Jaguaruna
EPI_ISL_2536251	2021-04-29	2021-06-15	South America / Brazil / Santa Catarina / Camboriu
EPI_ISL_2536250	2021-05-07	2021-06-15	South America / Brazil / Santa Catarina / Treze de maio
EPI_ISL_2536256	2021-04-30	2021-06-15	South America / Brazil / Santa Catarina / Sao Francisco do Sul
EPI_ISL_2536254	2021-04-28	2021-06-15	South America / Brazil / Santa Catarina / Tubarao
EPI_ISL_2536253	2021-05-07	2021-06-15	South America / Brazil / Santa Catarina / Camboriu
EPI_ISL_2551530	2021-04-07	2021-06-16	South America / Brazil / Minas Gerais / Belo Horizonte
EPI_ISL_2551532	2021-04-19	2021-06-16	South America / Brazil / Sao Paulo / Sao Paulo
EPI_ISL_2551531	2021-04-09	2021-06-16	South America / Brazil / Sao Paulo / Sao Paulo
EPI_ISL_2557311	2021-05-01	2021-06-16	South America / Brazil / Alagoas / Arapiraca
EPI_ISL_2557312	2021-05-02	2021-06-16	South America / Brazil / Alagoas / Arapiraca
EPI_ISL_2557313	2021-05-03	2021-06-16	South America / Brazil / Alagoas / Barra de Sao Miguel
EPI_ISL_2557314	2021-05-07	2021-06-16	South America / Brazil / Alagoas / Capela
EPI_ISL_2557316	2021-04-30	2021-06-16	South America / Brazil / Alagoas / Maceio
EPI_ISL_2557318	2021-05-01	2021-06-16	South America / Brazil / Alagoas / Maceio
EPI_ISL_2557310	2021-05-01	2021-06-16	South America / Brazil / Alagoas / Arapiraca
EPI_ISL_2557322	2021-05-05	2021-06-16	South America / Brazil / Alagoas / Maceio
EPI_ISL_2557325	2021-05-05	2021-06-16	South America / Brazil / Alagoas / Maceio
EPI_ISL_2557326	2021-05-06	2021-06-16	South America / Brazil / Alagoas / Maceio
EPI_ISL_2557327	2021-05-06	2021-06-16	South America / Brazil / Alagoas / Maceio
EPI_ISL_2557328	2021-05-03	2021-06-16	South America / Brazil / Alagoas / Marechal Deodoro
EPI_ISL_2557329	2021-05-03	2021-06-16	South America / Brazil / Alagoas / Marechal Deodoro
EPI_ISL_2557320	2021-05-04	2021-06-16	South America / Brazil / Alagoas / Maceio
EPI_ISL_2557321	2021-05-04	2021-06-16	South America / Brazil / Alagoas / Maceio
EPI_ISL_2557333	2021-05-03	2021-06-16	South America / Brazil / Alagoas / Santana do Ipanema
EPI_ISL_2557337	2021-05-21	2021-06-16	South America / Brazil / Bahia / Cruz das Almas
EPI_ISL_2557338	2021-05-21	2021-06-16	South America / Brazil / Bahia / Salvador
EPI_ISL_2557339	2021-05-21	2021-06-16	South America / Brazil / Bahia / Santo Amaro
EPI_ISL_2557330	2021-05-04	2021-06-16	South America / Brazil / Alagoas / Murici
EPI_ISL_2557348	2021-03-22	2021-06-16	South America / Brazil / Minas Gerais / Divinopolis
EPI_ISL_2557356	2021-04-08	2021-06-16	South America / Brazil / Minas Gerais / Patos de Minas
EPI_ISL_2557359	2021-05-03	2021-06-16	South America / Brazil / Parana / Bituruna
EPI_ISL_2557354	2021-04-03	2021-06-16	South America / Brazil / Minas Gerais / Joao Pinheiro
EPI_ISL_2557366	2021-05-06	2021-06-16	South America / Brazil / Parana / Guarapuava
EPI_ISL_2557367	2021-05-03	2021-06-16	South America / Brazil / Parana / Guarapuava
EPI_ISL_2557368	2021-05-03	2021-06-16	South America / Brazil / Parana / Maringa
EPI_ISL_2557360	2021-05-04	2021-06-16	South America / Brazil / Parana / Campo Largo
EPI_ISL_2557363	2021-05-12	2021-06-16	South America / Brazil / Parana / Castro
EPI_ISL_2557365	2021-05-11	2021-06-16	South America / Brazil / Parana / Guarapuava
EPI_ISL_2557377	2021-04-22	2021-06-16	South America / Brazil / Rio de Janeiro / Iguaba Grande
EPI_ISL_2557378	2021-04-22	2021-06-16	South America / Brazil / Rio de Janeiro / Iguaba Grande
EPI_ISL_2557379	2021-04-27	2021-06-16	South America / Brazil / Rio de Janeiro / Iguaba Grande
EPI_ISL_2557371	2021-05-11	2021-06-16	South America / Brazil / Parana / Pinhao
EPI_ISL_2557373	2021-05-12	2021-06-16	South America / Brazil / Parana / Sao Jose dos Pinhais
EPI_ISL_2557374	2021-05-04	2021-06-16	South America / Brazil / Parana / Sao Jose dos Pinhais
EPI_ISL_2557375	2021-05-14	2021-06-16	South America / Brazil / Parana / Sarandi
EPI_ISL_2557376	2021-04-22	2021-06-16	South America / Brazil / Rio de Janeiro / Iguaba Grande
EPI_ISL_2557380	2021-05-21	2021-06-16	South America / Brazil / Rio de Janeiro / Iguaba Grande
EPI_ISL_2557381	2021-05-21	2021-06-16	South America / Brazil / Rio de Janeiro / Iguaba Grande
EPI_ISL_2557382	2021-05-21	2021-06-16	South America / Brazil / Rio de Janeiro / Iguaba Grande
EPI_ISL_2557383	2021-05-21	2021-06-16	South America / Brazil / Rio de Janeiro / Iguaba Grande
EPI_ISL_2557386	2021-02-08	2021-06-16	South America / Brazil / Rio de Janeiro / Rio de Janeiro
EPI_ISL_2488796	2021-03-22	2021-06-11	South America / Brazil / Para
EPI_ISL_2494323	2021-05-27	2021-06-11	South America / Brazil / Sao Paulo
EPI_ISL_2493518	2021-05-16	2021-06-11	South America / Brazil / Sao Paulo
EPI_ISL_2493521	2021-05-16	2021-06-11	South America / Brazil / Sao Paulo
EPI_ISL_2493553	2021-05-17	2021-06-11	South America / Brazil / Sao Paulo
EPI_ISL_2493557	2021-05-17	2021-06-11	South America / Brazil / Sao Paulo
EPI_ISL_2493559	2021-05-17	2021-06-11	South America / Brazil / Sao Paulo
EPI_ISL_2493569	2021-05-16	2021-06-11	South America / Brazil / Sao Paulo
EPI_ISL_2493584	2021-05-17	2021-06-11	South America / Brazil / Sao Paulo
EPI_ISL_2493586	2021-05-16	2021-06-11	South America / Brazil / Sao Paulo
EPI_ISL_2493644	2021-05-18	2021-06-11	South America / Brazil / Sao Paulo
EPI_ISL_2493841	2021-05-25	2021-06-11	South America / Brazil / Sao Paulo
EPI_ISL_2493965	2021-05-24	2021-06-11	South America / Brazil / Sao Paulo
EPI_ISL_2493999	2021-05-24	2021-06-11	South America / Brazil / Sao Paulo
EPI_ISL_2494106	2021-05-23	2021-06-11	South America / Brazil / Sao Paulo
EPI_ISL_2494116	2021-05-24	2021-06-11	South America / Brazil / Sao Paulo
EPI_ISL_2494192	2021-05-27	2021-06-11	South America / Brazil / Sao Paulo
EPI_ISL_2494193	2021-05-26	2021-06-11	South America / Brazil / Sao Paulo
EPI_ISL_2494243	2021-05-25	2021-06-11	South America / Brazil / Sao Paulo
EPI_ISL_2493613	2021-05-17	2021-06-11	South America / Brazil / Sao Paulo
EPI_ISL_2493677	2021-05-20	2021-06-11	South America / Brazil / Sao Paulo
EPI_ISL_2493763	2021-05-18	2021-06-11	South America / Brazil / Sao Paulo
EPI_ISL_2493784	2021-05-18	2021-06-11	South America / Brazil / Sao Paulo
EPI_ISL_2493793	2021-05-24	2021-06-11	South America / Brazil / Sao Paulo
EPI_ISL_2493853	2021-05-26	2021-06-11	South America / Brazil / Sao Paulo
EPI_ISL_2494003	2021-05-24	2021-06-11	South America / Brazil / Sao Paulo
EPI_ISL_2494258	2021-05-25	2021-06-11	South America / Brazil / Sao Paulo
EPI_ISL_2534927	2021-05-12	2021-06-15	South America / Brazil / Rio de Janeiro / Barra Mansa
EPI_ISL_2535141	2021-05-18	2021-06-15	South America / Brazil / Rio de Janeiro
EPI_ISL_2534868	2021-05-12	2021-06-15	South America / Brazil / Rio de Janeiro / Macae
EPI_ISL_2534893	2021-05-13	2021-06-15	South America / Brazil / Rio de Janeiro / Bom Jesus do Itabapoana
EPI_ISL_2534894	2021-05-11	2021-06-15	South America / Brazil / Rio de Janeiro / Cardoso Moreira
EPI_ISL_2534900	2021-05-13	2021-06-15	South America / Brazil / Rio de Janeiro / Rio das Flores
EPI_ISL_2534921	2021-05-13	2021-06-15	South America / Brazil / Rio de Janeiro / Tres Rios
EPI_ISL_2534918	2021-05-11	2021-06-15	South America / Brazil / Rio de Janeiro / Tres Rios
EPI_ISL_2534923	2021-05-13	2021-06-15	South America / Brazil / Rio de Janeiro / Tres Rios
EPI_ISL_2534925	2021-05-13	2021-06-15	South America / Brazil / Rio de Janeiro / Cabo Frio
EPI_ISL_2534931	2021-05-12	2021-06-15	South America / Brazil / Rio de Janeiro / Sao pedro da aldeia
EPI_ISL_2534933	2021-05-12	2021-06-15	South America / Brazil / Rio de Janeiro / Sao pedro da aldeia
EPI_ISL_2534941	2021-05-13	2021-06-15	South America / Brazil / Rio de Janeiro / Niteroi
EPI_ISL_2534944	2021-05-13	2021-06-15	South America / Brazil / Rio de Janeiro / Macae
EPI_ISL_2534946	2021-05-12	2021-06-15	South America / Brazil / Rio de Janeiro / Paracambi
EPI_ISL_2534947	2021-05-12	2021-06-15	South America / Brazil / Rio de Janeiro / Paracambi
EPI_ISL_2534950	2021-05-12	2021-06-15	South America / Brazil / Rio de Janeiro / Paracambi
EPI_ISL_2534951	2021-05-13	2021-06-15	South America / Brazil / Rio de Janeiro / Miguel Pereira
EPI_ISL_2534955	2021-05-13	2021-06-15	South America / Brazil / Rio de Janeiro / Miguel Pereira
EPI_ISL_2534957	2021-05-12	2021-06-15	South America / Brazil / Rio de Janeiro / Barra do Pirai
EPI_ISL_2535019	2021-05-13	2021-06-15	South America / Brazil / Rio de Janeiro / Conceicao de Macabu
EPI_ISL_2535029	2021-05-17	2021-06-15	South America / Brazil / Rio de Janeiro / Resende
EPI_ISL_2535027	2021-05-17	2021-06-15	South America / Brazil / Rio de Janeiro / Itatiaia
EPI_ISL_2535034	2021-05-18	2021-06-15	South America / Brazil / Rio de Janeiro / Mendes
EPI_ISL_2535037	2021-05-18	2021-06-15	South America / Brazil / Rio de Janeiro / Rio Claro
EPI_ISL_2535050	2021-05-17	2021-06-15	South America / Brazil / Rio de Janeiro / Paraiba do Sul
EPI_ISL_2535042	2021-05-17	2021-06-15	South America / Brazil / Minas Gerais / Alem paraiba
EPI_ISL_2535043	2021-05-17	2021-06-15	South America / Brazil / Rio de Janeiro / Macuco
EPI_ISL_2535044	2021-05-17	2021-06-15	South America / Brazil / Rio de Janeiro / Macuco
EPI_ISL_2535045	2021-05-17	2021-06-15	South America / Brazil / Rio de Janeiro / Miguel Pereira
EPI_ISL_2535046	2021-05-17	2021-06-15	South America / Brazil / Rio de Janeiro / Itatiaia
EPI_ISL_2535047	2021-05-17	2021-06-15	South America / Brazil / Rio de Janeiro / Itatiaia
EPI_ISL_2535052	2021-05-17	2021-06-15	South America / Brazil / Rio de Janeiro / Quatis
EPI_ISL_2535053	2021-05-14	2021-06-15	South America / Brazil / Rio de Janeiro / Porciuncula
EPI_ISL_2535054	2021-05-12	2021-06-15	South America / Brazil / Rio de Janeiro / Porciuncula
EPI_ISL_2535068	2021-05-14	2021-06-15	South America / Brazil / Rio de Janeiro / Porto Real
EPI_ISL_2535069	2021-05-14	2021-06-15	South America / Brazil / Rio de Janeiro / Porto Real
EPI_ISL_2535076	2021-05-17	2021-06-15	South America / Brazil / Rio de Janeiro / Casimiro de abreu
EPI_ISL_2534906	2021-05-13	2021-06-15	South America / Brazil / Rio de Janeiro / Rio Claro
EPI_ISL_2535080	2021-05-21	2021-06-15	South America / Brazil / Rio de Janeiro / Valenca
EPI_ISL_2535081	2021-05-21	2021-06-15	South America / Brazil / Rio de Janeiro / Valenca
EPI_ISL_2535082	2021-05-21	2021-06-15	South America / Brazil / Rio de Janeiro / Pirai
EPI_ISL_2535083	2021-05-22	2021-06-15	South America / Brazil / Rio de Janeiro / Pirai
EPI_ISL_2535099	2021-05-22	2021-06-15	South America / Brazil / Rio de Janeiro / Rio das Ostras
EPI_ISL_2535087	2021-05-24	2021-06-15	South America / Brazil / Rio de Janeiro / Trajano de Moraes
EPI_ISL_2535091	2021-05-20	2021-06-15	South America / Brazil / Rio de Janeiro / Volta Redonda
EPI_ISL_2535092	2021-05-20	2021-06-15	South America / Brazil / Rio de Janeiro / Volta Redonda
EPI_ISL_2535093	2021-05-20	2021-06-15	South America / Brazil / Rio de Janeiro / Volta Redonda
EPI_ISL_2535095	2021-05-20	2021-06-15	South America / Brazil / Rio de Janeiro / Volta Redonda
EPI_ISL_2535097	2021-05-20	2021-06-15	South America / Brazil / Rio de Janeiro / Volta Redonda
EPI_ISL_2535108	2021-05-24	2021-06-15	South America / Brazil / Rio de Janeiro / Cantagalo
EPI_ISL_2535143	2021-05-18	2021-06-15	South America / Brazil / Rio de Janeiro
EPI_ISL_2535155	2021-05-17	2021-06-15	South America / Brazil / Rio de Janeiro
EPI_ISL_2535158	2021-05-17	2021-06-15	South America / Brazil / Rio de Janeiro
EPI_ISL_2535164	2021-05-17	2021-06-15	South America / Brazil / Rio de Janeiro
EPI_ISL_2535166	2021-05-18	2021-06-15	South America / Brazil / Rio de Janeiro
EPI_ISL_2535209	2021-05-18	2021-06-15	South America / Brazil / Rio de Janeiro / Queimados
EPI_ISL_2535216	2021-05-14	2021-06-15	South America / Brazil / Rio de Janeiro / Rio Bonito
EPI_ISL_2535221	2021-05-17	2021-06-15	South America / Brazil / Rio de Janeiro / Sao Joao de Meriti
EPI_ISL_2535225	2021-05-17	2021-06-15	South America / Brazil / Rio de Janeiro / Seropedica
EPI_ISL_2535226	2021-05-18	2021-06-15	South America / Brazil / Rio de Janeiro / Nova Iguacu
EPI_ISL_2535228	2021-05-13	2021-06-15	South America / Brazil / Rio de Janeiro / Rio Bonito
EPI_ISL_2535231	2021-05-14	2021-06-15	South America / Brazil / Rio de Janeiro / Silva Jardim
EPI_ISL_2535233	2021-05-15	2021-06-15	South America / Brazil / Rio de Janeiro / Silva Jardim
EPI_ISL_2535235	2021-05-17	2021-06-15	South America / Brazil / Rio de Janeiro / Duque de Caxias
EPI_ISL_2536343	2021-04-04	2021-06-15	South America / Brazil / Paraiba / Joao Pessoa
EPI_ISL_2536227	2021-05-10	2021-06-15	South America / Brazil / Santa Catarina / Itaiopolis
EPI_ISL_2536242	2021-04-25	2021-06-15	South America / Brazil / Santa Catarina / Lages
EPI_ISL_2536244	2021-04-26	2021-06-15	South America / Brazil / Santa Catarina / Campo belo do sul
EPI_ISL_2536247	2021-04-28	2021-06-15	South America / Brazil / Santa Catarina / Rio rufino
EPI_ISL_2536252	2021-04-28	2021-06-15	South America / Brazil / Santa Catarina / Braco do Norte
EPI_ISL_2536255	2021-04-30	2021-06-15	South America / Brazil / Santa Catarina / Campo alegre
EPI_ISL_2536259	2021-05-12	2021-06-15	South America / Brazil / Santa Catarina / Camboriu
EPI_ISL_2536283	2021-05-17	2021-06-15	South America / Brazil / Rio de Janeiro / Casimiro de abreu
EPI_ISL_2536288	2021-05-14	2021-06-15	South America / Brazil / Rio de Janeiro
EPI_ISL_2536290	2021-05-10	2021-06-15	South America / Brazil / Rio de Janeiro
EPI_ISL_2536304	2021-02-21	2021-06-15	South America / Brazil / Paraiba / Joao Pessoa
EPI_ISL_2536328	2021-03-29	2021-06-15	South America / Brazil / Paraiba / Joao Pessoa
EPI_ISL_2536344	2021-04-26	2021-06-15	South America / Brazil / Paraiba / Joao Pessoa
EPI_ISL_2536347	2021-03-31	2021-06-15	South America / Brazil / Paraiba / Joao Pessoa
EPI_ISL_2536232	2021-05-12	2021-06-15	South America / Brazil / Santa Catarina / Canelinha
EPI_ISL_2544864	2021-01-26	2021-06-15	South America / Brazil / Sao Paulo / Sao Jose do Rio Preto
EPI_ISL_2551523	2021-04-07	2021-06-16	South America / Brazil / Minas Gerais / Belo Horizonte
EPI_ISL_2551524	2021-04-07	2021-06-16	South America / Brazil / Minas Gerais / Belo Horizonte
EPI_ISL_2557315	2021-05-03	2021-06-16	South America / Brazil / Alagoas / Cha Preta
EPI_ISL_2557317	2021-05-01	2021-06-16	South America / Brazil / Alagoas / Maceio
EPI_ISL_2557324	2021-05-05	2021-06-16	South America / Brazil / Alagoas / Maceio
EPI_ISL_2557332	2021-04-30	2021-06-16	South America / Brazil / Alagoas / Santana do Ipanema
EPI_ISL_2557331	2021-05-04	2021-06-16	South America / Brazil / Alagoas / Santa Luzia do Norte
EPI_ISL_2557364	2021-05-14	2021-06-16	South America / Brazil / Parana / Cianorte
EPI_ISL_2557362	2021-05-20	2021-06-16	South America / Brazil / Parana / Cascavel
EPI_ISL_2557369	2021-05-05	2021-06-16	South America / Brazil / Parana / Paranavai
EPI_ISL_2557361	2021-05-06	2021-06-16	South America / Brazil / Parana / Campo Mourao
EPI_ISL_2536245	2021-05-11	2021-06-15	South America / Brazil / Santa Catarina / Laguna
EPI_ISL_2535033	2021-05-17	2021-06-15	South America / Brazil / Rio de Janeiro / Aperibe
EPI_ISL_2536351	2021-03-26	2021-06-15	South America / Brazil / Paraiba / Joao Pessoa
EPI_ISL_2535023	2021-05-14	2021-06-15	South America / Brazil / Rio de Janeiro / Sao joao da barra
EPI_ISL_2535210	2021-05-18	2021-06-15	South America / Brazil / Rio de Janeiro / Queimados
EPI_ISL_2536291	2021-05-11	2021-06-15	South America / Brazil / Rio de Janeiro
EPI_ISL_2536282	2021-05-17	2021-06-15	South America / Brazil / Rio de Janeiro / Casimiro de abreu
EPI_ISL_2535055	2021-05-12	2021-06-15	South America / Brazil / Rio de Janeiro / Porciuncula
EPI_ISL_2493775	2021-05-18	2021-06-11	South America / Brazil / Sao Paulo
EPI_ISL_2494240	2021-05-25	2021-06-11	South America / Brazil / Sao Paulo
EPI_ISL_2493351	2021-05-20	2021-06-11	South America / Brazil / Sao Paulo
EPI_ISL_2494330	2021-05-25	2021-06-11	South America / Brazil / Sao Paulo
EPI_ISL_2494089	2021-05-25	2021-06-11	South America / Brazil / Sao Paulo
EPI_ISL_2488784	2021-02-25	2021-06-11	South America / Brazil / Roraima
EPI_ISL_2493192	2021-05-18	2021-06-11	South America / Brazil / Sao Paulo
EPI_ISL_2494170	2021-05-24	2021-06-11	South America / Brazil / Sao Paulo
EPI_ISL_2493834	2021-05-25	2021-06-11	South America / Brazil / Sao Paulo
EPI_ISL_2493703	2021-05-20	2021-06-11	South America / Brazil / Sao Paulo
EPI_ISL_2493726	2021-05-14	2021-06-11	South America / Brazil / Sao Paulo
EPI_ISL_2493800	2021-05-24	2021-06-11	South America / Brazil / Sao Paulo
EPI_ISL_2494325	2021-05-27	2021-06-11	South America / Brazil / Sao Paulo
EPI_ISL_2494286	2021-05-11	2021-06-11	South America / Brazil / Sao Paulo
EPI_ISL_2494287	2021-05-11	2021-06-11	South America / Brazil / Sao Paulo
EPI_ISL_2488794	2021-02-23	2021-06-11	South America / Brazil / Amapa
EPI_ISL_2491702	2021-02-17	2021-06-11	South America / Brazil / Bahia / Salvador
EPI_ISL_2493175	2021-05-23	2021-06-11	South America / Brazil / Sao Paulo
EPI_ISL_2493484	2021-05-16	2021-06-11	South America / Brazil / Sao Paulo
EPI_ISL_2493159	2021-05-24	2021-06-11	South America / Brazil / Sao Paulo
EPI_ISL_2493168	2021-05-20	2021-06-11	South America / Brazil / Sao Paulo
EPI_ISL_2493278	2021-05-19	2021-06-11	South America / Brazil / Sao Paulo
EPI_ISL_2493284	2021-05-26	2021-06-11	South America / Brazil / Sao Paulo
EPI_ISL_2493307	2021-05-17	2021-06-11	South America / Brazil / Sao Paulo
EPI_ISL_2493359	2021-05-20	2021-06-11	South America / Brazil / Sao Paulo
EPI_ISL_2493392	2021-05-17	2021-06-11	South America / Brazil / Sao Paulo
EPI_ISL_2493423	2021-05-19	2021-06-11	South America / Brazil / Sao Paulo
EPI_ISL_2493425	2021-05-19	2021-06-11	South America / Brazil / Sao Paulo
EPI_ISL_2493441	2021-05-08	2021-06-11	South America / Brazil / Sao Paulo
EPI_ISL_2493178	2021-05-17	2021-06-11	South America / Brazil / Sao Paulo
EPI_ISL_2493438	2021-05-19	2021-06-11	South America / Brazil / Sao Paulo
EPI_ISL_2493483	2021-05-16	2021-06-11	South America / Brazil / Sao Paulo
EPI_ISL_2493488	2021-05-16	2021-06-11	South America / Brazil / Sao Paulo
EPI_ISL_2493796	2021-05-24	2021-06-11	South America / Brazil / Sao Paulo
EPI_ISL_2493545	2021-05-17	2021-06-11	South America / Brazil / Sao Paulo
EPI_ISL_2493817	2021-05-24	2021-06-11	South America / Brazil / Sao Paulo
EPI_ISL_2493845	2021-05-26	2021-06-11	South America / Brazil / Sao Paulo
EPI_ISL_2493871	2021-05-26	2021-06-11	South America / Brazil / Sao Paulo
EPI_ISL_2493901	2021-05-27	2021-06-11	South America / Brazil / Sao Paulo
EPI_ISL_2493981	2021-05-22	2021-06-11	South America / Brazil / Sao Paulo
EPI_ISL_2494071	2021-05-24	2021-06-11	South America / Brazil / Sao Paulo
EPI_ISL_2494204	2021-05-25	2021-06-11	South America / Brazil / Sao Paulo
EPI_ISL_2493751	2021-05-18	2021-06-11	South America / Brazil / Sao Paulo
EPI_ISL_2534971	2021-05-14	2021-06-15	South America / Brazil / Rio de Janeiro / Quissama
EPI_ISL_2535014	2021-05-13	2021-06-15	South America / Brazil / Rio de Janeiro / Petropolis
EPI_ISL_2535121	2021-05-18	2021-06-15	South America / Brazil / Rio de Janeiro
EPI_ISL_2535132	2021-05-17	2021-06-15	South America / Brazil / Rio de Janeiro
EPI_ISL_2535136	2021-05-17	2021-06-15	South America / Brazil / Rio de Janeiro
EPI_ISL_2535168	2021-05-18	2021-06-15	South America / Brazil / Rio de Janeiro
EPI_ISL_2535173	2021-05-18	2021-06-15	South America / Brazil / Rio de Janeiro / Duque de Caxias
EPI_ISL_2535219	2021-05-15	2021-06-15	South America / Brazil / Rio de Janeiro
EPI_ISL_2535230	2021-05-16	2021-06-15	South America / Brazil / Rio de Janeiro / Silva Jardim
EPI_ISL_2536241	2021-04-28	2021-06-15	South America / Brazil / Santa Catarina / Sao bento do sul
EPI_ISL_2536297	2021-05-11	2021-06-15	South America / Brazil / Rio de Janeiro
EPI_ISL_2536319	2021-02-21	2021-06-15	South America / Brazil / Paraiba / Joao Pessoa
EPI_ISL_2536348	2021-03-31	2021-06-15	South America / Brazil / Paraiba / Joao Pessoa
EPI_ISL_2536354	2021-04-20	2021-06-15	South America / Brazil / Para / Breves
EPI_ISL_2488774	2021-01-14	2021-06-11	South America / Brazil / Amazonas
EPI_ISL_2488779	2021-02-22	2021-06-11	South America / Brazil / Pernambuco
EPI_ISL_2488799	2021-03-03	2021-06-11	South America / Brazil / Ceara
EPI_ISL_2557336	2021-04-30	2021-06-16	South America / Brazil / Alagoas / Vicosa
EPI_ISL_2557384	2021-04-21	2021-06-16	South America / Brazil / Rio de Janeiro / Petropolis
EPI_ISL_2488815	2021-05-19	2021-06-11	South America / Brazil / Para
